40
0.110578936942 0.065309734793 0.102922334335 0.187838769987 0.126255379542 0.0301615681032 0.136929250297 0.0248803539628 0.0566217234647 0.0560151075184 0.155431064381 0.0315903614714 0.106465020668 0.0584521455196 0.0723018126246 -0.00305157485537 0.037281538924 0.0601344650096 0.0807794462486 0.0321720089654 0.0367129888202 0.0615160923796 0.0798623823862 0.070293401022 0.0335790413719 0.0360508970818 0.0262084488718 0.0413299620627 0.0657027666716 0.0755027876102 0.114977551813 0.0307338128464 0.0785253906611 0.0621428512979 0.0842142990337 0.0521298167044 0.0493061267197 0.134360436546 0.00792878112812 0.0213104348082 
0.833810904531 -0.00678077694317 0.0338131842356 0.0255506141098 0.0320636786681 -0.00293463874123 -0.00297037893767 0.0165929223196 0.00176013264056 0.00729421540366 -0.0200597877648 0.012649093353 0.0118718490602 0.0451710599522 0.028386662168 0.000556095578049 0.0465643673115 0.00927296016413 0.0276636225425 0.0221317858132 0.041517278308 0.0111295906673 0.0108222163701 -0.0410949673727 0.0341198088725 0.00891155194733 0.0168430833864 0.00650035843623 0.0685190865898 -0.00407661205672 0.0286284075239 -0.00620648889225 0.0201918241742 0.00300635318206 0.105931435116 0.0151700932174 0.0341048162705 0.0191264820169 0.0207269913442 0.0180871853908 
-0.00678077694317 0.302595855083 0.0630906123912 0.0260486743491 0.0313618020823 0.00590118037129 0.0703253948097 0.0193549386546 0.0143144281358 0.00568245930121 -0.00733954962978 0.0116226767932 0.0184345433993 -0.0184316062426 0.0534465570137 0.043080765815 -0.0105134654609 0.0115422414218 0.0143497545251 0.0140299845845 0.0151599104824 0.0153719586038 0.0160487796734 0.00693808075729 0.00431277234795 0.011151271888 0.00819100553351 0.00172231292297 0.00433938174791 0.00671888838055 0.0141057153723 0.00595722526731 0.0100716099333 0.00136445777 0.0532944533909 0.012461857354 0.0336104529417 -0.000676155983032 0.0209085358327 0.0155574156013 
0.0338131842356 0.0630906123912 0.358295786118 -0.00209116655041 0.000446752662807 0.00603431688108 0.000626617545678 0.00901778017753 0.0103467104496 0.0211426610789 -0.0132881848519 0.0215295836879 0.0150981405337 0.0169660721104 0.0288915807666 0.0345500458693 0.0285200045868 0.0606450895936 0.0071361978284 0.0187532208392 0.0265364108512 0.027859423334 0.00605411121373 0.00803246238417 0.035865683906 0.0141067060414 0.0473267862834 0.0120675325388 0.0050759100781 0.0277308097588 0.00851609432528 0.0223471514237 0.0636552584878 0.0104332419515 0.00273223510862 0.0278227439965 0.000212556400958 0.00843365541112 0.0132713045467 0.0145504813548 
0.0255506141098 0.0260486743491 -0.00209116655041 0.615889372207 0.0391832033048 0.0392226492996 0.0670105696595 0.0112018673296 0.04490841399 0.0109138313998 0.040752498299 0.0323315400498 0.0247855306581 0.038077445137 -0.0107329567316 -0.00892006755973 -0.00871265442196 -0.0381076569598 0.00108639070964 0.0155487323337 0.0082012134287 0.00272453049068 0.165793452597 0.0627160522095 -0.011398533879 0.0102335177414 0.0207671871451 -0.0130404095838 0.00378392245884 -0.0234101050875 0.0190355633794 0.00618915911771 0.00194787224308 0.0285039266726 0.0172988673929 0.0058649484699 0.0299088857369 0.127399197742 0.0382909613298 0.0117798355995 
0.0320636786681 0.0313618020823 0.000446752662807 0.0391832033048 0.505183049652 0.0323322718131 0.0692504950666 0.00400562636761 0.0111727667027 0.0356501442006 0.0284715156516 0.0282837275587 0.0365310433085 0.0291696576556 0.0328489183048 0.0173763880957 0.068832447653 -0.0108600902941 0.0839333336604 0.0132560723211 0.0280226670797 0.0312003894432 0.00644928147835 0.0384033442089 0.0261052540141 0.029603033541 -0.00683109093784 -0.00979850461223 0.0125595302579 0.0768138318689 0.0130605336785 0.0107198325222 0.0576484689583 0.0255751843868 0.0514420475753 0.00645541056292 0.0158624420879 -0.0148815833207 0.0036017268469 0.0687115902369 
-0.00293463874123 0.00590118037129 0.00603431688108 0.0392226492996 0.0323322718131 0.205655696398 0.00515376480303 0.0155038072441 0.0620497552287 0.0149357553433 0.0235993838989 0.0648754775489 0.0313449804072 0.0236122409069 0.0142335986231 0.0217949962563 0.0388004033961 -0.000926654504209 -0.019890357171 0.0118036497512 0.00655454455301 0.025095500409 0.0117326360244 0.0239314802046 0.00956695157985 0.0215779824376 0.0457729138021 0.00978440743696 0.0240240653957 0.0171659340514 0.0365020059292 0.0158802922619 0.0138780267817 0.0273176636275 -0.000126555510174 0.0307582700812 0.0239443325373 0.0265931393414 0.0111591987705 0.0249390854712 
-0.00297037893767 0.0703253948097 0.000626617545678 0.0670105696595 0.0692504950666 0.00515376480303 0.639278630674 0.0272787371942 0.0431459441418 0.0326028260798 0.235323291666 0.0267352794561 0.0143836901438 0.0191818425035 0.0199245986136 0.0436456626578 0.0403125008921 -0.00461005881819 0.00126552357113 0.0284446550529 0.0478740284711 0.0210929718357 0.00558597435772 0.0388392222518 0.00348545242789 0.0217593566264 0.00984491421289 0.0372457705255 -0.000766718137219 0.012876291949 -0.0185466877072 -3.67292287878e-05 0.0415835415908 -0.00848452787357 -0.00286370756021 0.0199885496185 0.035288639791 0.00820375674265 0.0209034554006 0.0393324459867 
0.0165929223196 0.0193549386546 0.00901778017753 0.0112018673296 0.00400562636761 0.0155038072441 0.0272787371942 0.244514631012 0.0387284513873 0.00873115297384 0.00742126347453 0.00259299388166 0.00765555616612 0.0215790487655 0.0542750523571 0.0216583763576 0.000179812153374 0.0050465364781 0.0127962357811 0.018320846201 0.0412811958973 0.0158926442981 -0.00153373935318 0.030543366132 0.00957531353336 0.0288969939596 0.0175415671749 0.022771934957 0.0123845990908 -0.0203207552598 0.00672723834677 0.0281648239018 0.00997810285827 0.00609427812416 0.0136334474944 0.0168226513923 0.013890220745 0.0255733732734 0.000104088996894 0.00542011280421 
0.00176013264056 0.0143144281358 0.0103467104496 0.04490841399 0.0111727667027 0.0620497552287 0.0431459441418 0.0387284513873 0.163232572697 0.0271700445354 0.0229167435342 0.0709511765168 0.0189514557483 0.0298474380154 0.0188709656786 0.0246087628787 0.0307046408004 -0.00452620946358 0.00186820873853 0.00338620793966 0.0197861424204 0.029446455845 0.0246573026156 0.016978706223 0.00664280782346 0.0268991920372 0.0365281999888 0.0387938424879 0.0282226530689 0.0227400668996 0.0291632194238 0.0245351340915 0.031292871931 0.0341848818579 0.00825715777888 0.0256152210578 0.0101852763771 0.0352350933602 0.00268441459072 0.0217263573726 
0.00729421540366 0.00568245930121 0.0211426610789 0.0109138313998 0.0356501442006 0.0149357553433 0.0326028260798 0.00873115297384 0.0271700445354 0.357381749681 0.0215304401828 0.0356169351731 0.0270396746837 -0.00842806911122 0.0277202704359 0.0112971126572 0.000630254059273 -0.00544293982085 -0.0129954577055 0.0231736924161 0.00293219807393 0.000986009057741 0.017829851328 0.00844472502067 -0.0223853561975 0.0241369651231 0.0212751026125 0.000292440813688 0.0011335653161 -0.0170629912097 0.00833862090569 -0.00555176136256 -0.00696293142263 0.037132050999 -0.00486033374708 0.00527422186692 -0.00438691686504 0.0362610550756 0.000677974453078 -0.00111941667059 
-0.0200597877648 -0.00733954962978 -0.0132881848519 0.040752498299 0.0284715156516 0.0235993838989 0.235323291666 0.00742126347453 0.0229167435342 0.0215304401828 0.664767938519 0.025450129837 0.0122615587961 0.0148414568638 -0.00138358669113 0.0056214803457 0.0380658918778 0.0169921885714 0.0729348259883 0.0198246316893 0.0312465450835 0.00941324439676 -0.00011742055797 0.0281664895588 0.00332556362936 0.0189706767207 0.00577486647347 -0.000884142584673 0.0294105942056 -0.00229186288709 0.037289838499 0.00951603959143 0.0299018839975 0.00821242367201 -0.00307200093498 0.00213968041571 0.011876614577 -0.0267778104789 0.0204146857036 0.033736138136 
0.012649093353 0.0116226767932 0.0215295836879 0.0323315400498 0.0282837275587 0.0648754775489 0.0267352794561 0.00259299388166 0.0709511765168 0.0356169351731 0.025450129837 0.138109043088 0.0190985380505 0.0114030656333 0.00758719280053 0.0149936624199 0.0230003219067 0.0113451552166 -0.00333019927795 0.0128752712689 -0.00129901459283 0.0368926665583 0.0246633249505 0.00763989050395 0.0113821115224 0.0264764463759 0.0260268155401 0.00979399784533 0.0203815550048 0.0230584460173 0.0175677134936 0.0201345641408 0.0318639272983 0.0321189480509 0.0132783199829 0.0302890891367 0.00721549512286 0.0263968058759 0.0151333365854 0.0187630887055 
0.0118718490602 0.0184345433993 0.0150981405337 0.0247855306581 0.0365310433085 0.0313449804072 0.0143836901438 0.00765555616612 0.0189514557483 0.0270396746837 0.0122615587961 0.0190985380505 0.257693716178 0.0235743972909 0.0413536489757 0.01678373342 0.0324869064389 0.00642851949851 0.00839886947563 0.0168275174992 0.0173012119755 0.0368378531709 -0.00419173659968 0.0186736648987 0.014764428381 0.0280699374038 0.0306649322983 0.00695860681881 0.028960364859 0.0161372328278 0.0334322218021 0.0113215454591 0.0108424262045 0.0469433765828 0.0260955120483 0.0120050635283 0.00633359224559 0.0338711222098 0.00961326879805 0.00802267154613 
0.0451710599522 -0.0184316062426 0.0169660721104 0.038077445137 0.0291696576556 0.0236122409069 0.0191818425035 0.0215790487655 0.0298474380154 -0.00842806911122 0.0148414568638 0.0114030656333 0.0235743972909 0.32896865839 0.0117907626866 0.0210641896328 0.00434257582363 0.00543658860664 -0.00145557917723 0.0300432796601 0.0158344797377 -0.000173530670341 0.0418536595073 0.0126649168811 0.00437760456013 0.0120725763149 0.0514887456609 -0.00565087518299 0.0232909587618 -0.0060241243492 0.0350044152655 0.0299499904962 0.00510485358599 0.0206158123496 0.0165129166218 0.00386381431998 0.00621780083957 0.00934860209306 -0.00051426484559 0.0168470939198 
0.028386662168 0.0534465570137 0.0288915807666 -0.0107329567316 0.0328489183048 0.0142335986231 0.0199245986136 0.0542750523571 0.0188709656786 0.0277202704359 -0.00138358669113 0.00758719280053 0.0413536489757 0.0117907626866 0.447648389069 0.0303146393592 0.0409406543778 0.0467195029754 0.0135429043166 0.0755817144632 0.0699266497697 0.0413339308958 0.045867719271 -0.0015913093594 0.022835577747 0.0297758892548 0.0782258734609 0.0524140048842 0.0229470221825 0.034105633264 -0.00390002618979 0.00501862892446 0.0103169028826 0.0233398662141 0.010101757993 0.033254418468 0.000812424555133 0.0155340261614 0.00327558916856 0.0305990808428 
0.000556095578049 0.043080765815 0.0345500458693 -0.00892006755973 0.0173763880957 0.0217949962563 0.0436456626578 0.0216583763576 0.0246087628787 0.0112971126572 0.0056214803457 0.0149936624199 0.01678373342 0.0210641896328 0.0303146393592 0.204877361579 0.00808106555391 0.0170824428554 0.021395592235 -0.000358173757454 0.0269439573586 0.00442843937922 -0.00264509205676 0.0181272848589 0.036099729418 0.0317483221754 0.0285551616064 0.0161029427285 -0.00870328254323 -0.000112932209825 -0.0171488593057 -0.000369249113034 0.0336701381415 0.00620183815435 0.0364576169513 0.00158593919257 0.0153192170538 0.0366321182089 0.0175360644557 0.0282535442117 
0.0465643673115 -0.0105134654609 0.0285200045868 -0.00871265442196 0.068832447653 0.0388004033961 0.0403125008921 0.000179812153373 0.0307046408004 0.000630254059273 0.0380658918778 0.0230003219067 0.0324869064389 0.00434257582363 0.0409406543778 0.00808106555391 0.375056377848 0.00962344584277 0.00784422011683 0.0111811828271 0.0266401094699 0.0101810185991 0.00315120813366 0.0117728689961 0.0148044682125 0.0246238917041 0.00892804232003 0.00027342630679 0.0205049945179 0.0057485335882 0.037582507021 0.0265125985343 0.0414023715982 0.0432940952546 -0.00572903395141 -0.0085505438646 0.00912461111616 0.00401775970572 0.0191982727439 0.0256346686971 
0.00927296016413 0.0115422414218 0.0606450895936 -0.0381076569598 -0.0108600902941 -0.00092665450421 -0.00461005881819 0.0050465364781 -0.00452620946358 -0.00544293982085 0.0169921885714 0.0113451552166 0.00642851949851 0.00543658860664 0.0467195029754 0.0170824428554 0.00962344584277 0.284089551061 0.000553325610554 0.019614990825 0.0202911494479 0.0282988452052 -0.0176132342161 0.00564552669412 0.0229795322945 0.00252058953122 0.027506074167 0.0215944423458 0.00385256284212 0.00770270140046 0.0046280567256 0.0312637293356 0.0323926455183 0.0258663508478 -0.0188760471703 0.0205766276439 0.00033840396174 -0.00467772649686 -0.00324501473404 0.00449518922247 
0.0276636225425 0.0143497545251 0.0071361978284 0.00108639070964 0.0839333336604 -0.019890357171 0.00126552357113 0.0127962357811 0.00186820873854 -0.0129954577055 0.0729348259883 -0.00333019927795 0.00839886947563 -0.00145557917723 0.0135429043166 0.021395592235 0.00784422011683 0.000553325610555 0.490599588576 0.00988183060605 0.00244466857723 0.0122744448709 0.0272226995983 -0.0144015321393 0.0109831352506 -0.00598480513788 0.0104852513747 0.0257933331137 0.0333923496759 0.0206207546033 0.000470440286592 0.0131074323115 0.00308245684479 0.016290389195 0.0235136097886 -0.0179966857853 -0.00179637368499 0.0118987465233 0.00691467139824 0.0177472400278 
0.0221317858132 0.0140299845845 0.0187532208392 0.0155487323337 0.0132560723211 0.0118036497512 0.0284446550529 0.018320846201 0.00338620793966 0.0231736924161 0.0198246316893 0.0128752712689 0.0168275174992 0.0300432796601 0.0755817144632 -0.000358173757453 0.0111811828271 0.019614990825 0.00988183060605 0.137909478917 0.0283731343586 0.0189597155624 0.00160038873417 0.0137895376171 0.00582331684547 0.0234891761789 0.0223079430351 0.0309335380742 0.0142971402815 0.0137724403091 0.0229113619491 0.0080259593947 0.0123496571761 0.0182219572565 0.0112475471191 0.0208593226157 0.0125100653635 0.00525826569451 0.0274462046956 0.0125178463463 
0.041517278308 0.0151599104824 0.0265364108512 0.0082012134287 0.0280226670797 0.00655454455301 0.0478740284711 0.0412811958973 0.0197861424204 0.00293219807393 0.0312465450835 -0.00129901459283 0.0173012119755 0.0158344797377 0.0699266497697 0.0269439573586 0.0266401094699 0.0202911494479 0.00244466857723 0.0283731343586 0.278152355902 0.0285069249354 0.0194297716387 0.0420646582587 0.0278322084935 0.0414910962073 0.0514760608636 0.0113646381289 0.0414758005013 0.00610157956147 0.00320717967698 0.0277440162942 0.0344195408156 0.017257121987 0.0207042460133 0.0194932390573 0.00914634621736 -0.00381096186751 0.0024972719493 0.0100182852746 
0.0111295906673 0.0153719586038 0.027859423334 0.00272453049067 0.0312003894432 0.025095500409 0.0210929718357 0.0158926442981 0.029446455845 0.000986009057741 0.00941324439676 0.0368926665583 0.0368378531709 -0.000173530670341 0.0413339308958 0.00442843937922 0.0101810185991 0.0282988452052 0.0122744448709 0.0189597155624 0.0285069249354 0.180973264846 0.0113679733135 0.00487090864345 0.0217119513242 0.0257339417554 0.00384862956702 0.0244927891478 0.0152237155268 0.0220330184868 0.0127115098824 0.0079102877546 0.0326194814443 0.0426456402849 0.0348215156381 0.0281715974151 0.0359969878146 0.00883668679555 -0.000219386730876 0.0089440065932 
0.0108222163701 0.0160487796734 0.00605411121373 0.165793452597 0.00644928147835 0.0117326360244 0.00558597435771 -0.00153373935317 0.0246573026156 0.017829851328 -0.00011742055797 0.0246633249505 -0.00419173659969 0.0418536595073 0.045867719271 -0.00264509205677 0.00315120813366 -0.0176132342161 0.0272226995983 0.00160038873417 0.0194297716387 0.0113679733135 0.391303101298 0.0139826948657 0.00328949713417 0.00994827479163 0.0365677172481 -0.0118265088037 0.000627416292624 -0.0146315690232 0.0381329278009 0.00703502507208 0.0189618226205 0.0128517741181 0.0231756859357 -0.00365728281354 0.0219040108968 0.0525200227148 0.00577672496664 -0.0150261662668 
-0.0410949673727 0.00693808075729 0.00803246238417 0.0627160522095 0.0384033442089 0.0239314802046 0.0388392222518 0.030543366132 0.016978706223 0.00844472502067 0.0281664895588 0.00763989050395 0.0186736648987 0.0126649168811 -0.0015913093594 0.0181272848589 0.0117728689961 0.00564552669412 -0.0144015321393 0.0137895376171 0.0420646582587 0.00487090864345 0.0139826948657 0.325458549483 0.00302042622502 -0.00145533886223 0.0216899945923 0.0179949897847 0.0085257154858 0.0300582253091 0.0172967561134 0.0188847251918 0.0305041414877 0.0168603704603 0.019404063142 0.00749684966844 -0.00897700176831 0.0302996921591 0.0176584336145 0.0224720500917 
0.0341198088725 0.00431277234795 0.035865683906 -0.011398533879 0.0261052540141 0.00956695157985 0.00348545242789 0.00957531353336 0.00664280782346 -0.0223853561975 0.00332556362936 0.0113821115224 0.014764428381 0.00437760456013 0.022835577747 0.036099729418 0.0148044682125 0.0229795322945 0.0109831352506 0.00582331684547 0.0278322084935 0.0217119513242 0.00328949713417 0.00302042622502 0.235848154896 0.00303401742278 0.0242959347097 -0.0190254809078 0.0215826812892 0.0411581096706 0.0241699082487 0.0182143574292 0.0191617032641 0.018704809904 0.0197649235548 0.00302743054568 0.020840647572 -0.00735784539366 0.000815767322952 0.00318057782263 
0.00891155194733 0.011151271888 0.0141067060414 0.0102335177414 0.029603033541 0.0215779824376 0.0217593566264 0.0288969939596 0.0268991920372 0.0241369651231 0.0189706767207 0.0264764463759 0.0280699374038 0.0120725763148 0.0297758892548 0.0317483221754 0.0246238917041 0.00252058953122 -0.00598480513788 0.0234891761789 0.0414910962073 0.0257339417554 0.00994827479163 -0.00145533886223 0.00303401742278 0.18427603887 0.020437937321 0.0247611703886 0.0112074960935 0.0367605716046 0.000334545651542 0.0208324727832 0.0239660227837 0.0355430363294 0.0187500439137 0.0304930167991 0.00312832568419 0.0111798420666 0.0124554728644 0.0228752632169 
0.0168430833864 0.00819100553351 0.0473267862834 0.0207671871451 -0.00683109093784 0.0457729138021 0.00984491421289 0.0175415671749 0.0365281999888 0.0212751026125 0.00577486647347 0.0260268155401 0.0306649322983 0.0514887456609 0.0782258734609 0.0285551616064 0.00892804232003 0.027506074167 0.0104852513747 0.0223079430351 0.0514760608636 0.00384862956702 0.0365677172481 0.0216899945923 0.0242959347097 0.020437937321 0.300872804455 0.0125371082842 0.0314957308356 0.0193788869831 0.0501872707551 0.00828943904122 0.0303961913763 0.0161603511908 -0.0136013770045 0.0322428891494 0.0137267248945 0.0605283244715 0.0191031987841 0.0260688356953 
0.00650035843623 0.00172231292297 0.0120675325388 -0.0130404095838 -0.00979850461223 0.00978440743696 0.0372457705255 0.022771934957 0.0387938424879 0.000292440813688 -0.000884142584673 0.00979399784533 0.00695860681881 -0.00565087518299 0.0524140048842 0.0161029427285 0.00027342630679 0.0215944423458 0.0257933331137 0.0309335380742 0.0113646381289 0.0244927891478 -0.0118265088037 0.0179949897847 -0.0190254809078 0.0247611703886 0.0125371082842 0.278082535264 0.0258068749907 0.0233192910387 0.00327961830243 0.0130508677027 0.0158172377918 0.0219386652864 0.0082670762873 0.0284294152798 0.0718031538138 0.0133783738431 0.0288923486318 0.00380138693369 
0.0685190865898 0.00433938174791 0.00507591007809 0.00378392245884 0.0125595302579 0.0240240653957 -0.000766718137219 0.0123845990908 0.0282226530689 0.0011335653161 0.0294105942056 0.0203815550048 0.028960364859 0.0232909587618 0.0229470221825 -0.00870328254323 0.0205049945179 0.00385256284212 0.0333923496759 0.0142971402815 0.0414758005013 0.0152237155268 0.000627416292624 0.0085257154858 0.0215826812892 0.0112074960935 0.0314957308356 0.0258068749907 0.172601138721 -0.000152112478842 0.02124029583 0.033772974338 0.0164474516933 0.0149224960297 -0.00524336430211 0.0205683504172 0.00771891521638 -0.0138947754617 -0.00647837197924 0.0203897976467 
-0.00407661205672 0.00671888838055 0.0277308097588 -0.0234101050875 0.0768138318689 0.0171659340514 0.012876291949 -0.0203207552598 0.0227400668996 -0.0170629912097 -0.00229186288709 0.0230584460173 0.0161372328278 -0.0060241243492 0.034105633264 -0.000112932209825 0.0057485335882 0.00770270140046 0.0206207546033 0.0137724403091 0.00610157956147 0.0220330184868 -0.0146315690232 0.0300582253091 0.0411581096706 0.0367605716046 0.0193788869831 0.0233192910387 -0.000152112478842 0.729049735544 0.00990944270058 -0.00643827316133 0.041103654861 0.0181857478585 0.028171224887 0.012885613487 0.00419497136816 0.00428860161141 0.0127785459629 0.031384570554 
0.0286284075239 0.0141057153723 0.00851609432528 0.0190355633794 0.0130605336785 0.0365020059292 -0.0185466877072 0.00672723834677 0.0291632194238 0.00833862090569 0.037289838499 0.0175677134936 0.0334322218021 0.0350044152655 -0.00390002618979 -0.0171488593057 0.037582507021 0.0046280567256 0.000470440286592 0.0229113619491 0.00320717967698 0.0127115098824 0.0381329278009 0.0172967561134 0.0241699082487 0.000334545651542 0.0501872707551 0.00327961830243 0.02124029583 0.00990944270058 0.608278559182 0.0106846566971 0.0349756453154 0.0307207159792 0.00993896660686 0.0212346941823 -0.00615795748749 0.0183176690077 -0.00846355740497 -0.00319435557657 
-0.00620648889225 0.00595722526731 0.0223471514237 0.00618915911771 0.0107198325222 0.0158802922619 -3.67292287878e-05 0.0281648239018 0.0245351340915 -0.00555176136256 0.00951603959143 0.0201345641408 0.0113215454591 0.0299499904962 0.00501862892446 -0.000369249113034 0.0265125985343 0.0312637293356 0.0131074323115 0.0080259593947 0.0277440162942 0.0079102877546 0.00703502507208 0.0188847251918 0.0182143574292 0.0208324727832 0.00828943904122 0.0130508677027 0.033772974338 -0.00643827316133 0.0106846566971 0.16991342524 0.00776353607156 0.0196764575435 0.00559524860844 0.0077127436062 -0.0134514185497 0.0152954224404 0.00817577416568 0.00308224900525 
0.0201918241742 0.0100716099333 0.0636552584878 0.00194787224308 0.0576484689583 0.0138780267817 0.0415835415908 0.00997810285827 0.031292871931 -0.00696293142263 0.0299018839975 0.0318639272983 0.0108424262045 0.00510485358599 0.0103169028826 0.0336701381415 0.0414023715982 0.0323926455183 0.00308245684479 0.0123496571761 0.0344195408156 0.0326194814443 0.0189618226205 0.0305041414877 0.0191617032641 0.0239660227837 0.0303961913763 0.0158172377918 0.0164474516933 0.041103654861 0.0349756453154 0.00776353607156 0.315737635169 0.013747987862 -0.00412258436657 0.0270844235417 0.023209072124 0.015383066163 0.0218211338001 0.0316781574497 
0.00300635318206 0.00136445777 0.0104332419515 0.0285039266726 0.0255751843868 0.0273176636275 -0.00848452787357 0.00609427812416 0.0341848818579 0.037132050999 0.00821242367201 0.0321189480509 0.0469433765828 0.0206158123496 0.0233398662141 0.00620183815435 0.0432940952546 0.0258663508478 0.016290389195 0.0182219572565 0.017257121987 0.0426456402849 0.0128517741181 0.0168603704603 0.018704809904 0.0355430363294 0.0161603511908 0.0219386652864 0.0149224960297 0.0181857478585 0.0307207159792 0.0196764575435 0.013747987862 0.161958268149 0.0209500841262 0.0147936321876 0.0296975932177 0.0259306445369 0.0197700344507 0.0293322968394 
0.105931435116 0.0532944533909 0.00273223510862 0.0172988673929 0.0514420475753 -0.000126555510174 -0.00286370756021 0.0136334474944 0.00825715777888 -0.00486033374708 -0.00307200093498 0.0132783199829 0.0260955120483 0.0165129166218 0.010101757993 0.0364576169513 -0.00572903395141 -0.0188760471703 0.0235136097886 0.0112475471191 0.0207042460133 0.0348215156381 0.0231756859357 0.019404063142 0.0197649235548 0.0187500439137 -0.0136013770045 0.0082670762873 -0.00524336430211 0.028171224887 0.00993896660686 0.00559524860844 -0.00412258436657 0.0209500841262 0.519955200556 0.00173494417515 0.0703007493927 0.00609944263095 0.0233392612035 0.0341599312073 
0.0151700932174 0.012461857354 0.0278227439965 0.0058649484699 0.00645541056292 0.0307582700812 0.0199885496185 0.0168226513923 0.0256152210578 0.00527422186692 0.00213968041571 0.0302890891367 0.0120050635283 0.00386381431998 0.033254418468 0.00158593919257 -0.0085505438646 0.0205766276439 -0.0179966857853 0.0208593226157 0.0194932390573 0.0281715974151 -0.00365728281354 0.00749684966844 0.00302743054568 0.0304930167991 0.0322428891494 0.0284294152798 0.0205683504172 0.012885613487 0.0212346941823 0.0077127436062 0.0270844235417 0.0147936321876 0.00173494417515 0.155855387303 0.0130216224945 0.0101734326017 0.0232164056265 0.017436966628 
0.0341048162705 0.0336104529417 0.000212556400958 0.0299088857369 0.0158624420879 0.0239443325373 0.035288639791 0.013890220745 0.0101852763771 -0.00438691686504 0.011876614577 0.00721549512286 0.00633359224559 0.00621780083957 0.000812424555132 0.0153192170538 0.00912461111616 0.00033840396174 -0.00179637368499 0.0125100653635 0.00914634621736 0.0359969878146 0.0219040108968 -0.00897700176831 0.020840647572 0.00312832568419 0.0137267248945 0.0718031538138 0.00771891521638 0.00419497136816 -0.00615795748749 -0.0134514185497 0.023209072124 0.0296975932177 0.0703007493927 0.0130216224945 0.203842773723 4.93656930094e-05 0.00677257928963 0.0231902733125 
0.0191264820169 -0.000676155983032 0.00843365541112 0.127399197742 -0.0148815833207 0.0265931393414 0.00820375674265 0.0255733732734 0.0352350933602 0.0362610550756 -0.0267778104789 0.0263968058759 0.0338711222098 0.00934860209306 0.0155340261614 0.0366321182089 0.00401775970572 -0.00467772649686 0.0118987465233 0.00525826569452 -0.00381096186751 0.00883668679555 0.0525200227148 0.0302996921591 -0.00735784539366 0.0111798420666 0.0605283244715 0.0133783738431 -0.0138947754617 0.00428860161141 0.0183176690077 0.0152954224404 0.015383066163 0.0259306445369 0.00609944263095 0.0101734326017 4.93656930096e-05 0.548093789832 0.0262683330602 -0.0116251188511 
0.0207269913442 0.0209085358327 0.0132713045467 0.0382909613298 0.0036017268469 0.0111591987705 0.0209034554006 0.000104088996893 0.00268441459072 0.000677974453078 0.0204146857036 0.0151333365854 0.00961326879805 -0.00051426484559 0.00327558916856 0.0175360644557 0.0191982727439 -0.00324501473404 0.00691467139824 0.0274462046956 0.0024972719493 -0.000219386730876 0.00577672496664 0.0176584336145 0.000815767322952 0.0124554728644 0.0191031987841 0.0288923486318 -0.00647837197924 0.0127785459629 -0.00846355740497 0.00817577416568 0.0218211338001 0.0197700344507 0.0233392612035 0.0232164056265 0.00677257928964 0.0262683330602 0.239384059979 0.00138030639018 
0.0180871853908 0.0155574156013 0.0145504813548 0.0117798355995 0.0687115902369 0.0249390854712 0.0393324459867 0.00542011280421 0.0217263573726 -0.00111941667059 0.033736138136 0.0187630887055 0.00802267154613 0.0168470939198 0.0305990808428 0.0282535442117 0.0256346686971 0.00449518922247 0.0177472400278 0.0125178463463 0.0100182852746 0.0089440065932 -0.0150261662668 0.0224720500917 0.00318057782263 0.0228752632169 0.0260688356953 0.00380138693369 0.0203897976467 0.031384570554 -0.00319435557657 0.00308224900525 0.0316781574497 0.0293322968394 0.0341599312073 0.017436966628 0.0231902733125 -0.0116251188511 0.00138030639018 0.346315182879 
0.0722101425276 -0.000587232509019 0.00292830765309 0.00221274809014 0.00277679602654 -0.000254147170084 -0.000257242361889 0.00143698922518 0.000152431958075 0.000631697584025 -0.00173722857988 0.00109544361785 0.0010281322876 0.00391192854345 0.00245835705662 4.81592897522e-05 0.00403259250029 0.000803061907042 0.00239573998825 0.00191666887454 0.00359550177107 0.000963850825165 0.000937231430177 -0.00355892857124 0.00295486212559 0.000771763037353 0.00145865380907 0.000562947553948 0.00593392696309 -0.00035304496025 0.00247929281856 -0.000537497704899 0.00174866326836 0.000260357822841 0.00917393138694 0.0013137686104 0.00295356372816 0.00165640193116 0.00179501010481 0.00156639620314 
-0.000587232509019 0.0262055697582 0.00546380730711 0.00225588137212 0.00271601173117 0.000511057211385 0.00609035784364 0.00167618685635 0.00123966584063 0.000492115411082 -0.000635623643172 0.00100655333629 0.00159647828909 -0.00159622392386 0.00462860761187 0.00373090376103 -0.000910492817092 0.000999587428788 0.00124272519568 0.00121503230649 0.00131288675969 0.00133125066568 0.00138986508969 0.000600855418932 0.000373497041406 0.000965728473955 0.000709361887456 0.000149156674456 0.000375801483041 0.000581872802275 0.0012215907851 0.000515910841756 0.000872227005927 0.000118165509121 0.00461543505174 0.00107922850469 0.00291075060802 -5.85568258226e-05 0.00181073231871 0.0013473117128 
0.00292830765309 0.00546380730711 0.0310293252847 -0.00018110033562 3.868991552e-05 0.00052258717135 5.42666713014e-05 0.000780962671948 0.000896051409499 0.00183100815979 -0.00115079056519 0.00186451664066 0.00130753732521 0.001469304945 0.00250208428994 0.00299212174247 0.00246990484883 0.00525201882028 0.000618012860583 0.00162407656495 0.00229812059224 0.0024126968342 0.000524301410843 0.000695631647964 0.00310605933867 0.00122167657956 0.00409861992009 0.00104507897396 0.000439586707496 0.00240155857186 0.000737515402671 0.00193532008352 0.00551270709349 0.00090354525738 0.000236618501318 0.00240952031039 1.84079242967e-05 0.00073037598328 0.00114932868788 0.00126010864905 
0.00221274809014 0.00225588137212 -0.00018110033562 0.0533375842252 0.00339336494636 0.00339678106972 0.00580328556472 0.000970110167723 0.0038891827359 0.000945165524488 0.00352926987946 0.00279999350266 0.00214648991962 0.00329760347999 -0.000929501318728 -0.00077250051102 -0.000754538006381 -0.00330021990059 9.4084195298e-05 0.00134655971976 0.000710245917111 0.000235951261831 0.0143581341731 0.00543136944385 -0.000987141990512 0.000886248633409 0.00179849116328 -0.00112933259753 0.000327697297531 -0.00202737457111 0.00164852814619 0.0005359969024 0.000168690684584 0.00246851246061 0.00149812586189 0.000507919436682 0.00259018548471 0.0110330941667 0.00331609452469 0.00102016368816 
0.00277679602654 0.00271601173117 3.868991552e-05 0.00339336494636 0.043750135456 0.00280005687522 0.00599726879524 0.000346897419242 0.000967589979512 0.00308739305263 0.00246570558386 0.00244944265796 0.00316368115319 0.00252616645494 0.00284479977388 0.00150483935169 0.00596106482721 -0.000940511408212 0.00726883991742 0.00114800953845 0.00242683415728 0.00270203298658 0.000558524159641 0.00332582716752 0.00226078131484 0.00256369790756 -0.000591589828773 -0.000848575391329 0.0010876872263 0.00665227297605 0.00113107539525 0.000928364728852 0.00499250386072 0.00221487593854 0.00445501200229 0.000559054953935 0.00137372778142 -0.00128878292043 0.00031191869469 0.00595059826796 
-0.000254147170084 0.000511057211385 0.00052258717135 0.00339678106972 0.00280005687522 0.0178103057513 0.000446329124455 0.00134266909287 0.00537366643267 0.0012934743552 0.00204376659701 0.005618381164 0.00271455493138 0.00204488004656 0.00123266579949 0.00188750204333 0.00336021350181 -8.02506341176e-05 -0.00172255546004 0.0010222260542 0.000567640209314 0.00217333408749 0.00101607608505 0.00207252698074 0.000828522310492 0.00186870809534 0.00396405061578 0.000847354540138 0.00208054509348 0.00148661349682 0.00316116644238 0.00137527365183 0.00120187237473 0.00236577906735 -1.096002868e-05 0.00266374432668 0.0020736400254 0.0023030334236 0.000966414962113 0.00215978815652 
-0.000257242361889 0.00609035784364 5.42666713014e-05 0.00580328556472 0.00599726879524 0.000446329124455 0.055363153426 0.00236240793933 0.00373654836971 0.00282348756203 0.0203795948685 0.00231534311863 0.00124566410647 0.00166119628994 0.00172552085596 0.00377982526266 0.00349116498627 -0.000399242804949 0.000109597556169 0.00246337938777 0.00414601248375 0.0018267049451 0.000483759569867 0.00336357531333 0.000301849034623 0.00188441556085 0.000852594580644 0.00322557834586 -6.63997384374e-05 0.00111511959344 -0.00160619027105 -3.18084451917e-06 0.0036012403397 -0.000734781667763 -0.000248004349615 0.00173105917545 0.0030560858524 0.00071046617456 0.00181029234038 0.00340628974175 
0.00143698922518 0.00167618685635 0.000780962671948 0.000970110167723 0.000346897419242 0.00134266909287 0.00236240793933 0.0211755882053 0.00335398227507 0.000756140027967 0.000642700269712 0.000224559857337 0.000662990611996 0.00186880044204 0.0047003574133 0.00187567041304 1.55721892731e-05 0.000437042879116 0.00110818652592 0.00158663182289 0.00357505643457 0.00137634336955 -0.000132825724263 0.00264513309874 0.000829246476909 0.0025025530862 0.00151914427957 0.00197210741661 0.00107253774284 -0.00175982902791 0.000582595930562 0.00243914529921 0.000864129055683 0.000527779967325 0.00118069118713 0.00145688434647 0.00120292840293 0.00221471909152 9.01437155643e-06 0.000469395537982 
0.000152431958075 0.00123966584063 0.000896051409499 0.0038891827359 0.000967589979512 0.00537366643267 0.00373654836971 0.00335398227507 0.0141363554681 0.00235299487896 0.00198464820727 0.00614455212919 0.00164124421167 0.00258486395592 0.00163427356716 0.00213118138087 0.00265909989472 -0.000391981237831 0.000161791622714 0.000293254209824 0.0017135301979 0.00255013788132 0.00213538504539 0.00147039909125 0.000575284032757 0.00232953836455 0.00316343491448 0.00335964531049 0.00244415345199 0.00196934756188 0.00252560888772 0.00212480494085 0.00271004220496 0.00296049761143 0.000715090839957 0.00221834321596 0.00088207080871 0.00305144859547 0.000232477122985 0.00188155774164 
0.000631697584025 0.000492115411082 0.00183100815979 0.000945165524488 0.00308739305263 0.0012934743552 0.00282348756203 0.000756140027967 0.00235299487896 0.0309501674073 0.0018645908153 0.00308451706649 0.00234170451862 -0.000729892195517 0.00240064583972 0.000978358655052 5.45816026169e-05 -0.000471372415613 -0.00112543965068 0.00200690063318 0.000253935802095 8.53908892365e-05 0.00154411041958 0.000731334639587 -0.00193862871398 0.00209032249668 0.00184247793305 2.53261173757e-05 9.81696360595e-05 -0.00147769838521 0.000722145753686 -0.000480796637573 -0.00060300754968 0.00321572994597 -0.000420917249584 0.000456761012195 -0.000379918144941 0.00314029948635 5.87143099482e-05 -9.69443274152e-05 
-0.00173722857988 -0.000635623643172 -0.00115079056519 0.00352926987946 0.00246570558386 0.00204376659701 0.0203795948685 0.000642700269712 0.00198464820727 0.0018645908153 0.0575705922379 0.00220404589685 0.00106188214075 0.00128530786732 -0.000119822122286 0.000486834478625 0.00329660293839 0.00147156669688 0.00631634121264 0.00171686346636 0.00270603018228 0.000815210877963 -1.01689186128e-05 0.00243928954933 0.000288002258493 0.00164290879671 0.000500118106949 -7.65689938894e-05 0.00254703217225 -0.000198481148221 0.00322939474431 0.00082411320296 0.00258957911628 0.00071121675266 -0.000266043085014 0.000185301759598 0.00102854499346 -0.00231902641324 0.00176796364296 0.00292163526513 
0.00109544361785 0.00100655333629 0.00186451664066 0.00279999350266 0.00244944265796 0.005618381164 0.00231534311863 0.000224559857337 0.00614455212919 0.00308451706649 0.00220404589685 0.0119605939807 0.00165398191269 0.000987534451944 0.000657070170867 0.00129848925514 0.00199188630664 0.000982519262746 -0.000288403717437 0.00111503119994 -0.000112497963727 0.00319499864528 0.0021359065949 0.000661633925855 0.000985719772714 0.00229292751635 0.00225398834373 0.000848185093866 0.00176509444028 0.00199692000227 0.00152140861718 0.001743704404 0.00275949705047 0.00278158249549 0.00114993624248 0.00262311206498 0.000624880207728 0.00228603044673 0.0013105853927 0.00162493114724 
0.0010281322876 0.00159647828909 0.00130753732521 0.00214648991962 0.00316368115319 0.00271455493138 0.00124566410647 0.000662990611996 0.00164124421167 0.00234170451862 0.00106188214075 0.00165398191269 0.0223169304606 0.00204160269328 0.00358133105521 0.0014535139512 0.00281344862665 0.000556726119443 0.000727363432896 0.0014573057637 0.0014983289087 0.00319025166669 -0.00036301503813 0.0016171868184 0.00127863700503 0.00243092788743 0.00265566103757 0.000602633028004 0.00250804116708 0.00139752535757 0.00289531533856 0.000980474597771 0.000938981653179 0.00406541566601 0.00225993763586 0.00103966899896 0.000548505178189 0.00293332522884 0.000832533499252 0.000694783736517 
0.00391192854345 -0.00159622392386 0.001469304945 0.00329760347999 0.00252616645494 0.00204488004656 0.00166119628994 0.00186880044204 0.00258486395592 -0.000729892195517 0.00128530786732 0.000987534451944 0.00204160269328 0.0284895215215 0.00102111000166 0.00182421233321 0.000376078098113 0.000470822384327 -0.00012605685447 0.00260182433987 0.00137130617086 -1.50281968851e-05 0.00362463323746 0.00109681397558 0.000379111675679 0.00104551577778 0.00445905617513 -0.000489380146209 0.00201705619662 -0.000521704472197 0.00303147128646 0.00259374526128 0.000442093288806 0.00178538172144 0.00143006052851 0.000334616135661 0.000538477348274 0.000809612690247 -4.45366420554e-05 0.00145900113145 
0.00245835705662 0.00462860761187 0.00250208428994 -0.000929501318728 0.00284479977388 0.00123266579949 0.00172552085596 0.0047003574133 0.00163427356716 0.00240064583972 -0.000119822122286 0.000657070170867 0.00358133105521 0.00102111000166 0.0387674876897 0.00262532477917 0.00354556467387 0.00404602764289 0.00117284991792 0.00654556847867 0.00605582551021 0.00357962341941 0.00397226101023 -0.000137811433052 0.0019776190439 0.0025786676515 0.00677455936504 0.00453918597438 0.00198727041512 0.00295363448188 -0.000337752175578 0.000434626014075 0.00089346999847 0.00202129170624 0.000874837904483 0.00287991711813 7.03580303403e-05 0.00134528612788 0.000283674343233 0.00264995813423 
4.81592897522e-05 0.00373090376103 0.00299212174247 -0.00077250051102 0.00150483935169 0.00188750204333 0.00377982526266 0.00187567041304 0.00213118138086 0.000978358655052 0.000486834478625 0.00129848925514 0.0014535139512 0.00182421233321 0.00262532477917 0.0177428999788 0.000699840805934 0.00147938294715 0.00185291264045 -3.10187572924e-05 0.00233341515511 0.000383514100153 -0.000229071691651 0.00156986891894 0.00312632827458 0.00274948535314 0.00247294953603 0.00139455574785 -0.000753726377875 -9.7802162614e-06 -0.00148513478046 -3.19779112212e-05 0.00291591949794 0.000537094939183 0.00315732224412 0.000137346362962 0.00132668311347 0.00317243449633 0.00151866773011 0.00244682870343 
0.00403259250029 -0.000910492817092 0.00246990484883 -0.000754538006381 0.00596106482721 0.00336021350181 0.00349116498627 1.55721892731e-05 0.00265909989472 5.45816026169e-05 0.00329660293839 0.00199188630664 0.00281344862665 0.000376078098113 0.00354556467387 0.000699840805934 0.0324808351068 0.000833414857178 0.000679329389405 0.000968318837262 0.00230710115605 0.000881702074321 0.000272902629636 0.0010195603626 0.00128210455616 0.00213249157558 0.000773191145521 2.36794127743e-05 0.00177578461569 0.000497837612189 0.00325474058181 0.0022960583851 0.0035855505581 0.00374937863243 -0.000496148894106 -0.000740498820292 0.000790214502625 0.000347948197145 0.0016626191905 0.00222002743093 
0.000803061907042 0.000999587428788 0.00525201882028 -0.00330021990059 -0.000940511408212 -8.02506341177e-05 -0.000399242804949 0.000437042879116 -0.000391981237831 -0.000471372415613 0.00147156669688 0.000982519262746 0.000556726119443 0.000470822384327 0.00404602764289 0.00147938294715 0.000833414857178 0.0246028768168 4.79194035305e-05 0.00169870803494 0.00175726508939 0.00245075188455 -0.0015253508274 0.000488916953485 0.00199008587341 0.000218289456655 0.0023820958987 0.0018701335652 0.000333641729096 0.000667073509057 0.000400801469453 0.00270751838217 0.00280528539147 0.00224009169374 -0.00163471363725 0.00178198822639 2.93066427609e-05 -0.000405102997824 -0.000281026519534 0.000389294806148 
0.00239573998825 0.00124272519568 0.000618012860583 9.4084195298e-05 0.00726883991742 -0.00172255546004 0.000109597556169 0.00110818652592 0.000161791622714 -0.00112543965068 0.00631634121264 -0.000288403717437 0.000727363432896 -0.00012605685447 0.00117284991792 0.00185291264045 0.000679329389405 4.79194035305e-05 0.0424871706793 0.000855791634073 0.000211714509171 0.00106299810755 0.00235755494117 -0.0012472092686 0.000951167414024 -0.00051829932861 0.000908049405559 0.00223376817247 0.00289186231114 0.00178580973316 4.07413239153e-05 0.00113513693602 0.000266948593366 0.00141078908804 0.00203633834116 -0.0015585587074 -0.000155570524589 0.00103046167624 0.000598828108969 0.00153695607111 
