20
-0.0290439391383 0.126841392599 0.0477990277318 0.0826231173305 0.0243185800675 0.11775000089 0.12993100308 0.0639224219563 0.0450347688147 0.0578888041786 0.0636277148901 0.201887649263 0.103166553638 0.00839736130492 0.162419244675 0.0737969483193 0.110955558587 0.0408960175479 0.0723241103927 0.100072423231 
0.345723037618 -0.0212017850824 0.0203921998511 0.0019512559711 0.00813017945443 0.0124803593872 -0.0115198379175 0.031772034861 0.00986101933114 0.00106290133464 0.0105744166305 0.0100125576484 -0.00939997592536 0.00391184964518 0.035114903765 0.0298826013293 0.0120712580135 0.0166310197034 0.0399335388081 0.0144909835022 
-0.0212017850824 0.876537303653 0.0533231199712 -0.0202616456413 0.000822454369469 -0.00274307507188 0.064739051048 0.0227214696591 0.00987717238862 0.0126429722481 0.015263217558 0.00942955992767 -0.0142903786623 0.0142506984385 0.0494299797552 0.00244890833396 0.0223479168022 0.0114990696416 0.0236151250282 0.0469407804339 
0.0203921998511 0.0533231199712 0.275700219168 0.0409764397598 0.0158575701393 0.0322452700274 0.0211757915376 0.0225197661436 0.0355883077624 0.0145575787783 0.00971249254457 -0.00774347223685 0.0245499633248 0.021536196928 0.0473768522467 0.0134664575086 0.0525151870869 0.0144798618309 0.0136178481342 0.0176376809573 
0.0019512559711 -0.0202616456413 0.0409764397598 0.207345633239 0.0266619992854 0.0390341268349 0.0188608953842 0.0349245317964 0.0131806969847 0.029982955203 0.00436934181782 0.0149219590641 0.0177637961925 0.0362222162179 0.0176133969085 0.00897493971413 0.0106407856609 0.0177757666633 0.0267631682101 0.0100597434401 
0.00813017945443 0.000822454369469 0.0158575701392 0.0266619992854 0.233165895116 -0.0342848112421 0.0307825507239 0.0296179906241 0.0184721263107 0.000614437350829 -0.00350353710557 0.0329690780497 0.0116037269709 0.0249889223442 0.0181254991903 0.011805387728 0.0195254573312 -0.0013437820412 0.0238189817832 0.0184340342848 
0.0124803593872 -0.00274307507188 0.0322452700274 0.0390341268349 -0.0342848112421 0.906000175946 0.0668336260057 0.0232661425577 0.0110639814137 0.053645841144 0.0244862388638 0.0110357280137 0.0264632712846 0.0620535235983 0.0397725965996 0.0105035910032 0.00950938870821 0.0172503228192 0.00692584577361 0.0221932141377 
-0.0115198379175 0.064739051048 0.0211757915376 0.0188608953842 0.0307825507239 0.0668336260057 0.651781620057 0.0981179825309 0.0436025206482 0.161612230616 -0.00457446864686 0.00256135225531 -0.0133342384024 0.0230408420491 0.0168187088115 0.00991086792329 -0.00949974860665 0.0217257587348 0.0209429269818 0.00279251157414 
0.031772034861 0.0227214696591 0.0225197661436 0.0349245317964 0.0296179906241 0.0232661425577 0.0981179825309 0.458915779262 0.0210900990563 0.0457305807143 0.0171485721519 0.0356229267906 0.0256259892795 0.0257012315782 0.0316160322818 0.0309685609903 0.015948525002 0.0144314469304 0.00279943432366 -0.00228745342186 
0.00986101933114 0.00987717238862 0.0355883077624 0.0131806969847 0.0184721263107 0.0110639814137 0.0436025206482 0.0210900990563 0.214178239015 0.0425227742138 -0.00590014867816 -0.00133651859899 0.0101329129196 0.00709560043856 0.026108752954 -0.00883323764901 -0.000897544829576 0.0106758919428 0.00856864407695 0.0292528570451 
0.00106290133464 0.0126429722481 0.0145575787783 0.029982955203 0.000614437350829 0.053645841144 0.161612230616 0.0457305807143 0.0425227742138 0.429727804623 0.0128459976821 -0.0290273797559 -0.023653134068 0.00580323473396 0.0217134059366 0.0137298470022 0.000258233289015 0.0409455389629 0.00624613582149 0.0210684659715 
0.0105744166305 0.015263217558 0.00971249254457 0.00436934181782 -0.00350353710557 0.0244862388638 -0.00457446864686 0.0171485721519 -0.00590014867816 0.0128459976821 0.251647001477 -0.0113781249213 0.016216789784 0.0180962803361 0.0149999309254 -0.00493380149572 0.0145392896808 0.00915814767384 0.00620370032153 0.00847581187655 
0.0100125576484 0.00942955992767 -0.00774347223685 0.0149219590641 0.0329690780497 0.0110357280137 0.00256135225531 0.0356229267906 -0.00133651859899 -0.0290273797559 -0.0113781249213 0.78242656208 0.043032712917 0.018438375722 -0.0520885451216 0.0225293259685 0.0157425486272 0.0558873314358 0.0471023672721 0.0324393583371 
-0.00939997592536 -0.0142903786623 0.0245499633248 0.0177637961925 0.0116037269709 0.0264632712846 -0.0133342384024 0.0256259892795 0.0101329129196 -0.023653134068 0.016216789784 0.043032712917 0.386249952473 0.0282166447948 0.00276187363798 0.0189708776091 0.00341412075973 0.0208669649777 -0.0234430731346 0.00754926603504 
0.00391184964518 0.0142506984385 0.021536196928 0.0362222162179 0.0249889223442 0.0620535235983 0.0230408420491 0.0257012315782 0.00709560043856 0.00580323473396 0.0180962803361 0.018438375722 0.0282166447948 0.149693111008 0.0227579910964 0.0247241556545 0.0511860088697 0.0182757685494 0.0247946097429 0.00706112328203 
0.035114903765 0.0494299797552 0.0473768522467 0.0176133969085 0.0181254991903 0.0397725965996 0.0168187088115 0.0316160322818 0.026108752954 0.0217134059366 0.0149999309254 -0.0520885451216 0.00276187363798 0.0227579910964 1.30178221681 0.0118181723508 0.0141692269981 0.0239831783924 0.0146031393745 0.00514575121923 
0.0298826013293 0.00244890833396 0.0134664575086 0.00897493971414 0.011805387728 0.0105035910032 0.00991086792329 0.0309685609903 -0.00883323764901 0.0137298470022 -0.00493380149572 0.0225293259685 0.0189708776091 0.0247241556545 0.0118181723508 0.351484831608 0.0240963355723 0.0227622660093 0.029598314971 0.0295548866731 
0.0120712580135 0.0223479168022 0.0525151870869 0.0106407856609 0.0195254573312 0.00950938870821 -0.00949974860665 0.015948525002 -0.000897544829576 0.000258233289015 0.0145392896808 0.0157425486272 0.00341412075973 0.0511860088697 0.0141692269981 0.0240963355723 0.502321410348 0.0300404441924 0.00797924097521 0.010561785881 
0.0166310197034 0.0114990696416 0.0144798618309 0.0177757666633 -0.0013437820412 0.0172503228192 0.0217257587348 0.0144314469304 0.0106758919428 0.0409455389629 0.00915814767384 0.0558873314358 0.0208669649777 0.0182757685494 0.0239831783924 0.0227622660093 0.0300404441924 0.218918256373 0.0293333743469 0.0298360750568 
0.0399335388081 0.0236151250282 0.0136178481342 0.0267631682101 0.0238189817832 0.00692584577361 0.0209429269818 0.00279943432366 0.00856864407695 0.00624613582149 0.00620370032153 0.0471023672721 -0.0234430731346 0.0247946097429 0.0146031393745 0.029598314971 0.00797924097521 0.0293333743469 0.389267241695 -0.00158288035354 
0.0144909835022 0.0469407804339 0.0176376809573 0.0100597434401 0.0184340342848 0.0221932141377 0.00279251157414 -0.00228745342186 0.0292528570451 0.0210684659715 0.00847581187655 0.0324393583371 0.00754926603504 0.00706112328203 0.00514575121923 0.0295548866731 0.010561785881 0.0298360750568 -0.00158288035354 0.50085709114 
0.029940493325 -0.00183612844869 0.00176601631101 0.000168983724026 0.000704094194486 0.00108083082777 -0.000997647228407 0.00275153893195 0.000853989324798 9.20499557513e-05 0.00091577134322 0.000867112928036 -0.000814061794633 0.000338776116851 0.0030410398712 0.00258790918824 0.00104540160953 0.0014402885554 0.00345834590709 0.00125495598388 
-0.00183612844869 0.0759103572328 0.00461791765041 -0.00175470998478 7.12266377413e-05 -0.000237557269674 0.00560656628244 0.00196773699361 0.00085538822061 0.00109491351462 0.00132183341487 0.000816623844387 -0.00123758309512 0.00123414668694 0.00428076181765 0.000212081682875 0.00193538636723 0.000995848642951 0.0020451298188 0.00406519083292 
0.00176601631101 0.00461791765041 0.0238763393628 0.00354866377886 0.00137330585829 0.00279252229956 0.00183387734168 0.00195026895676 0.00308203785999 0.00126072330396 0.000841126527767 -0.000670604367061 0.00212608919013 0.00186508936406 0.0041029557597 0.00116622943015 0.00454794861018 0.00125399281889 0.00117934024291 0.00152746797728 
0.000168983724026 -0.00175470998478 0.00354866377886 0.0179566585748 0.00230899686968 0.00338045454536 0.00163340145409 0.0030245531751 0.00114148184283 0.00259660008863 0.000378396101205 0.00129227956237 0.00153838987703 0.00313693594261 0.00152536491697 0.000777252578987 0.000921519069855 0.00153942655022 0.00231775835557 0.000871199337467 
0.000704094194486 7.12266377414e-05 0.00137330585829 0.00230899686968 0.0201927588467 -0.00296915174996 0.00266584709201 0.00256499322895 0.00159973306469 5.32118354852e-05 -0.000303415213652 0.00285520591304 0.00100491223354 0.00216410415633 0.00156971427551 0.0010223765674 0.00169095420693 -0.000116374938483 0.00206278433166 0.00159643419848 
0.00108083082777 -0.000237557269674 0.00279252229956 0.00338045454536 -0.00296915174996 0.0784619168202 0.0057879617948 0.00201490705031 0.000958168897127 0.00464586612381 0.00212057048992 0.000955722080912 0.00229178651997 0.00537399278305 0.00344440790297 0.000909637663975 0.000823537219577 0.00149392177849 0.000599795838264 0.00192198872349 
-0.000997647228407 0.00560656628244 0.00183387734168 0.00163340145409 0.00266584709201 0.0057879617948 0.0564459440689 0.00849726654398 0.00377608905504 0.0139960297275 -0.0003961606057 0.000221819612114 -0.00115477891966 0.00199539545391 0.00145654290896 0.000858306339512 -0.000822702362293 0.00188150589808 0.00181371067959 0.000241838596357 
0.00275153893195 0.00196773699361 0.00195026895676 0.0030245531751 0.00256499322895 0.00201490705031 0.00849726654398 0.0397432723039 0.00182645615511 0.00396038446284 0.00148510991222 0.00308503595578 0.00221927577131 0.00222579194553 0.00273802871229 0.00268195605362 0.00138118278046 0.00124979996551 0.000242438124051 -0.000198099277331 
0.000853989324798 0.00085538822061 0.00308203785999 0.00114148184283 0.00159973306469 0.000958168897127 0.00377608905504 0.00182645615511 0.0185483795925 0.00368258027085 -0.000510967864139 -0.000115745905935 0.000877536000273 0.00061449702349 0.00226108433193 -0.000764980820171 -7.77296623449e-05 0.000924559363053 0.000742066344662 0.00253337173343 
9.20499557513e-05 0.00109491351462 0.00126072330396 0.00259660008863 5.32118354852e-05 0.00464586612381 0.0139960297275 0.00396038446284 0.00368258027085 0.0372155195516 0.00111249603296 -0.00251384482739 -0.0020484214982 0.000502574870374 0.00188043611437 0.0011890396294 2.2363658839e-05 0.00354598769135 0.00054093122969 0.00182458267501 
0.00091577134322 0.00132183341487 0.000841126527767 0.000378396101205 -0.000303415213652 0.00212057048992 -0.0003961606057 0.00148510991222 -0.000510967864139 0.00111249603296 0.0217932696065 -0.00098537452293 0.00140441519208 0.00156718384851 0.00129903212364 -0.000427279743252 0.00125913942165 0.000793118853716 0.000537256207591 0.000734026840279 
0.000867112928036 0.000816623844387 -0.000670604367061 0.00129227956237 0.00285520591304 0.000955722080912 0.000221819612114 0.00308503595578 -0.000115745905935 -0.00251384482739 -0.00098537452293 0.0677601279357 0.00372674225799 0.00159681017798 -0.00451100033215 0.00195109686189 0.00136334470315 0.00483998487731 0.0040791846636 0.00280933084024 
-0.000814061794633 -0.00123758309512 0.00212608919013 0.00153838987703 0.00100491223354 0.00229178651997 -0.00115477891966 0.00221927577131 0.000877536000273 -0.0020484214982 0.00140441519208 0.00372674225799 0.0334502271052 0.00244363312018 0.000239185273253 0.00164292619416 0.000295671530951 0.00180713217706 -0.00203022968773 0.000653785616627 
0.000338776116851 0.00123414668694 0.00186508936406 0.00313693594261 0.00216410415633 0.00537399278305 0.00199539545391 0.00222579194553 0.00061449702349 0.000502574870374 0.00156718384851 0.00159681017798 0.00244363312018 0.0129638036905 0.00197089984286 0.00214117468839 0.00443283839995 0.00158272798374 0.00214727619143 0.000611511214149 
0.0030410398712 0.00428076181765 0.0041029557597 0.00152536491697 0.00156971427551 0.00344440790297 0.00145654290896 0.00273802871229 0.00226108433193 0.00188043611437 0.00129903212364 -0.00451100033215 0.000239185273253 0.00197089984286 0.112737646995 0.00102348374821 0.00122709105324 0.00207700417513 0.00126466896733 0.000445635127741 
0.00258790918824 0.000212081682875 0.00116622943015 0.000777252578987 0.0010223765674 0.000909637663975 0.000858306339512 0.00268195605362 -0.000764980820171 0.0011890396294 -0.000427279743252 0.00195109686189 0.00164292619416 0.00214117468839 0.00102348374821 0.0304394793217 0.00208680387437 0.00197127006118 0.00256328926741 0.00255952826649 
0.00104540160953 0.00193538636723 0.00454794861018 0.000921519069855 0.00169095420693 0.000823537219577 -0.000822702362293 0.00138118278046 -7.77296623448e-05 2.2363658839e-05 0.00125913942165 0.00136334470315 0.000295671530951 0.00443283839995 0.00122709105324 0.00208680387437 0.0435023102227 0.00260157878116 0.000691022538745 0.000914677488231 
0.0014402885554 0.000995848642951 0.00125399281889 0.00153942655022 -0.000116374938483 0.00149392177849 0.00188150589808 0.00124979996551 0.000924559363053 0.00354598769135 0.000793118853716 0.00483998487731 0.00180713217706 0.00158272798374 0.00207700417513 0.00197127006118 0.00260157878116 0.0189588771372 0.00254034473632 0.00258387989484 
0.00345834590709 0.0020451298188 0.00117934024291 0.00231775835557 0.00206278433166 0.000599795838264 0.00181371067959 0.000242438124051 0.000742066344662 0.00054093122969 0.000537256207591 0.0040791846636 -0.00203022968773 0.00214727619143 0.00126466896733 0.00256328926741 0.000691022538745 0.00254034473632 0.0337115320169 -0.000137081459732 
0.00125495598388 0.00406519083292 0.00152746797728 0.000871199337467 0.00159643419848 0.00192198872349 0.000241838596357 -0.000198099277331 0.00253337173343 0.00182458267501 0.000734026840279 0.00280933084024 0.000653785616627 0.000611511214149 0.000445635127741 0.00255952826649 0.000914677488231 0.00258387989484 -0.000137081459732 0.0433754964592 

['THC', 'ACS', 'WLP', 'MWV', 'WPI', 'AVP', 'NOV', 'ASH', 'PCG', 'COP', 'CLX', 'MU', 'BSX', 'GPC', 'HUM', 'CMVT', 'HSP', 'FISV', 'UNM', 'LU']