50
0.0315088302779 0.0506400072768 0.0558285331973 0.0449819155318 0.191301962015 0.022553065058 0.0825599502725 0.0594275332512 0.424855775916 0.037281538924 0.0649972461493 0.0242911243805 0.185813705736 0.0230030392576 0.0408960175479 0.0160922749751 0.05514883533 0.0573021249509 0.0415474718814 0.0773544805674 0.0129348444485 0.070995024039 0.0716337087719 0.00787829448736 0.0605665428979 0.39235550597 0.00642009941462 0.0952470994091 0.0511719962834 0.124759587163 0.0705908558691 0.187838769987 0.357744060202 0.0110311255814 0.0288411222523 0.0437038130991 0.00851722536111 0.0269248151276 0.0433119494187 0.0493934577213 0.0962618702605 0.0498631258667 0.0616353203302 0.0135435889675 0.0147816990943 0.0524718958424 0.0316717201181 0.201678989994 0.158066549078 0.059162885268 
0.217152401377 0.0237457194401 0.030764071968 0.0262196047531 0.0309469608709 0.0174970454291 -8.10446522773e-06 0.00783870059992 0.0400402791779 0.00139839928058 0.0112293077328 0.0244797533218 0.0687082880217 0.0312694359506 0.00953743257757 0.0201699816142 0.0151576226291 0.0408523332506 0.00730507282267 0.0271448838252 0.022117537558 0.0354390266186 0.0175326229745 0.00927352294405 0.036615017524 -0.0130406078897 0.0102833623592 0.0260222830327 0.00393217054204 0.00867960042164 0.0262423296248 0.0386440329513 0.0169593050158 0.0136366844269 0.0111635615571 0.0156390040907 0.0240457987661 0.0181353121561 0.0333622884118 0.00757046206197 0.015687688009 0.0277813885044 0.0332106705763 0.0318867292549 0.0173831601014 0.0135053487893 0.0117453729049 -0.0148947867997 -0.00187491642122 -0.0053957280752 
0.0237457194401 0.49334058876 0.0534615372291 0.00845307625811 0.119474008872 0.0219636391221 0.0322174772044 -0.000621463627097 -0.00712669404546 0.0321094467753 0.00658014844767 0.0140525817402 0.0837209597488 0.0239326948624 0.0267052397586 -0.0141803420023 0.0197854847362 0.0105398751967 0.00680205279348 0.0382361031377 0.0136400084458 0.0294246044241 0.0255191326492 0.0181438983331 0.0326382275875 0.084659295341 0.0268299463319 0.0205546117586 -0.00413997792009 0.00903967225677 0.0101095432836 0.0205749324884 0.00733783450557 0.0122204716174 0.00692544350221 0.0299834644838 0.00162314583047 0.00658025600646 0.0188422291224 0.0268945274478 -0.0161107992819 0.0202896465533 0.0262751734364 0.0343251588288 0.00618356220577 0.00921539052191 0.0449575232683 0.0223670653906 0.00431343350944 0.0103983957907 
0.030764071968 0.0534615372291 0.267754167273 0.0355082046176 -0.0155300983429 0.0306115644658 0.0445502261237 0.0122649929704 0.0185996191699 0.0351749012663 0.0219904879619 0.0184425229087 0.0617715385045 0.023581359411 0.0314966498436 0.00117482123206 -0.0248785708672 0.0396168225138 0.00484069602906 0.0641943706566 0.0251717413252 0.0279397468324 0.0226972705648 -0.0012556293907 0.0353278604214 -0.0288270497135 -0.000148306354626 0.0608336806886 -0.00752272307738 0.0593708453844 -0.0124240037817 -0.024531199874 0.00833077392263 0.0149002455404 0.0359678540694 0.0438326405249 0.0187101365841 -0.00969132123626 0.0377395428429 0.011538677405 0.0401785735327 -0.00533155457127 0.0137168810962 0.038816314048 0.0374991736321 -0.00494816028709 0.0145047826037 0.00765618753833 -0.013814477564 0.00980180841886 
0.0262196047531 0.00845307625811 0.0355082046176 0.205786466794 0.00547583765429 0.0166461699443 0.0501392300086 0.0138993271659 -0.00268359230509 0.0136302622042 0.0119712991734 0.034829963603 0.0276447824425 0.0388369404411 0.00861709582449 -0.00339451210648 -0.0150699834691 0.0171338385158 0.0277890028469 0.0276378692367 0.00188718278828 0.0410116172594 0.0184575293289 0.00708653883534 0.00812438582614 0.024136290237 0.0150634788908 0.0399098831352 0.0255133421477 0.0270937403545 0.00865285029278 0.0241505681151 -0.0219947002032 0.0164096340838 0.0387375424266 0.0154197593531 0.0351477244376 0.0168592559743 0.0359106455201 0.0156352719992 0.00985404020121 0.0323058838229 0.0127522041014 0.0101424117287 0.0270021660858 0.017929689768 0.0113369956746 0.00821642163697 -0.00893140552674 -0.00551175348356 
0.0309469608709 0.119474008872 -0.0155300983429 0.00547583765429 0.421849640941 0.00779012940303 0.00999237151905 0.0247282846285 -0.0173406034137 0.0571064791015 0.0155688311045 0.0182575480047 0.0981919990462 0.00904939573846 0.00631512939393 -0.0109059312922 0.0372621619865 0.00092131710431 0.0017952602173 -0.00289685800714 -0.000104853739642 -0.0015486136075 0.0139877781509 0.0199253444445 0.0172515645581 0.0814986525082 0.0323545564217 0.0228308916239 0.0025045906874 0.0480099787703 0.0354104088415 0.059032552467 0.0575892999487 0.0195099229941 -0.00939184102585 0.00438218453161 0.034139961691 0.0220338497517 0.00660731459594 0.000949856822155 0.0803706015057 0.00734349325261 0.0155487349589 0.018107624043 0.0101853341574 0.0224312744464 0.00698683982784 0.0112997033037 0.00308332047333 0.00966802918023 
0.0174970454291 0.0219636391221 0.0306115644658 0.0166461699443 0.00779012940303 0.214802162589 0.0292399469388 -0.00175217466644 0.0112004871306 0.0113827100525 0.0206560506743 0.00563446919887 0.0271079079129 0.0182071599535 0.00693083642653 0.00551432978768 0.000478222748181 0.0061455543316 0.0393131057383 0.0248818100159 0.0175870287879 0.00327515317754 0.00720951193644 0.0160024256769 0.0166282928378 0.100709496594 0.00316924172634 0.0270619727828 0.0372883842741 0.00572203924688 0.0195819335007 -0.0201891801723 -0.011252760124 0.0054751428515 0.0152703153722 0.013889128322 0.00913994903084 0.0148391988466 0.0030067458134 0.0146721777583 -0.0109075129329 0.0147360783202 0.0182573188712 0.00952341952118 0.0562800271326 0.0119336916805 -0.0414266650655 0.00601489190755 0.00931799539232 -0.000302026439493 
-8.10446522657e-06 0.0322174772044 0.0445502261237 0.0501392300086 0.00999237151904 0.0292399469388 0.353848132735 -0.00278943944873 -0.0140226308739 -0.0053922739403 -0.00242991116967 0.0163152781158 0.0148729765712 0.0184989819501 -0.00754795565571 0.0204339778929 -0.00403038517058 -0.00570787436176 0.011678347176 0.0175762400044 0.0215032429733 0.0735330839052 0.00603101016117 0.00812578158098 -0.000373381551505 -0.0128224607336 0.00575376030286 0.00454013477948 0.0602232780995 0.028318603623 0.000565990488492 -0.0252595924828 -0.00495271377195 0.00540720163251 0.0186848079879 -0.00187299968285 0.0148512229182 -0.000427847751494 0.0192939040287 0.0276842478646 0.0165359685517 0.0122731984334 0.0284546289516 0.00686433600909 0.0287939817008 0.0289583184245 0.00125553799516 -0.0103824968136 -0.0214027657973 0.0138026581742 
0.00783870059991 -0.000621463627096 0.0122649929704 0.0138993271659 0.0247282846285 -0.00175217466644 -0.00278943944873 0.231393049794 -0.0131130712287 0.00443630925117 -0.00146432439605 0.0232301649594 0.00385533244304 0.0169642916407 -0.0137183765539 0.00813061801807 0.00552323315608 0.000601404516751 0.00326219099279 0.000506192851487 0.00892641229449 0.00429528995614 0.0245394082927 -0.00513697699881 0.0151565086053 0.00782867705507 0.0144679689099 0.00389368029417 -0.0107797385609 0.00129445751687 0.00142700513125 0.0116830119198 0.0466751147721 0.0105338696043 0.00275130026519 0.00496919341226 -0.00443180713119 0.0125966542524 0.0242400077521 -0.000182214210484 0.00769482182111 0.0261792682682 -0.000329214339998 0.0162567204002 0.0104124748547 0.000979398566652 0.000203205119317 0.00620510590801 -0.00380122215966 0.00731783549654 
0.0400402791779 -0.00712669404546 0.0185996191699 -0.00268359230509 -0.0173406034137 0.0112004871306 -0.0140226308739 -0.0131130712287 3.74764024437 0.019977405317 -0.000111768966237 -0.0114002168988 -0.00426664045174 0.0090706138505 -0.00142214727208 0.00629587541152 -0.0349850245784 0.0240501577588 0.00676188811517 0.0228502804892 0.00210625338997 -0.00334830760286 -0.00940392504231 0.0238648465927 0.00357634534863 -0.0122949788234 0.00110622721861 0.0295503136116 0.00768331100779 -0.0245305606378 -0.00983397356013 -0.0547978263004 -0.0148120847171 -0.00636383875371 -0.00631560227521 -0.017527705692 -0.0177681582424 0.00196386560543 0.0023244484182 0.0117487594227 0.0188159318954 -0.0359432747946 0.0512858053779 0.00508364569615 0.011323605262 0.0102578864424 0.0791136698004 -0.00746246664016 0.0506656091819 -0.0237049720241 
0.00139839928058 0.0321094467753 0.0351749012663 0.0136302622042 0.0571064791015 0.0113827100525 -0.0053922739403 0.00443630925117 0.019977405317 0.373968795852 0.0201974035272 0.0347939464802 0.0385603794618 0.0039307589579 0.0173652713267 0.00685970638118 0.0142359229373 0.0126919329284 0.0288383159139 0.0288755668205 0.00845895264351 0.0315081075854 -0.00293333706446 -0.00984117763727 0.018095976311 -0.00501169272654 0.0129819445733 -0.00271309683726 0.018878903239 0.0558939464551 0.0095547598912 -0.00804030475153 -0.000561563600212 0.00905742510587 0.00218620668552 0.0199374255517 0.0301428804344 0.00353343206878 0.0220809687208 0.00178553982528 0.0740813032956 -0.00697075198353 0.00653890935193 -0.00442519787848 -0.00592392673968 0.0147209306828 0.0372231346796 0.0293447381877 -0.000737786524633 0.000621919308371 
0.0112293077328 0.00658014844767 0.0219904879619 0.0119712991734 0.0155688311045 0.0206560506743 -0.00242991116967 -0.00146432439605 -0.000111768966237 0.0201974035272 0.268154322536 0.0309296519948 0.0273397225643 0.00707843422538 0.0120516416461 -0.00366380245256 -0.0160608774138 0.019251224059 0.00429479218417 0.0206989927088 0.0121807613502 0.0156892317561 0.00679947098061 -0.00667286000712 0.0195763574058 0.0932213634657 0.0244135085528 0.00757456178443 0.00491233226448 0.00860605715132 0.0213685547643 0.00324960895768 0.0545737858875 0.0222019834926 0.0132916410779 0.0227823070791 0.00236497331312 0.00790165658889 0.0160072900696 0.000471382759335 0.0141244140561 0.00413117298622 0.0123353121651 0.0151375369445 -0.00321525531616 0.00394504068007 0.0076343479378 0.05286617503 -0.00443456139017 0.00638585921626 
0.0244797533218 0.0140525817402 0.0184425229087 0.034829963603 0.0182575480047 0.00563446919887 0.0163152781158 0.0232301649594 -0.0114002168988 0.0347939464802 0.0309296519948 0.221970122268 0.0727903780657 0.0269280563663 0.0234101043824 0.00341883933073 0.0408752671597 0.0185834545905 0.0280208386355 0.0152679704851 0.0119422024415 0.0450397731256 0.0351635593697 0.0143730363123 0.0336585469336 0.0140841088948 0.0305294092193 0.0241929550456 0.00408420342856 0.0156461979755 0.0466847040144 0.0318609113663 0.0116015110277 0.0326722225091 0.0323696680241 0.0207160106777 0.0216573849261 0.0159206689643 0.0381903284787 0.021100515514 0.0210096281039 0.0329188994037 0.00641170241674 0.0208248505635 0.0201189082897 0.0014237773183 0.0244036654685 0.0119840983272 -0.0127779511926 0.0134501529497 
0.0687082880217 0.0837209597488 0.0617715385045 0.0276447824425 0.0981919990462 0.0271079079129 0.0148729765712 0.00385533244304 -0.00426664045174 0.0385603794618 0.0273397225643 0.0727903780657 0.576719529294 0.0239352775436 0.053363211003 0.0184858302794 0.0475713409579 0.0742927899897 0.0347312277135 0.0747204640051 0.0220434741412 0.033798285981 0.0283561764651 0.0412063852339 0.0432976789779 0.0172348615059 0.00548037987761 0.102335011163 0.0223819741924 0.0210463999388 0.0389618471047 0.11003409281 0.0409193710518 0.0189893285709 0.0344176076055 0.0391467579556 0.0259427631532 0.0126235941016 0.0239865565547 0.0118261901847 0.0253109269371 0.0492373918183 0.0426167599982 0.0276992351042 0.00831972561741 0.0136690134921 -0.0276574212471 0.00350655885174 0.0237340050341 0.0132744332306 
0.0312694359506 0.0239326948624 0.023581359411 0.0388369404411 0.00904939573845 0.0182071599535 0.0184989819501 0.0169642916407 0.0090706138505 0.0039307589579 0.00707843422538 0.0269280563663 0.0239352775436 0.114421831512 0.00550496744039 -0.000162017509853 -0.00119517839134 0.0157025196324 0.0121002888734 0.0211578657364 0.0233083218593 -0.00997660672105 0.0153735351868 0.00656261030777 0.0227192286032 0.010753023041 0.0265374740988 0.0202002071461 0.00164809194556 0.00934916585936 0.00931935096934 0.00242992361 -0.000501170461078 0.0206067483209 0.0387723485801 0.011145281277 0.0118243892618 0.0111409707391 0.0290263133891 0.0261539683575 -0.00201260692261 0.0212842999244 0.00609333791762 0.00558564056305 0.0392943428085 0.0128761982191 0.0325049541083 -0.000787644015477 0.00427145158304 -0.00041186102182 
0.00953743257757 0.0267052397586 0.0314966498436 0.00861709582449 0.00631512939393 0.00693083642653 -0.00754795565571 -0.0137183765539 -0.00142214727208 0.0173652713267 0.0120516416461 0.0234101043824 0.053363211003 0.00550496744039 0.177791098948 0.0273403653611 0.0269069433633 0.00687735371634 0.00392535727762 0.0443408475261 0.0116551541826 0.00733157125409 0.0171550658845 0.0024951905526 -0.00144174465724 0.0364929209813 0.0098955040188 0.059031284375 -0.0345392582308 0.0215855376091 0.00340204257816 0.006335029779 0.0823000734182 0.00839568867251 0.000468028138104 0.0209515222719 0.0137231889642 -0.0113499324816 0.00483724465382 0.00898269132969 0.0245221356532 0.0440268613496 0.0156474464109 0.0113406937409 0.0114158900195 -0.0125472695257 -0.00309199704279 0.000690416979412 -0.0111226231026 -0.00293796412914 
0.0201699816142 -0.0141803420023 0.00117482123206 -0.00339451210648 -0.0109059312922 0.00551432978768 0.0204339778929 0.00813061801806 0.00629587541152 0.00685970638118 -0.00366380245257 0.00341883933073 0.0184858302794 -0.000162017509852 0.0273403653611 0.205674877419 -0.0137509090494 -0.00558506996521 -0.00028674057567 -0.00343160834724 0.00175048253093 0.0311840644373 -0.0101444648793 -0.00890682733042 0.00119968655054 -0.0399599599139 0.0041766272148 -0.00937645181865 0.00847628753082 0.0297144490312 0.00191388369314 0.0372625956533 0.0348500023933 0.00739986303892 -0.00595095939306 -0.000569008529437 -0.00851362308479 0.00856896462544 0.0125509934378 0.00307288742044 0.0303532051629 -0.00255162680122 -0.00827577568319 0.00091982778627 -0.000758870646248 0.0150103138799 -0.00809663748923 0.0198058125841 0.044576916736 -0.0209086111292 
0.0151576226291 0.0197854847363 -0.0248785708672 -0.0150699834691 0.0372621619865 0.000478222748181 -0.00403038517058 0.00552323315608 -0.0349850245784 0.0142359229373 -0.0160608774138 0.0408752671597 0.0475713409579 -0.00119517839134 0.0269069433633 -0.0137509090494 0.390426162033 0.0083819295805 -0.00342567670664 -0.00477359826894 -0.00118137685705 0.0247112624867 0.00569341462079 -0.00843819565088 0.00102016751059 0.00446818111285 0.0285886910139 0.0441715846043 0.00192692606742 0.0415316231801 -0.00647025510843 0.151921106063 0.028481829745 0.0187403156224 -0.0142956584191 0.00715591117763 0.00720086752356 0.0554619360073 -0.00361358013234 0.00894087357457 0.0338505814163 0.0157625042481 -0.00707300481626 0.0149755447999 0.010082095083 0.00180264672265 0.0173634279743 -0.0234430413844 -0.00923068878219 0.0142334175717 
0.0408523332506 0.0105398751967 0.0396168225138 0.0171338385158 0.00092131710431 0.00614555433159 -0.00570787436176 0.00060140451675 0.0240501577588 0.0126919329284 0.019251224059 0.0185834545905 0.0742927899897 0.0157025196324 0.00687735371635 -0.00558506996521 0.0083819295805 0.316949532819 0.0112611189973 0.0189094756167 0.00793636563672 0.0207761167881 0.0219917450623 0.020398985282 0.0103860783016 -0.00475439109387 0.0084781347733 0.0309354424828 0.00598829278271 0.0246163590837 -0.00319149397292 -0.00145673277965 0.032280883086 0.00677376245702 0.0151939898348 0.0194591515521 0.00282914355772 -0.00024857283543 0.0158130284668 0.0389163607954 0.00611918662326 0.0207979408235 0.0302499610516 0.0103015809987 -0.00217949151099 0.0144485560404 0.0225652329979 -0.00352238538976 -0.00733674573588 0.0433084980398 
0.00730507282267 0.00680205279347 0.00484069602905 0.0277890028469 0.0017952602173 0.0393131057383 0.011678347176 0.00326219099279 0.00676188811517 0.0288383159139 0.00429479218417 0.0280208386355 0.0347312277135 0.0121002888734 0.00392535727762 -0.000286740575675 -0.00342567670664 0.0112611189973 0.173082647946 0.0384120277456 0.00431973357437 0.0228997922781 0.00216909427738 0.00423034985128 0.0163197849959 -0.00979029088269 0.0143110826115 0.0112211327049 0.00135662000252 0.0289642740568 0.0117054771074 -0.000501975120274 0.00719747923911 0.010097724988 0.0155454440939 0.0119283412586 0.0298844462361 0.0125911506667 0.0189703109858 0.0193151883402 0.00659574297414 0.0110679336678 0.0278023595409 0.0082850547886 0.031237071781 0.0151842310266 0.0192437280971 0.0333860585257 0.00149174053971 0.0177115704861 
0.0271448838252 0.0382361031377 0.0641943706566 0.0276378692367 -0.00289685800714 0.0248818100159 0.0175762400044 0.000506192851487 0.0228502804892 0.0288755668205 0.0206989927088 0.0152679704851 0.0747204640051 0.0211578657364 0.0443408475261 -0.00343160834724 -0.00477359826894 0.0189094756167 0.0384120277456 0.270810447215 0.029212877499 0.0214675438476 0.00587791798416 0.0173062621222 0.0273126386859 0.0283577227489 -0.00549575606478 0.0339903896981 0.0230101500354 0.00893289387392 0.0174853966311 -0.0202386959712 0.0306652606591 -0.00255456906881 0.0234793591112 0.0377582122849 0.0100869703165 -0.00375222238479 0.0221844999467 0.00653778723334 0.0444958933338 0.0178717941537 0.0320527486994 0.0113793481349 0.0230171080343 0.0175176585549 0.0106450051272 0.0532881053482 -0.00257034197737 0.00517003053089 
0.022117537558 0.0136400084458 0.0251717413252 0.00188718278828 -0.000104853739642 0.0175870287879 0.0215032429733 0.00892641229449 0.00210625338997 0.00845895264351 0.0121807613502 0.0119422024415 0.0220434741412 0.0233083218593 0.0116551541826 0.00175048253093 -0.00118137685705 0.00793636563673 0.00431973357436 0.029212877499 0.161709440923 0.0221678065757 0.00828629836867 0.00116067793838 0.00703500067049 0.0193055913762 0.00840164126533 0.0141116405277 0.00865469074633 0.00537486545998 0.0435847833817 -0.00282810227298 -0.00180416588211 0.0133663028304 0.0210506922817 -0.00514761010493 0.0234804756666 0.0127146629679 0.0167272903071 0.00814663569364 0.0091254864376 0.00668214120091 -0.00214613983957 0.00854774846254 0.0115526945305 0.011376106703 0.00417635781671 0.0283400522445 -0.00506059746221 -0.00502268527232 
0.0354390266186 0.0294246044241 0.0279397468324 0.0410116172594 -0.0015486136075 0.00327515317754 0.0735330839052 0.00429528995614 -0.00334830760286 0.0315081075854 0.0156892317561 0.0450397731256 0.033798285981 -0.00997660672105 0.00733157125409 0.0311840644373 0.0247112624867 0.0207761167881 0.0228997922781 0.0214675438476 0.0221678065757 0.362564594157 0.00778399103156 0.00934001397512 0.0156892995702 -0.0591044596755 0.0213287838548 0.0224659128545 0.0149026284103 0.0228403473258 0.0009306670268 0.0216244192536 0.0339052390776 0.0247251130352 -0.00230455313046 0.0282194103455 0.0192219443517 0.0107520429933 0.0156314151375 0.00976844699268 0.0182302530759 0.0280536783514 0.0301722718832 0.0165407924443 0.0255457123562 0.0165913467789 0.0198407212085 0.0189197431988 0.00256607032086 0.0226135842307 
0.0175326229745 0.0255191326492 0.0226972705648 0.0184575293289 0.0139877781509 0.00720951193644 0.00603101016117 0.0245394082927 -0.00940392504231 -0.00293333706446 0.00679947098061 0.0351635593697 0.0283561764651 0.0153735351868 0.0171550658845 -0.0101444648793 0.00569341462079 0.0219917450623 0.00216909427738 0.00587791798417 0.00828629836867 0.00778399103156 0.17798011558 0.0174297434766 0.0066153448125 0.016973019593 0.00701843578803 0.00212084601129 -0.00210903602722 -6.54327666505e-05 -0.00777159332606 -0.00156383182499 0.0155727719696 0.0124862107458 0.0136559259592 0.00227230619719 0.00245537772113 0.0111076671796 0.0168599540648 0.0126820127677 0.0165109125916 0.00493282482077 0.00819945338986 0.000783778901672 0.0104044254083 -0.00843845821058 0.0155561343674 -0.00316318322932 0.00965319588111 0.0129752201493 
0.00927352294404 0.0181438983331 -0.0012556293907 0.00708653883534 0.0199253444445 0.0160024256769 0.00812578158098 -0.00513697699882 0.0238648465927 -0.00984117763728 -0.00667286000712 0.0143730363123 0.0412063852339 0.00656261030776 0.0024951905526 -0.00890682733041 -0.00843819565088 0.020398985282 0.00423034985128 0.0173062621222 0.00116067793838 0.00934001397512 0.0174297434766 0.145763773746 -0.000626675271184 -0.0123583272817 0.00381799183195 0.00934139952374 -0.00857315555465 -0.021789224212 -0.0133817513518 -0.00122026435145 0.014876249801 0.00137040926911 0.0128843115005 0.00870242788621 0.00667914311411 -0.000217397311211 0.00357363770149 0.0153716146461 -0.0137127162676 -0.00249523990802 0.01832853884 0.0118562243749 0.0136246739403 0.00421901561514 0.0153647216659 0.0120240198517 0.000414158914277 0.0303218969803 
0.036615017524 0.0326382275875 0.0353278604214 0.00812438582614 0.0172515645581 0.0166282928378 -0.000373381551504 0.0151565086053 0.00357634534863 0.018095976311 0.0195763574058 0.0336585469336 0.0432976789779 0.0227192286032 -0.00144174465724 0.00119968655054 0.00102016751059 0.0103860783016 0.0163197849959 0.0273126386859 0.00703500067049 0.0156892995702 0.0066153448125 -0.00062667527119 0.251152979605 0.00131555002546 0.0203221343652 -0.0104254660934 0.0140756882104 0.00906593178198 -0.0142031204144 0.00442884083794 -0.0111846115689 0.0149971734765 0.021178204225 0.0114548148776 0.0137870556452 0.0137589581814 0.0190065351177 0.0176371012402 -0.0066968825765 -0.0026403516983 0.0363212629026 0.0186488807318 0.00690756196125 0.0192414968943 0.0266290733507 0.0111795135999 0.00674789842316 0.0144808053065 
-0.0130406078897 0.084659295341 -0.0288270497135 0.024136290237 0.0814986525082 0.100709496594 -0.0128224607336 0.00782867705507 -0.0122949788234 -0.00501169272654 0.0932213634657 0.0140841088948 0.0172348615059 0.010753023041 0.0364929209813 -0.0399599599139 0.00446818111285 -0.00475439109387 -0.00979029088269 0.0283577227489 0.0193055913762 -0.0591044596755 0.016973019593 -0.0123583272817 0.00131555002546 3.19943968493 0.00369413749268 0.0432533876136 0.013649204777 0.0273257727832 0.0139676866337 0.0246632822841 -0.0103812801373 -0.00212385227867 0.0297394289283 0.0491732033867 0.00327893266317 -0.0274490496428 0.0162454337141 0.00320094981031 -0.00795758540401 0.0402042654388 0.0175431906046 0.0271272182071 0.0185862739204 0.089188274845 -0.00221468315931 0.0405786206519 0.0401929339058 -0.00659609991944 
0.0102833623592 0.0268299463319 -0.000148306354627 0.0150634788908 0.0323545564217 0.00316924172635 0.00575376030286 0.0144679689099 0.00110622721861 0.0129819445733 0.0244135085528 0.0305294092193 0.00548037987761 0.0265374740988 0.0098955040188 0.0041766272148 0.0285886910139 0.0084781347733 0.0143110826115 -0.00549575606478 0.00840164126533 0.0213287838548 0.00701843578801 0.00381799183197 0.0203221343653 0.00369413749268 0.14268279717 0.0173253986536 0.014203139203 0.012171950762 0.00447338478865 0.0336873543142 -0.00223525308281 0.0464644199966 0.0126499045987 0.0156775275777 0.0152911793532 0.0495143834458 0.00849238466514 0.0244848840083 0.0362119724043 0.0252222378024 0.00813617461789 0.00768908228284 0.00754769401762 0.00553776391896 0.0274203017141 0.0221357693386 -0.00463138643122 0.0237254132833 
0.0260222830327 0.0205546117586 0.0608336806886 0.0399098831352 0.0228308916239 0.0270619727828 0.00454013477948 0.00389368029417 0.0295503136116 -0.00271309683726 0.00757456178443 0.0241929550456 0.102335011163 0.0202002071461 0.059031284375 -0.00937645181865 0.0441715846043 0.0309354424828 0.0112211327049 0.0339903896981 0.0141116405277 0.0224659128545 0.00212084601129 0.00934139952374 -0.0104254660934 0.0432533876136 0.0173253986536 0.441330073972 0.00538911468772 0.0282909031647 0.00151532538668 0.0263564836478 -0.00563521844633 0.00336527461069 0.0358010548741 0.0184598213945 0.024702602707 0.0194963754146 0.0157675237319 0.0316726686967 0.0489902509054 0.0545022804192 0.0165877692797 -0.00130033732923 0.0517788028188 0.0291227579863 0.00843130792486 0.0588324878988 -0.0113258935865 0.012751911587 
0.00393217054204 -0.00413997792009 -0.00752272307738 0.0255133421477 0.0025045906874 0.0372883842741 0.0602232780995 -0.0107797385609 0.00768331100779 0.018878903239 0.00491233226448 0.00408420342856 0.0223819741924 0.00164809194556 -0.0345392582308 0.00847628753082 0.00192692606742 0.00598829278271 0.00135662000252 0.0230101500354 0.00865469074633 0.0149026284103 -0.00210903602722 -0.00857315555465 0.0140756882104 0.013649204777 0.014203139203 0.00538911468772 0.308935623093 -0.0179579891014 -0.0201644523915 -0.0059798531809 -0.00442150543342 0.00424515087935 0.0238381118077 0.00190008557787 0.0155448795129 0.0103500603504 0.0046040593295 0.0212069088554 -0.00537855652576 -0.00752238866195 0.00128599768258 0.00529536049354 0.0120906163698 0.0297745200562 -0.0057144776413 0.0431778279425 0.00342025388986 -0.00494813895225 
0.00867960042164 0.00903967225677 0.0593708453844 0.0270937403545 0.0480099787703 0.00572203924689 0.028318603623 0.00129445751687 -0.0245305606378 0.0558939464551 0.00860605715132 0.0156461979755 0.0210463999388 0.00934916585935 0.0215855376091 0.0297144490312 0.0415316231801 0.0246163590837 0.0289642740568 0.00893289387392 0.00537486545998 0.0228403473257 -6.54327666524e-05 -0.021789224212 0.00906593178199 0.0273257727832 0.0121719507619 0.0282909031647 -0.0179579891014 0.31810389914 0.0274292826972 0.000619045986857 0.000317303482312 0.020732744388 -0.000622701147519 0.0265573925345 0.0138534409188 0.010304323987 0.0322052939352 -0.00334898710516 0.0633168692654 0.0297238812012 0.0133866630027 0.00326953563398 0.0075109666281 0.0287852971709 -0.0111045277919 -0.0178559957042 0.0239487305976 -0.0059743412477 
0.0262423296248 0.0101095432836 -0.0124240037817 0.00865285029278 0.0354104088415 0.0195819335007 0.000565990488495 0.00142700513125 -0.00983397356013 0.0095547598912 0.0213685547643 0.0466847040144 0.0389618471047 0.00931935096934 0.00340204257816 0.00191388369314 -0.00647025510843 -0.00319149397292 0.0117054771074 0.0174853966311 0.0435847833817 0.000930667026802 -0.00777159332606 -0.0133817513518 -0.0142031204144 0.0139676866337 0.00447338478865 0.00151532538668 -0.0201644523915 0.0274292826972 0.480346156283 0.00385337423956 0.00656863534719 0.0218679165303 0.000480074085323 0.00325683343663 -0.000146920981893 -0.0047694775933 0.0349844026327 0.0148855576925 0.0153651157547 0.0166381811698 0.0124069093354 0.0231613094193 0.00750517804603 0.0346104961894 0.0341953012658 0.0314547441082 0.00385274578496 0.00480232981934 
0.0386440329513 0.0205749324884 -0.024531199874 0.0241505681151 0.059032552467 -0.0201891801723 -0.0252595924828 0.0116830119198 -0.0547978263004 -0.00804030475153 0.00324960895768 0.0318609113663 0.11003409281 0.00242992361 0.006335029779 0.0372625956533 0.151921106063 -0.00145673277965 -0.000501975120276 -0.0202386959712 -0.00282810227298 0.0216244192536 -0.00156383182499 -0.00122026435145 0.00442884083794 0.0246632822841 0.0336873543142 0.0263564836478 -0.0059798531809 0.000619045986859 0.00385337423956 0.61505276607 0.028490959518 0.0279032478608 0.0175805210598 0.0205065923073 0.00779445946187 0.0742231713351 0.000970563283038 0.00403058841683 0.0360870085915 0.0623757892472 0.0265402977575 0.0104107336154 -0.00198257096242 -0.00307547872707 0.065429754178 -0.00322542508109 -0.038072906 0.0234668046809 
0.0169593050158 0.00733783450557 0.00833077392263 -0.0219947002032 0.0575892999487 -0.011252760124 -0.00495271377195 0.0466751147721 -0.0148120847171 -0.000561563600212 0.0545737858875 0.0116015110277 0.0409193710518 -0.000501170461079 0.0823000734182 0.0348500023933 0.028481829745 0.032280883086 0.00719747923911 0.0306652606591 -0.00180416588211 0.0339052390776 0.0155727719696 0.014876249801 -0.0111846115689 -0.0103812801373 -0.00223525308281 -0.00563521844633 -0.00442150543342 0.000317303482312 0.00656863534719 0.028490959518 2.88932500668 0.0107781430209 0.0117138816713 0.0147769818697 0.00387315268205 -0.000965916271354 -0.0249525813001 0.00273330962745 0.00933789778559 -0.0120084395206 -0.00811949265551 -0.021288204145 -0.0150095872653 0.00821981878104 -0.00181930061911 0.0218682220048 0.00162987983451 -0.00250334988019 
0.0136366844269 0.0122204716174 0.0149002455404 0.0164096340838 0.0195099229941 0.0054751428515 0.00540720163251 0.0105338696043 -0.00636383875371 0.00905742510587 0.0222019834926 0.0326722225091 0.0189893285709 0.0206067483209 0.0083956886725 0.00739986303892 0.0187403156224 0.00677376245702 0.010097724988 -0.0025545690688 0.0133663028304 0.0247251130352 0.0124862107458 0.00137040926913 0.0149971734765 -0.00212385227867 0.0464644199966 0.00336527461069 0.00424515087935 0.020732744388 0.0218679165303 0.0279032478608 0.0107781430209 0.138537311358 0.0184286401325 0.00926047819875 0.00865037072055 0.0441845250787 0.00867258679028 -0.00458566664712 0.0275211373308 0.0131458289083 0.0169317036607 0.0140215081118 0.0105532477898 0.00482105053172 0.00479623532121 -0.00362153711233 0.0042720325477 0.00787940832299 
0.0111635615571 0.00692544350221 0.0359678540694 0.0387375424266 -0.00939184102584 0.0152703153722 0.0186848079879 0.00275130026518 -0.00631560227521 0.00218620668552 0.0132916410779 0.0323696680241 0.0344176076055 0.0387723485801 0.000468028138105 -0.00595095939306 -0.0142956584191 0.0151939898348 0.0155454440939 0.0234793591112 0.0210506922817 -0.00230455313046 0.0136559259592 0.0128843115005 0.021178204225 0.0297394289283 0.0126499045987 0.0358010548741 0.0238381118077 -0.000622701147521 0.000480074085321 0.0175805210598 0.0117138816713 0.0184286401325 0.167020473359 0.0173267826007 0.0281396121647 0.00800352103759 0.0205306257602 0.0172334186673 0.0153015308805 0.0262174020046 0.0075191376378 0.0078894022668 0.048557630516 0.0250753756113 0.00773057906484 0.000127692594104 -0.0103925685171 -0.00444508662873 
0.0156390040907 0.0299834644838 0.0438326405249 0.0154197593531 0.00438218453161 0.0138891283219 -0.00187299968285 0.00496919341226 -0.017527705692 0.0199374255517 0.0227823070791 0.0207160106777 0.0391467579556 0.011145281277 0.0209515222719 -0.000569008529442 0.00715591117763 0.0194591515521 0.0119283412586 0.0377582122849 -0.00514761010493 0.0282194103455 0.0022723061972 0.00870242788621 0.0114548148776 0.0491732033867 0.0156775275777 0.0184598213945 0.00190008557787 0.0265573925345 0.00325683343663 0.0205065923073 0.0147769818697 0.00926047819876 0.0173267826007 0.194945955841 0.0191531467023 0.00676669907859 0.0114514489706 0.015561924133 0.0104815464587 0.00776843951662 0.0111124774489 0.0249275250181 -0.000243052229339 -0.00387243115519 0.0112690059994 0.0491977730528 -0.00616201752246 0.0273277281455 
0.0240457987661 0.00162314583047 0.0187101365842 0.0351477244376 0.034139961691 0.00913994903084 0.0148512229182 -0.0044318071312 -0.0177681582424 0.0301428804344 0.00236497331312 0.0216573849261 0.0259427631532 0.0118243892618 0.0137231889642 -0.00851362308478 0.00720086752357 0.00282914355772 0.0298844462361 0.0100869703165 0.0234804756666 0.0192219443517 0.00245537772114 0.00667914311409 0.0137870556452 0.00327893266317 0.0152911793532 0.024702602707 0.0155448795129 0.0138534409188 -0.000146920981891 0.00779445946186 0.00387315268205 0.00865037072055 0.0281396121647 0.0191531467023 0.138373708642 0.0159391165854 0.0136534034727 0.0131973817199 0.0249405044607 0.00420548246299 0.0246851699006 0.0142713422703 0.0209959662226 0.0100507106199 0.0278273293479 0.0148223310589 -0.00888586869576 0.00493386886116 
0.0181353121561 0.00658025600646 -0.00969132123626 0.0168592559743 0.0220338497517 0.0148391988465 -0.000427847751492 0.0125966542524 0.00196386560543 0.00353343206878 0.00790165658889 0.0159206689643 0.0126235941016 0.0111409707391 -0.0113499324816 0.00856896462544 0.0554619360073 -0.000248572835429 0.0125911506667 -0.00375222238479 0.0127146629678 0.0107520429934 0.0111076671796 -0.000217397311223 0.0137589581814 -0.0274490496428 0.0495143834458 0.0194963754146 0.0103500603504 0.010304323987 -0.0047694775933 0.0742231713351 -0.000965916271355 0.0441845250787 0.00800352103759 0.00676669907859 0.0159391165854 0.197059096695 0.00903760482402 0.00475827591215 0.0305301522112 0.0314986201692 0.0164467297571 0.0182203265086 0.0131147849246 0.00531843389289 0.0193533130006 0.00846303202111 -0.00284592222769 0.0173422660644 
0.0333622884118 0.0188422291224 0.0377395428429 0.0359106455201 0.00660731459594 0.0030067458134 0.0192939040287 0.0242400077521 0.0023244484182 0.0220809687208 0.0160072900696 0.0381903284787 0.0239865565547 0.0290263133891 0.00483724465383 0.0125509934378 -0.00361358013234 0.0158130284668 0.0189703109858 0.0221844999467 0.0167272903071 0.0156314151375 0.0168599540648 0.00357363770149 0.0190065351177 0.0162454337141 0.00849238466515 0.0157675237319 0.0046040593295 0.0322052939352 0.0349844026327 0.000970563283039 -0.0249525813001 0.00867258679028 0.0205306257602 0.0114514489706 0.0136534034727 0.00903760482402 0.172704872055 0.0275557565406 0.00163809795837 0.0233652591516 0.0159260820348 0.0169904386677 0.00470749207839 0.0314237660112 0.0367671022681 0.00141147256236 -0.000867672556887 -0.000781193887872 
0.00757046206197 0.0268945274478 0.011538677405 0.0156352719992 0.000949856822152 0.0146721777583 0.0276842478646 -0.000182214210481 0.0117487594227 0.00178553982528 0.000471382759337 0.021100515514 0.0118261901847 0.0261539683575 0.00898269132968 0.00307288742045 0.00894087357458 0.0389163607954 0.0193151883402 0.00653778723334 0.00814663569364 0.00976844699268 0.0126820127677 0.0153716146461 0.0176371012402 0.00320094981031 0.0244848840083 0.0316726686967 0.0212069088554 -0.00334898710516 0.0148855576925 0.00403058841683 0.00273330962745 -0.00458566664713 0.0172334186673 0.015561924133 0.0131973817199 0.00475827591215 0.0275557565406 0.15731394136 0.0163350807898 0.0250648539855 0.00941144713588 0.00944101563942 0.0269046178185 0.0177640762143 0.0346538642835 0.0212741286558 0.00112586078769 0.0245768065591 
0.015687688009 -0.0161107992819 0.0401785735327 0.00985404020121 0.0803706015057 -0.0109075129329 0.0165359685517 0.00769482182111 0.0188159318954 0.0740813032956 0.0141244140561 0.0210096281039 0.0253109269371 -0.00201260692261 0.0245221356532 0.0303532051629 0.0338505814163 0.00611918662326 0.00659574297414 0.0444958933338 0.0091254864376 0.0182302530759 0.0165109125916 -0.0137127162676 -0.0066968825765 -0.00795758540401 0.0362119724043 0.0489902509054 -0.00537855652576 0.0633168692654 0.0153651157547 0.0360870085915 0.00933789778559 0.0275211373308 0.0153015308805 0.0104815464587 0.0249405044607 0.0305301522112 0.00163809795837 0.0163350807898 0.372198959265 0.0163179686252 0.00373662871526 0.00212010890054 0.0458179867324 0.00532755627772 0.0134244682377 0.0127738195275 0.0343507087591 -0.0250504098695 
0.0277813885044 0.0202896465533 -0.00533155457127 0.0323058838229 0.00734349325261 0.0147360783202 0.0122731984334 0.0261792682682 -0.0359432747946 -0.00697075198353 0.00413117298622 0.0329188994037 0.0492373918183 0.0212842999244 0.0440268613496 -0.00255162680122 0.0157625042481 0.0207979408235 0.0110679336678 0.0178717941537 0.00668214120091 0.0280536783514 0.00493282482077 -0.00249523990803 -0.0026403516983 0.0402042654388 0.0252222378024 0.0545022804192 -0.00752238866195 0.0297238812012 0.0166381811698 0.0623757892472 -0.0120084395206 0.0131458289083 0.0262174020046 0.00776843951662 0.00420548246299 0.0314986201692 0.0233652591516 0.0250648539855 0.0163179686252 0.287705615976 -0.0148814076929 0.0162141409369 0.0340190280728 0.0009812040212 0.0112048077583 0.0156595544981 0.00650472817848 0.0126274916998 
0.0332106705763 0.0262751734364 0.0137168810962 0.0127522041014 0.0155487349589 0.0182573188712 0.0284546289516 -0.000329214339998 0.0512858053779 0.00653890935193 0.0123353121651 0.00641170241674 0.0426167599982 0.00609333791762 0.0156474464109 -0.00827577568319 -0.00707300481626 0.0302499610516 0.0278023595409 0.0320527486994 -0.00214613983957 0.0301722718832 0.00819945338986 0.01832853884 0.0363212629026 0.0175431906046 0.00813617461789 0.0165877692797 0.00128599768258 0.0133866630027 0.0124069093354 0.0265402977575 -0.00811949265551 0.0169317036607 0.0075191376378 0.0111124774489 0.0246851699006 0.0164467297571 0.0159260820348 0.00941144713588 0.00373662871526 -0.0148814076929 0.275559518162 0.0136772448434 0.0264787027062 0.00967344776807 0.0241798790135 0.0649995267525 -0.00312902740352 0.0199917732387 
0.0318867292549 0.0343251588288 0.038816314048 0.0101424117287 0.018107624043 0.00952341952119 0.00686433600909 0.0162567204002 0.00508364569615 -0.00442519787847 0.0151375369445 0.0208248505635 0.0276992351042 0.00558564056305 0.0113406937409 0.00091982778627 0.0149755447999 0.0103015809987 0.0082850547886 0.0113793481349 0.00854774846254 0.0165407924443 0.000783778901669 0.0118562243749 0.0186488807318 0.0271272182071 0.00768908228284 -0.00130033732923 0.00529536049355 0.00326953563398 0.0231613094193 0.0104107336154 -0.021288204145 0.0140215081118 0.0078894022668 0.0249275250181 0.0142713422703 0.0182203265086 0.0169904386677 0.00944101563942 0.00212010890054 0.0162141409369 0.0136772448434 0.251418545441 0.00342016746398 0.0122310477839 0.00749737615101 0.0142937425508 -0.0287352427968 0.0124328014675 
0.0173831601014 0.00618356220576 0.0374991736321 0.0270021660858 0.0101853341574 0.0562800271326 0.0287939817008 0.0104124748547 0.011323605262 -0.00592392673968 -0.00321525531616 0.0201189082897 0.00831972561741 0.0392943428085 0.0114158900195 -0.00075887064625 0.010082095083 -0.00217949151099 0.031237071781 0.0230171080343 0.0115526945305 0.0255457123562 0.0104044254083 0.0136246739403 0.00690756196125 0.0185862739204 0.00754769401762 0.0517788028188 0.0120906163698 0.0075109666281 0.00750517804603 -0.00198257096241 -0.0150095872653 0.0105532477898 0.048557630516 -0.00024305222934 0.0209959662226 0.0131147849246 0.00470749207839 0.0269046178185 0.0458179867324 0.0340190280728 0.0264787027062 0.00342016746398 0.190792609968 0.0194982421447 0.00245794826064 -0.00755170248353 0.0176595989092 0.00317823741245 
0.0135053487893 0.00921539052191 -0.00494816028709 0.017929689768 0.0224312744464 0.0119336916804 0.0289583184245 0.000979398566654 0.0102578864424 0.0147209306828 0.00394504068007 0.0014237773183 0.0136690134921 0.0128761982191 -0.0125472695257 0.0150103138799 0.00180264672265 0.0144485560404 0.0151842310266 0.0175176585549 0.011376106703 0.0165913467789 -0.00843845821058 0.00421901561515 0.0192414968943 0.089188274845 0.00553776391897 0.0291227579863 0.0297745200562 0.0287852971709 0.0346104961894 -0.00307547872707 0.00821981878104 0.00482105053173 0.0250753756113 -0.0038724311552 0.0100507106199 0.00531843389289 0.0314237660112 0.0177640762143 0.00532755627772 0.000981204021199 0.00967344776806 0.0122310477839 0.0194982421447 0.168229136838 0.025759396131 0.015881578764 0.042088782722 0.000633442716025 
0.0117453729049 0.0449575232683 0.0145047826037 0.0113369956746 0.00698683982784 -0.0414266650655 0.00125553799517 0.000203205119316 0.0791136698004 0.0372231346796 0.0076343479378 0.0244036654685 -0.0276574212471 0.0325049541083 -0.00309199704279 -0.00809663748922 0.0173634279743 0.0225652329979 0.0192437280971 0.0106450051272 0.00417635781671 0.0198407212085 0.0155561343674 0.0153647216659 0.0266290733507 -0.00221468315931 0.0274203017141 0.00843130792486 -0.0057144776413 -0.0111045277919 0.0341953012658 0.065429754178 -0.00181930061911 0.00479623532121 0.00773057906484 0.0112690059994 0.0278273293479 0.0193533130006 0.0367671022681 0.0346538642835 0.0134244682377 0.0112048077583 0.0241798790135 0.00749737615101 0.00245794826064 0.025759396131 0.252416020418 0.0168751470107 -0.0132362076872 -0.00132518909195 
