60
0.00787829448736 0.0887704215167 0.0422457423554 0.13190386478 0.0485380268731 0.0801839086902 0.00326137985962 0.0649972461493 0.176385145314 0.0998681056981 0.0202129727645 0.0166595463284 0.0172523696575 0.107494880462 0.082081594572 0.0751688044393 0.0230030392576 0.101022755506 0.275152850517 0.0345230729479 0.0431320253577 0.102922334335 0.103848753038 0.0704328117516 0.0697795953642 0.20394989535 0.0609589558998 0.0560151075184 0.0262084488718 0.109746753301 0.143828325424 -0.0142899737039 0.0940944116816 0.0524263551757 0.088181568025 0.0773544805674 -0.0108233812146 0.0201569416701 0.025042174885 0.18030920859 0.0520830917934 0.0132966740539 0.0100273700484 0.105790735219 0.0534982218633 0.035272852014 0.0464034886179 0.110578936942 0.115739319126 0.10004428458 0.201887649263 0.0475630895173 0.0493934577213 0.399937027552 0.187838769987 0.0657027666716 0.00238062118955 0.0479071153807 0.0216083944488 0.0408960175479 
0.14695033567 -0.00126293095763 -0.0016146977185 -0.00512916722687 -0.00447045630596 -0.00950527037181 0.0150448031831 -0.0048634945369 0.00778918185386 0.00520598136666 0.00823964060238 0.018141282642 0.00639534189618 0.00564870904043 0.00845842668187 0.0155693711558 0.00812435800999 0.00876524418844 -0.00390390959207 0.00234145862921 0.0290629963886 0.00902727874915 0.0342070205171 0.0153471388481 0.013686136478 -0.00290763929461 0.0101968361249 0.0100735519924 0.00300710311559 -0.0292920741185 0.00558859643553 0.0114382927512 0.0102875377701 -0.0024835809355 0.0141004997606 0.0185225522735 -0.00179913043732 -0.00110130209133 0.0035402760575 -0.000416816787168 0.00239626174461 0.0219141821375 0.00257842793589 0.0274129327755 0.0217230053856 -0.000433020200904 0.0113788696869 0.0141828574507 0.00267861472981 0.00453224900842 0.010942517562 0.00459493534071 0.0130892018344 -0.0144062217123 8.49189626693e-06 0.00334108709526 0.00853018732781 -0.0013212308425 0.013202587416 0.00314092208905 
-0.00126293095763 0.299192965443 0.0283138596063 -0.0111861803211 0.00864599118565 0.0113684554014 0.00309577256032 0.00697247520377 0.0452416708305 0.0115568450037 0.0202994705682 0.0304108464711 0.00784730307623 0.0472750858314 0.0131863289017 0.0172952795656 0.00930226239208 0.06210050881 -0.0418605026878 0.0248704507051 0.0206707505931 0.0197296905452 -0.0206217830957 0.0392544504972 0.0264960806475 -0.00313023070315 0.0334368331836 0.00645021031671 0.0595590719637 0.0130497846559 0.0176404679625 0.00759466367095 0.00667462912379 -0.0144590643327 -0.0143816968749 0.0354872246538 0.0302216418403 0.035468982413 0.0294963948072 0.00563550774082 0.0172991592243 0.011362545192 0.011459692363 0.00981683326546 0.0352985324883 0.0198566161922 -0.0092011680461 -0.00952207738535 0.0789681095023 0.0649164603076 -0.0043229384529 -0.00671680421726 0.011876623075 0.00687514139026 0.00750554155265 0.0130814347177 0.0176677230936 0.0343796459917 0.011608501738 -0.00048065824127 
-0.0016146977185 0.0283138596063 0.173473805749 -0.00929238509826 0.0210469764328 0.00293711851195 0.0208640292289 0.0245348725949 0.000838712744747 0.0064874083843 0.0247857363308 -0.00562293144493 -0.00735918041205 0.0382117242305 0.0146379714853 0.0244632702245 0.00546069659524 0.0203735714284 -0.0149673331581 0.00309888436331 0.0194804728776 0.0055172716409 -0.0234793327182 0.00891575795018 0.0321122537586 0.0427498648877 0.010728365821 0.00489789524877 0.00679890554008 0.0244865100876 -0.0142801456967 0.00836890530459 0.00832517192029 0.0187251540418 0.0151508147561 0.00361657920201 0.0101447857273 0.0193546024936 0.0322076244314 0.0127418707967 -0.0136740320544 0.00407832172424 -0.00171220430125 0.0160316347567 0.0340647597169 0.019966495228 0.0104086363299 -0.00670235482881 0.00209808356223 0.0314175353607 0.0127605941111 -0.00234419133472 0.0205454121695 0.000828486699355 -0.00251464019793 0.0101720047048 0.0174945232529 -0.00587504439618 0.0050748410414 -0.00283288579893 
-0.00512916722687 -0.0111861803211 -0.00929238509826 1.05803141321 3.10631895837e-05 0.0493110651585 -0.0156193128703 0.0089507961419 0.0300694760021 0.0553453451641 -0.0151868067614 -0.0346324428046 0.0261276801402 0.0206651580112 -0.000699294540464 -0.0301029228088 0.00416152154535 -0.0212647967327 0.0320432372545 -0.00928101314032 -0.0197913652165 0.0189160719255 -0.0184426964431 -0.00921409232845 -0.0257579119857 -0.0283557339234 0.0222311671985 -0.0262775378617 0.00576473325386 0.00011289077536 -0.0180890256902 -0.016786614749 0.0129768462792 0.0442675508039 0.0101205811095 -0.00844200160067 -0.0107616459952 -0.0166982754278 0.0201209624233 -0.0120323386034 -0.0271597001885 -0.00506385747131 -0.0297716027145 -0.00943287745693 0.0381610484086 -0.0140023251998 -0.010218733277 -0.0330377855074 0.00471083002735 0.0305389762739 -0.00190258386052 0.0197087146244 -0.0108222555957 0.0655221552087 -0.0327832773735 -0.00283662074388 -0.00701024202923 -0.00817627234602 -0.0226113752025 -0.000226169597293 
-0.00447045630596 0.00864599118565 0.0210469764328 3.10631895833e-05 0.174005765113 0.0245432551619 -0.00109934424619 -0.00107607259782 -0.00901780936333 0.0206744082522 0.00566973472331 0.00354970482154 0.0293847634201 0.01768673732 0.00564034400279 0.057772736217 0.0346147601503 0.00453273767826 -0.0170085082626 0.0123052199229 0.024754040909 0.0109768774386 0.00300863686639 0.0155741357856 0.0160350698063 -0.00376684648541 0.0200839551875 0.00308242970226 0.0179193914133 0.00218821320844 0.0174599937078 0.00345636108059 0.0146908078596 0.0211852101965 0.0263335578914 0.000782259537333 0.0310499707414 0.0112986330615 0.0395676758608 -0.00148976413251 0.0111084243027 0.00362208733658 0.0133420401138 0.00976836764 0.0204186329055 0.0181218500525 0.0239105551613 0.00606692361786 0.0137699342776 0.0137988954539 0.0245045124208 -0.00309378613887 0.0235156859634 0.0163080153189 0.00760862214366 0.0278180872008 0.00766807936396 -0.00336194180425 0.0271686447807 0.0178835996736 
-0.00950527037181 0.0113684554014 0.00293711851195 0.0493110651585 0.0245432551619 0.545537461753 0.00873082796813 0.0646406810334 0.0478328737339 0.0459367696454 0.00358489129595 0.0388946224193 0.00375060738766 0.0458284782608 0.00537870281496 0.00700450227143 0.0100372732293 -0.0127306391329 -0.0138589283574 0.00113294696114 0.0224135629734 0.00579787146062 -0.0147176821838 0.0444146002161 -0.00499688925568 0.0174969449969 0.0236142095995 -0.0054701167738 0.0176085744854 0.00561318205067 0.0295438432797 0.00421875659227 0.00333669083431 0.0182121882645 0.0446550548695 0.0217926374317 0.00345956790156 0.0556188738765 0.0137869090114 0.0115531397541 0.00388863724044 0.00927476662742 0.0808659011742 0.0367667031548 0.0200395509826 0.0491854473943 -0.0114767126978 0.00260764411221 0.0206804731068 -0.0417424228851 0.0232102700098 -0.00592025334361 0.00213613560179 0.0651086510228 0.0198614661125 0.00151154137459 -0.00204935441547 0.0238361425394 0.00986028881657 0.0292818954594 
0.0150448031831 0.00309577256032 0.0208640292289 -0.0156193128703 -0.00109934424619 0.00873082796813 0.145819491895 0.0137004636726 0.0137436131835 0.0121188002216 0.0156284417642 0.00224315590588 0.00558049992502 -0.00262939878322 0.00782158894947 0.0243503063386 0.0216339365892 0.0138215933723 -0.0258510189369 3.49078302444e-05 0.0241290269111 0.00260545791516 0.0248545034254 0.025398205792 0.00940258398746 -0.00474330223344 0.00306309837569 -0.000868608711872 0.0308852024741 -0.000670600118062 0.00256117681529 0.0133726231023 -0.00865713217819 0.0144748233432 0.0250854427398 0.020027422017 0.00767711459157 0.016382228763 0.0189459396694 -0.00611288499712 0.0011897222882 0.0154951730531 0.0144382777263 0.00974387289396 0.0191871448751 0.0299023977326 0.0104667898036 0.018725630153 0.0323100358763 0.00867373739312 -0.0161976054956 -0.00359755160783 0.0254488972167 0.00197394997928 0.0109570473514 0.0179052691609 0.023559218331 0.018477220271 -0.00557964556791 0.0210181651687 
-0.0048634945369 0.00697247520377 0.0245348725949 0.0089507961419 -0.00107607259783 0.0646406810334 0.0137004636726 0.258432026949 0.00663499771834 0.0343802581997 0.0184334575512 0.0176188215819 0.00456570636422 0.05283355932 0.0375020424048 0.0127268058629 0.00189354398589 -0.0164438021949 -0.069242751247 0.00775414060787 0.006689849297 -0.00101353510655 -0.0175394647298 0.0149473705169 0.0252994286888 0.0199035786832 0.0258227952518 -0.00180439408153 0.0039885988005 0.029752165862 -0.00253369535338 0.00147014664006 0.00825748284746 0.00844397260353 0.0166690321671 0.0256408211287 0.00896172288677 0.0110080439493 0.00573361905313 -0.0141699218066 0.0297901086638 0.0230715057311 0.0196808501905 0.00928294101526 0.0244914106471 0.0181943009228 -0.00250504132593 0.0253652195677 0.0315686149443 0.00494352008486 0.0041907310875 -0.000614476208875 -0.00285524871569 0.018747617458 -0.00531688327767 0.00868481877825 0.021371613156 0.0298576086702 0.029171922359 0.0202577002701 
0.00778918185386 0.0452416708305 0.000838712744747 0.0300694760021 -0.00901780936333 0.0478328737339 0.0137436131835 0.00663499771834 0.609309882614 0.0154486399971 0.0164993520204 0.00223709215665 0.00221875274066 0.0226219372277 0.081365045041 0.00355111768911 0.011737418424 0.0244008388674 -0.0315065266985 0.00513844633179 0.0404152117267 0.0559498221547 0.00502675457399 0.0118772436521 0.023373292531 0.0165999311459 0.026027410708 0.0143205287158 0.0362152554764 0.00161345106161 0.0202454520303 0.0357100471581 0.0573802298824 0.00878782549602 0.0483256411093 0.0483774722871 0.0336780232776 0.0205265835046 0.0192413828401 0.0280048920269 0.0101347934449 0.012488709035 0.0414999555873 0.0242948030065 0.018298712899 -0.00151717795187 0.0163826207324 0.0336898618283 0.00987926574163 0.0102888817138 0.0189630635888 0.00810941401391 0.0323371363172 0.0359609750002 0.0228109002698 -0.0140252656606 0.00853224887329 -0.0102676280406 0.0256477769821 -0.0120189489271 
0.00520598136666 0.0115568450037 0.0064874083843 0.0553453451641 0.0206744082522 0.0459367696454 0.0121188002216 0.0343802581997 0.0154486399971 0.37851012433 -0.00124155368258 0.0352501366321 0.00307250229969 0.0129915635243 0.0219935019221 0.0122171659121 0.00435837176165 0.010886088136 -9.13590893099e-05 0.0117404774759 0.034519572581 -0.00879301293928 0.0301474549531 0.0315676785634 0.0369812299199 0.0184594432038 0.0246857630058 0.0137806041412 0.00490866096585 0.0173041940539 0.0299778671212 0.0134183030455 0.0454728833583 0.0922803445508 0.0571671497668 0.015191998286 -0.00207490770451 0.00777577894707 0.0196870604815 0.0385429725542 -0.00198446465364 0.0236289787439 -0.00868273043117 0.0294360992919 0.0013087836031 -0.00553435985791 0.0342928048642 0.0720115807364 0.0467914182761 0.0171863846421 0.0411720940187 -0.00482983478956 0.013974218128 0.0704893793588 0.0133822919598 0.0385815313424 0.0218115196186 0.0290047116059 0.0262968381591 0.018358701318 
0.00823964060238 0.0202994705682 0.0247857363308 -0.0151868067614 0.00566973472331 0.00358489129595 0.0156284417642 0.0184334575512 0.0164993520204 -0.00124155368258 0.170923419652 0.0142742558046 0.00648807747973 0.0600431787631 0.0434116246295 0.0154789266212 0.00371692655103 -0.00195648041107 -0.00448731632136 0.019693972115 0.0254617094415 0.0305871518895 0.0247665651659 0.0206755937029 0.0224063650729 0.00648258449031 0.0439627439542 0.0284025716074 0.0398724012264 0.0599993040512 0.00855464356888 0.0193239210799 0.037161865252 0.012946950065 0.0195087779536 0.0358447480826 -0.000844096247772 0.0114407280374 0.016310103358 0.0438428695822 0.00760944059667 0.0146846632095 0.0136971485719 0.00136116159827 0.0345926360359 0.00480275707138 0.0135316779776 0.00246543465762 0.0194955455526 0.0370585209408 0.0500052012646 0.00625955336882 0.0218400009869 -0.00572048994329 0.015045288113 0.00858763392379 0.00697359463735 0.0228738306419 0.00950366181454 0.0203446010695 
0.0181412826421 0.0304108464711 -0.00562293144494 -0.0346324428046 0.00354970482154 0.0388946224193 0.00224315590588 0.0176188215819 0.00223709215665 0.0352501366321 0.0142742558046 0.191137062086 0.0145327393559 0.0247941852417 0.0165926792135 0.00939278189515 0.0107825098579 -0.0034354511437 -0.00877430332561 0.0108584610268 0.0433474341848 0.0220879683509 0.0147523867607 0.00916932440531 0.0341460990859 0.0408287114788 0.00743626279998 0.0307336095696 0.00279077719154 0.0206906659545 0.0128896741421 0.00504165125722 0.0325360964843 0.00276521391124 0.0152115240687 0.0208468447956 0.030494655087 0.0102235270089 0.0173460076816 0.00929095357039 0.0123622364467 0.00355448211947 0.0231509914388 0.0425980422103 0.0199298426415 0.0152230991854 -0.00614051428419 0.0134506398196 0.0330478902393 0.00900323358745 -0.0127684254671 -0.000237681980747 0.021179019625 0.0104000618917 0.0305552857783 0.0052671073604 0.0225560021515 -0.00394938763024 0.000435603997634 0.0108908255559 
0.00639534189618 0.00784730307623 -0.00735918041205 0.0261276801402 0.0293847634201 0.00375060738766 0.00558049992502 0.00456570636422 0.00221875274066 0.00307250229969 0.00648807747973 0.0145327393559 0.192630077177 0.0242798735194 0.0115498361857 0.0197544909855 0.00748057992769 -0.00233915620256 -0.000481974312396 0.00795951735237 0.0255286776326 0.012463811535 -0.0101446236881 -0.000681346752875 0.00266555760249 0.00985008595963 0.0170039064535 0.0170774484689 0.0164447388593 -0.0290772664977 -0.00211918525661 0.0037098054056 -1.78424714057e-05 -0.00360443960424 0.00687301327745 0.0180392890423 0.00918632259147 0.00667101850881 0.01865582387 0.00884780859131 0.00454707929463 0.0254236847889 0.00406275592735 0.022459903304 0.00328029758564 -0.0131093325486 0.0130016279993 -0.00321875145682 0.0215426288467 0.00294064763614 0.00046613421218 -0.00604508842614 0.0128357029623 0.00173787162308 0.00825014196099 0.00680154617261 0.0114808521253 -0.00104084212819 0.0144350764661 0.0122614231613 
0.00564870904043 0.0472750858314 0.0382117242305 0.0206651580112 0.01768673732 0.0458284782608 -0.00262939878322 0.05283355932 0.0226219372277 0.0129915635243 0.0600431787631 0.0247941852417 0.0242798735194 0.445883962416 0.0612569013605 0.0154422408716 0.0254460525386 0.00385271482237 0.0082979039886 0.0683430935364 0.0241509005789 -0.00323642129565 0.00176346163334 0.0205707616714 0.00732828132221 0.0425715499818 0.0419252771806 0.0448385801328 0.044994445417 0.0197572957208 0.0144956405829 0.00109309456118 0.0236346247802 -0.0030952934992 0.00308795747762 0.0311222554114 0.012962784761 0.0283002567967 0.0108116742366 -0.00380523005319 0.0147446115315 -0.00222644637836 0.0236465112317 -0.00231763826031 0.0262265525785 0.00877732989255 0.00061257927944 -0.00746937016371 0.0501445690355 0.0492572297752 0.0138921559999 -0.0193157794043 0.0311404884294 0.0289286344747 0.0952857190858 0.0347321155176 0.0357319253938 0.0425004779304 0.012147096407 0.024475615028 
0.00845842668186 0.0131863289017 0.0146379714853 -0.000699294540465 0.00564034400279 0.00537870281496 0.00782158894947 0.0375020424048 0.081365045041 0.0219935019221 0.0434116246295 0.0165926792135 0.0115498361857 0.0612569013605 0.241337575443 0.00648117465705 -0.0067036800787 0.0215477263216 -0.00885848280868 0.0137242117436 0.0106159163535 0.0119564700922 0.0138936697856 0.00837809262381 0.0156684913493 0.0359575907278 0.0396507943638 0.0267131934946 0.0267930975458 0.0324553558916 -0.0017974807315 0.00456570885469 0.0276061199502 0.0155060465444 0.0402131086566 0.0307696516462 0.00344219703226 0.0285938224549 0.00687993834818 0.0304923860616 0.0235379214953 0.0257490246648 0.0276689316891 0.0419674787984 0.00944893495083 0.0125841424774 0.007661993538 0.00192214414883 0.0202534585452 0.0542848972657 0.0322928021042 -0.00139557347011 0.0413183696768 0.0373188496715 0.0447004947012 0.0109677112374 0.00573283936812 0.00640980715186 -0.00691323820176 0.0156453692503 
0.0155693711558 0.0172952795656 0.0244632702245 -0.0301029228088 0.057772736217 0.00700450227143 0.0243503063386 0.0127268058629 0.00355111768911 0.0122171659121 0.0154789266212 0.00939278189515 0.0197544909855 0.0154422408716 0.00648117465705 0.320032811829 0.0329329516534 0.0233369178726 -0.0146662383063 0.0105381287694 0.0465510272242 0.0209390442971 -0.0159268261819 0.00998623796006 -0.0218298412365 -0.0250605135751 0.0130458288796 8.97200611155e-05 0.0557428825947 0.00126395841563 0.0418165615967 0.0113162130101 0.0204636369908 -0.00760042441005 -0.00058617237306 0.0225752313326 0.00150848781285 0.0161627994783 0.0485527344544 0.0299265630673 0.00503570734863 0.0243210353711 0.0286678503534 0.0147270241445 0.0231417100555 0.00369997391845 0.00590760751888 0.0110310691119 0.0414641063817 0.0394654984541 -0.0274339039612 0.0157378167511 0.0342484031833 0.0334500559286 -0.00797465979281 0.0307388158271 0.00341977444518 -0.00749656316562 0.020117965225 0.00688822615983 
0.00812435800999 0.00930226239208 0.00546069659523 0.00416152154535 0.0346147601503 0.0100372732293 0.0216339365892 0.00189354398589 0.011737418424 0.00435837176165 0.00371692655103 0.0107825098579 0.00748057992769 0.0254460525386 -0.0067036800787 0.0329329516534 0.117370135099 0.0151210821682 -0.00309231916241 0.00960229096671 0.0273140009698 0.00235229048354 -0.00474809961746 -0.00488557698404 0.0126910895311 -0.0196913557128 0.0159252913163 0.0133235087273 0.0116875992007 0.0136488104343 0.00450437558568 0.0161520992947 0.0214163225073 0.0101455184946 0.0203023292551 0.0237747081863 0.0271715559367 0.0118029487618 0.0161808836759 0.00744067673237 0.0269580130321 0.00491495647993 0.0105027565175 0.00853761053324 0.0332793193221 0.0104816909753 0.00674521768288 0.01148603826 0.0235691640988 0.0193087400958 0.00854085502452 0.004629084 0.0292456399668 0.00137284344295 0.0125235114225 0.0109370493759 0.0191077528355 0.0204799005174 0.0385449995249 0.00208469604346 
0.00876524418844 0.06210050881 0.0203735714284 -0.0212647967327 0.00453273767826 -0.0127306391329 0.0138215933723 -0.0164438021949 0.0244008388674 0.010886088136 -0.00195648041107 -0.0034354511437 -0.00233915620256 0.00385271482237 0.0215477263216 0.0233369178726 0.0151210821682 0.449470341938 -0.0294379753734 -0.0067117683877 0.0520101976605 -0.00378274006299 -0.0529331695395 0.0779927718579 0.0272127205258 0.00204632854447 0.0115994394178 -9.2874790439e-05 -0.00232120170657 -0.0153327404624 -0.00493427171327 0.00480802253636 0.0123772236784 0.0202470494068 0.0110268554211 0.042083696735 0.00598673862733 0.00339933747262 0.00715341053372 0.0111965093948 0.00213393345431 -0.00448240623385 0.00607385856404 -0.00555264963372 0.012102777817 0.0132873493004 -0.0157674500136 -0.00283393246981 0.0218199622694 0.00571232796619 -0.0152770794201 -0.0032603618425 0.0353847955426 -0.0258261080525 -0.00395954498537 0.00251446580086 0.0132499705412 0.00556691762315 0.0103305468721 0.013554333861 
-0.00390390959207 -0.0418605026878 -0.0149673331581 0.0320432372545 -0.0170085082626 -0.0138589283574 -0.0258510189369 -0.069242751247 -0.0315065266985 -9.13590893099e-05 -0.00448731632136 -0.00877430332561 -0.000481974312396 0.0082979039886 -0.00885848280868 -0.0146662383063 -0.00309231916241 -0.0294379753734 2.71576857868 -0.00287778455271 -0.0284605516849 -0.0166408787886 0.00538783260358 -0.012233166403 0.0156828235227 0.0519672291947 -0.00100555934803 0.00207339975935 -0.0186969286395 0.0137033359079 -0.00268178660005 0.00199514611784 -0.000687938774779 -0.028339307458 0.00619671615864 -0.0150225627757 0.00986263160111 -0.0208218969898 -0.0118519886921 0.0124030631138 -0.00721073925049 0.0220211518401 -0.023352911261 0.0180934530796 -0.0119528300514 -0.00017286039706 -0.0133205680853 0.0123684380784 -0.0737710676886 0.00719068751148 0.00381084228604 -0.0139349782315 -0.00312122203515 -0.0222943232091 0.0298377842592 0.0245934331789 -0.0101961130054 -0.011362340693 -0.0162396601769 0.0240683552491 
0.00234145862921 0.0248704507051 0.00309888436331 -0.00928101314032 0.0123052199229 0.00113294696114 3.49078302443e-05 0.00775414060787 0.00513844633179 0.0117404774759 0.019693972115 0.0108584610268 0.00795951735237 0.0683430935364 0.0137242117436 0.0105381287694 0.00960229096671 -0.0067117683877 -0.00287778455271 0.180262352319 0.0150678441488 0.0106319202971 0.0104141937791 -0.000352405981241 0.0118880570232 0.0120060675088 0.0143927310818 0.00475683015077 0.0279284265079 0.0181395947866 0.0157894691177 0.0102551393903 0.0136499071377 -0.000206776465307 0.0176450859787 0.0131554820943 -0.0111667473465 -0.00771533122091 0.0111051095799 -0.00248538403622 0.0238816129994 0.00377291866471 -0.0129478075167 0.0156673221249 0.0162913156029 0.00826261484639 0.0127811423649 0.00789454009037 0.0131092594497 0.0298243001854 -0.0111970898914 -0.0049958572913 0.00222927760238 0.01421774567 0.0275469956409 0.0290688365948 0.00542389173957 0.0468039535847 0.0147383330594 0.0409562703293 
0.0290629963886 0.0206707505931 0.0194804728776 -0.0197913652165 0.024754040909 0.0224135629734 0.0241290269111 0.006689849297 0.0404152117267 0.034519572581 0.0254617094415 0.0433474341848 0.0255286776326 0.0241509005789 0.0106159163535 0.0465510272242 0.0273140009698 0.0520101976605 -0.0284605516849 0.0150678441488 0.371767642663 0.0419879352366 -0.0135841606267 0.00528509758339 0.00479207939372 0.018393716253 0.00609780605814 0.014412407316 0.0682803289154 -0.00131365837943 0.0280858963418 0.0104441856386 -0.00511635484927 0.0162986308237 0.00410126048268 0.0369864473619 0.0175320246746 0.0283723896439 0.0191848529816 0.0338375525163 -0.0011438437223 0.00836367928281 0.0144605656085 0.00779633864633 0.0495188276301 0.0296952019907 -0.0109044979421 0.0275767040841 0.0414422079204 0.0430077757373 -0.0143128801974 0.00574283026515 0.00720057552332 0.0051615733388 0.0343102265776 0.0244218669598 0.00901442272177 0.0194060751427 0.0353612102646 0.00605574284371 
0.00902727874915 0.0197296905452 0.0055172716409 0.0189160719255 0.0109768774386 0.00579787146062 0.00260545791516 -0.00101353510655 0.0559498221547 -0.00879301293928 0.0305871518895 0.0220879683509 0.012463811535 -0.00323642129565 0.0119564700922 0.0209390442971 0.00235229048354 -0.00378274006299 -0.0166408787886 0.0106319202971 0.0419879352366 0.352776524249 0.0224458805012 0.0132310319037 0.000612969329741 -0.00457466735593 0.0341593442314 0.0147811921914 0.0343328454898 -0.00772467223567 0.043433371641 0.0244986175577 0.0422362270142 -0.00507645785872 0.0035663780906 0.011354472547 0.00980581758093 -0.0101090826808 0.00949288540354 0.0341505192382 0.0080060924202 0.0488906631104 -0.00662980400619 0.0223184236892 0.0258686575788 -0.00155265717049 0.00487600455337 0.027139266385 0.0324964531062 0.062850962245 -0.00239423062215 0.0361890652442 0.0105140190588 0.0325164987178 -0.00596540490185 0.00883479718243 0.00773355163747 0.00486073844477 0.00510362454119 0.00969377558279 
0.0342070205171 -0.0206217830957 -0.0234793327182 -0.0184426964431 0.00300863686639 -0.0147176821838 0.0248545034254 -0.0175394647298 0.00502675457399 0.0301474549531 0.0247665651659 0.0147523867607 -0.0101446236881 0.00176346163334 0.0138936697856 -0.0159268261819 -0.00474809961746 -0.0529331695395 0.00538783260358 0.0104141937791 -0.0135841606267 0.0224458805012 0.341779633786 -0.00501469938859 0.020991893742 0.00169101769232 0.00799552452424 -0.0103649685361 0.032583843642 0.0167055262316 0.0193415862044 0.0204936332802 0.0271618981518 0.00681923020313 0.0433717659777 -0.00709005520647 -0.0015071923452 0.00552367518514 -0.00103839089718 0.0100972531837 0.0163153575562 0.0065372974305 0.0105537052815 0.00806653305669 0.0268322367647 0.00381640222993 0.0170341085421 0.0342588182025 -0.0032119972797 0.0283508606732 0.0208631583852 0.00280090108905 0.0109782452648 0.0160840614105 0.0344993663145 0.0160757806963 0.0131772047154 -0.00379906058793 -0.015124475749 0.0141555847537 
0.0153471388481 0.0392544504972 0.00891575795018 -0.00921409232845 0.0155741357856 0.0444146002161 0.025398205792 0.0149473705169 0.0118772436521 0.0315676785634 0.0206755937029 0.00916932440531 -0.000681346752873 0.0205707616714 0.00837809262381 0.00998623796006 -0.00488557698404 0.0779927718579 -0.012233166403 -0.000352405981241 0.00528509758339 0.0132310319037 -0.00501469938859 0.269639284979 -0.00205554749524 0.0111302305407 0.00919277222194 0.00867790960491 -0.0117696519576 0.0139841222411 -0.00597479774786 0.0052524478439 0.0375670882324 0.0172869189931 0.0408490384787 -0.00534361491434 -0.00973971591148 0.00961212098319 -0.00209153162551 0.0202270468801 -0.000122603743742 0.00292879583474 0.0170240059635 0.00869583439474 -0.00911517946127 0.00610265258025 0.00600670773698 0.0430550466891 0.012661572194 0.00455526670215 0.00876461401982 -0.00162299164651 0.0188837203758 0.0189544946073 -0.00716208496191 0.0239736644299 0.00386330829068 0.0123081442815 0.0215636490791 0.0170097534089 
0.013686136478 0.0264960806475 0.0321122537586 -0.0257579119857 0.0160350698063 -0.00499688925568 0.00940258398746 0.0252994286888 0.023373292531 0.0369812299199 0.0224063650729 0.0341460990859 0.00266555760249 0.00732828132221 0.0156684913493 -0.0218298412365 0.0126910895311 0.0272127205258 0.0156828235227 0.0118880570232 0.00479207939372 0.00061296932974 0.020991893742 -0.00205554749524 0.417503911829 0.0450548688435 -0.0241194191504 -0.00611311077202 -0.00706974425423 0.0248672549676 -0.0117540864348 0.0140823743776 0.000617011542768 0.0121873948834 0.00957611298674 0.00180052821658 0.0658668590949 -0.00588714040639 0.00590174941383 0.210567976715 0.0595295084248 -0.00622460326667 0.00185323046543 0.0347622999075 0.00020046524343 2.48756525798e-05 0.0156523811813 0.0302096452474 0.0017728213292 0.0121657265036 0.0203484159916 0.0425055779961 0.0121374167142 0.00173362801703 0.0399946110318 -0.0087449063014 0.0403084506081 0.0038479427367 0.00550660990728 -0.00411554070698 
-0.00290763929461 -0.00313023070315 0.0427498648877 -0.0283557339234 -0.00376684648541 0.0174969449969 -0.00474330223344 0.0199035786832 0.0165999311459 0.0184594432038 0.00648258449031 0.0408287114788 0.00985008595963 0.0425715499818 0.0359575907278 -0.0250605135751 -0.0196913557128 0.00204632854447 0.0519672291947 0.0120060675088 0.018393716253 -0.00457466735593 0.00169101769232 0.0111302305407 0.0450548688435 0.700763755706 0.053625621216 0.028370786134 0.00720343671153 -0.00160282666349 -0.0122736024647 -0.00465840387338 0.0232250024018 -0.00143512070308 0.0497430971262 -0.0096449519512 0.0338616611516 -0.00962431685816 0.00405208893285 -0.0321316438773 0.006874563815 0.00705176789963 -0.00495470407338 0.0453632845382 0.00919700650929 -0.0121581854513 0.00915251768656 0.00239242823396 0.0263018710663 0.0511662064331 0.0410744147503 0.0143505280105 -0.0179748752382 0.0229095172245 0.294756163076 -0.00318463146157 0.0155197721875 0.0333276441935 -0.016315310774 0.0309361590531 
0.0101968361249 0.0334368331836 0.010728365821 0.0222311671985 0.0200839551875 0.0236142095995 0.00306309837569 0.0258227952518 0.026027410708 0.0246857630058 0.0439627439542 0.00743626279998 0.0170039064535 0.0419252771806 0.0396507943638 0.0130458288796 0.0159252913163 0.0115994394178 -0.00100555934803 0.0143927310818 0.00609780605814 0.0341593442314 0.00799552452424 0.00919277222194 -0.0241194191504 0.053625621216 0.427901166207 -0.012005252086 0.0409047572488 0.0294047926221 0.0317531220752 0.00960254129196 0.0287807936484 0.0228842497106 0.0179704265372 0.0539406195622 -0.000269968756867 0.0229907592844 0.0171051264069 -0.0061537882801 0.0108403925054 0.0119911828126 0.0108213673173 0.0199070597928 0.0356085827467 -0.00315898927663 0.0285757693442 -0.0142760854333 0.0286085103478 0.0479513179674 0.0142508998624 0.00525285977561 0.015040669656 -0.0187699474145 -0.00204536501162 0.00309043175965 0.0124005747089 0.0252790014991 0.0111607435188 0.0214903452206 
0.0100735519924 0.00645021031671 0.00489789524877 -0.0262775378617 0.00308242970226 -0.0054701167738 -0.000868608711872 -0.00180439408153 0.0143205287158 0.0137806041412 0.0284025716074 0.0307336095696 0.0170774484689 0.0448385801328 0.0267131934946 8.97200611149e-05 0.0133235087273 -9.28747904388e-05 0.00207339975935 0.00475683015077 0.014412407316 0.0147811921914 -0.0103649685361 0.00867790960491 -0.00611311077202 0.028370786134 -0.012005252086 0.351675409224 0.0152574459251 0.00994703213921 -0.00412215528148 0.013844426462 -0.0118567327914 0.00316109336016 0.00863580229524 0.00217339012128 0.0178801704204 0.00878576714074 0.00608846542427 0.00722454893301 0.00404071113782 -0.005195751353 -0.00104010407795 0.013345022886 0.000858232543308 0.0123443629793 -0.0118883598067 0.00535589659735 0.0111577160924 0.0479432260402 0.0424563138676 0.00717028308563 0.0127949133497 0.0508684078675 0.00891961843521 -0.00400177241874 0.0109781849767 -0.00869164843656 -0.0118600278786 0.0158895756694 
0.00300710311559 0.0595590719637 0.00679890554008 0.00576473325386 0.0179193914133 0.0176085744854 0.0308852024741 0.0039885988005 0.0362152554764 0.00490866096585 0.0398724012264 0.00279077719154 0.0164447388593 0.044994445417 0.0267930975458 0.0557428825947 0.0116875992007 -0.00232120170658 -0.0186969286395 0.0279284265079 0.0682803289154 0.0343328454898 0.032583843642 -0.0117696519576 -0.00706974425423 0.00720343671153 0.0409047572488 0.0152574459251 0.277016728038 0.00244316255449 0.0277469795416 0.00994853763632 0.0150647810091 -0.0240095624183 -0.0173081885924 0.0183493158004 0.0127914576301 0.022833361735 0.0104889714127 0.0112496568394 0.019460603414 0.0027813295192 0.00877731583726 0.00451300546756 0.033102524181 0.0131598002579 0.00291709587823 0.021961705143 0.0453603155118 0.112685973817 -0.0027067170322 0.0108111826349 0.00681384911513 0.0522624577874 0.0257938360008 0.0267552676813 0.016556207283 0.0319868526975 0.00106360781358 0.0171259405969 
-0.0292920741185 0.0130497846559 0.0244865100876 0.000112890775359 0.00218821320844 0.00561318205067 -0.000670600118061 0.029752165862 0.00161345106161 0.0173041940539 0.0599993040512 0.0206906659545 -0.0290772664977 0.0197572957208 0.0324553558916 0.00126395841563 0.0136488104343 -0.0153327404624 0.0137033359079 0.0181395947866 -0.00131365837943 -0.00772467223567 0.0167055262316 0.0139841222411 0.0248672549676 -0.00160282666349 0.0294047926221 0.00994703213921 0.00244316255449 0.386682028385 -0.0012766230223 -0.0177561730134 0.0760478195773 0.0740566408291 0.0299618961469 -0.00351001403305 0.00959634287275 0.015415272176 0.00860593040817 0.0369319274522 0.00182779405941 -0.00396753767388 0.0142761311057 0.0119839640894 0.00926162347568 0.00174438614823 -0.00254886073882 0.00163363573214 -0.0032476883559 0.00788944937988 0.0204513930388 -0.00227799060088 -0.00367031644985 0.047835758338 0.00646349417415 0.015806372439 0.0146722974888 0.0119887697363 0.00491334224778 0.0264629207549 
0.00558859643553 0.0176404679625 -0.0142801456967 -0.0180890256902 0.0174599937078 0.0295438432797 0.0025611768153 -0.00253369535338 0.0202454520303 0.0299778671212 0.00855464356888 0.0128896741421 -0.00211918525661 0.0144956405829 -0.0017974807315 0.0418165615967 0.00450437558568 -0.00493427171328 -0.00268178660005 0.0157894691177 0.0280858963418 0.043433371641 0.0193415862044 -0.00597479774786 -0.0117540864348 -0.0122736024647 0.0317531220752 -0.00412215528148 0.0277469795416 -0.0012766230223 0.595261880138 0.0071104712004 -0.00780017907431 -0.0051267014364 0.0234139695823 0.0322620332734 -0.00798089611518 0.0182503609471 0.0122003554976 -0.00154967839334 -0.00674441717325 0.00511115300753 0.0236987868116 -0.0130722715581 0.015474746119 0.0206396115339 -0.00499101416248 0.0104213508101 -0.000331441005355 0.0299756292794 0.0353510805104 0.0125521049504 -0.000689141663037 0.0119099149387 -0.0261486647679 0.00121148916425 -0.00782479546336 0.00927569065983 0.016168621082 0.0244026615716 
0.0114382927512 0.00759466367095 0.00836890530459 -0.016786614749 0.00345636108059 0.00421875659227 0.0133726231023 0.00147014664006 0.0357100471581 0.0134183030455 0.0193239210799 0.00504165125722 0.00370980540561 0.00109309456118 0.00456570885469 0.0113162130101 0.0161520992947 0.00480802253636 0.00199514611784 0.0102551393903 0.0104441856386 0.0244986175577 0.0204936332802 0.0052524478439 0.0140823743776 -0.00465840387338 0.00960254129196 0.013844426462 0.00994853763633 -0.0177561730134 0.0071104712004 0.176834370163 0.0371248591553 0.0185496649278 0.0103126149331 0.0235100202157 0.00207764026217 0.00760003510911 0.0196229704028 0.0393023771251 0.032552274568 0.0198185381254 -0.00205061061795 0.00870325614746 0.00788483234645 0.0168888681058 0.0076214411562 0.00757957765943 0.0166830309694 0.00152992441404 0.020539340455 0.00896044279771 0.0178951248101 0.0103307613408 0.00317140709429 -0.012882917277 0.0114704007123 0.00578925344769 0.0171253626328 0.0165528624436 
0.0102875377701 0.00667462912379 0.00832517192029 0.0129768462792 0.0146908078596 0.00333669083431 -0.00865713217819 0.00825748284746 0.0573802298824 0.0454728833583 0.037161865252 0.0325360964843 -1.78424714048e-05 0.0236346247802 0.0276061199502 0.0204636369908 0.0214163225073 0.0123772236784 -0.000687938774779 0.0136499071377 -0.00511635484927 0.0422362270142 0.0271618981518 0.0375670882324 0.000617011542768 0.0232250024018 0.0287807936484 -0.0118567327914 0.0150647810091 0.0760478195773 -0.00780017907431 0.0371248591553 0.343543810993 0.0176404985769 0.0524019182315 0.0196168491434 0.0289107696807 0.0120343115336 0.0365237202056 0.0375199505476 0.0200104627165 0.0331149565833 0.0237987762847 0.0209011652514 0.0234951447491 -0.0169523676413 0.000347358880738 0.0578871150238 0.0165399630277 -0.00146597332944 0.0201974000375 -0.00266963376748 0.0167486599862 0.0582070049486 0.0512860572248 0.0223892448849 0.0179048389607 0.0192278129169 0.000730227668503 0.0211415612783 
-0.0024835809355 -0.0144590643327 0.0187251540418 0.0442675508039 0.0211852101965 0.0182121882645 0.0144748233432 0.00844397260354 0.00878782549602 0.0922803445508 0.012946950065 0.00276521391123 -0.00360443960423 -0.0030952934992 0.0155060465444 -0.00760042441005 0.0101455184946 0.0202470494068 -0.028339307458 -0.000206776465308 0.0162986308237 -0.00507645785872 0.00681923020313 0.0172869189931 0.0121873948834 -0.00143512070308 0.0228842497106 0.00316109336016 -0.0240095624183 0.0740566408291 -0.0051267014364 0.0185496649278 0.017640498577 0.252042128163 0.0928226434097 0.0194829743684 -0.00863505713013 -0.00819240042356 0.00142374452205 -0.000211978509473 0.00158597232378 0.0238605133807 -0.000911651323011 0.00897802889747 -0.00443553858351 0.0060631244241 0.0239581776415 0.0506595912361 -0.00588725110563 0.00695268824212 0.0579205177714 0.0103677929243 -0.00368699275571 0.0607367592844 -0.000989474138779 0.0140777454522 0.000440547294115 -0.00114588589026 0.0345268760718 0.0168873732914 
0.0141004997606 -0.0143816968749 0.0151508147561 0.0101205811095 0.0263335578914 0.0446550548695 0.0250854427398 0.0166690321671 0.0483256411093 0.0571671497668 0.0195087779536 0.0152115240687 0.00687301327745 0.00308795747762 0.0402131086566 -0.00058617237306 0.0203023292551 0.0110268554211 0.00619671615864 0.0176450859787 0.00410126048269 0.0035663780906 0.0433717659777 0.0408490384787 0.00957611298674 0.0497430971262 0.0179704265372 0.00863580229524 -0.0173081885924 0.0299618961469 0.0234139695823 0.0103126149331 0.0524019182315 0.0928226434097 0.330375043856 0.0439240745114 0.0115847943702 0.00940086452999 0.0249760948861 -0.011408041211 -0.0171890705282 0.0148411531136 0.00625397167439 -0.0215844056365 0.00253193703689 0.0299427557293 0.0138031659 0.0247792743015 -0.0169103056638 0.0216173716059 0.081489067682 0.0109903357972 0.0116698871811 0.0730462357728 0.0187295697087 -0.0128434353129 -0.0021563258134 0.00975979072198 0.00847478622606 0.0271935137605 
0.0185225522735 0.0354872246538 0.00361657920201 -0.00844200160067 0.000782259537334 0.0217926374317 0.020027422017 0.0256408211287 0.0483774722871 0.015191998286 0.0358447480826 0.0208468447956 0.0180392890423 0.0311222554114 0.0307696516462 0.0225752313326 0.0237747081863 0.042083696735 -0.0150225627757 0.0131554820943 0.0369864473619 0.011354472547 -0.00709005520647 -0.00534361491434 0.00180052821658 -0.0096449519512 0.0539406195622 0.00217339012128 0.0183493158004 -0.00351001403305 0.0322620332734 0.0235100202157 0.0196168491434 0.0194829743684 0.0439240745114 0.264516084768 -0.00233862856619 0.0278290154472 0.0166980069957 0.0126813793881 -0.00464714518637 0.0133539107847 0.0242334498758 0.0230358116196 0.0277543348345 0.050493115844 0.00767230657303 -0.00359253996938 0.0280774943471 0.0402795130546 0.054148818058 0.0239593927837 0.00344284785355 0.0496577349387 -0.0166983155921 0.0195477264811 0.00902537970889 0.00792856656293 0.0102792089416 0.0487845375611 
-0.00179913043732 0.0302216418403 0.0101447857273 -0.0107616459952 0.0310499707414 0.00345956790156 0.00767711459157 0.00896172288677 0.0336780232776 -0.00207490770451 -0.000844096247771 0.030494655087 0.00918632259147 0.012962784761 0.00344219703226 0.00150848781285 0.0271715559367 0.00598673862733 0.00986263160111 -0.0111667473465 0.0175320246746 0.00980581758093 -0.0015071923452 -0.00973971591148 0.0658668590949 0.0338616611516 -0.000269968756867 0.0178801704204 0.0127914576301 0.00959634287275 -0.00798089611518 0.00207764026217 0.0289107696807 -0.00863505713012 0.0115847943702 -0.00233862856618 0.188259586215 0.0232735825473 0.0274417692454 0.0173923893105 0.0412195314984 0.000834527763068 0.0238750632538 0.0229898219276 0.0239449264106 -0.000607359786874 -0.00941856544963 0.0184862576165 0.0253889391391 0.0102571490365 0.0524553479508 -0.00874241737497 0.0101655669611 0.0130704435715 0.0536615553748 0.0122577434626 0.050159250408 0.0114109713306 0.0104752009555 0.00146763017125 
-0.00110130209133 0.035468982413 0.0193546024936 -0.0166982754278 0.0112986330615 0.0556188738765 0.016382228763 0.0110080439493 0.0205265835046 0.00777577894707 0.0114407280374 0.0102235270089 0.00667101850881 0.0283002567967 0.0285938224549 0.0161627994783 0.0118029487618 0.00339933747262 -0.0208218969898 -0.00771533122091 0.0283723896439 -0.0101090826808 0.00552367518514 0.00961212098319 -0.00588714040639 -0.00962431685816 0.0229907592844 0.00878576714074 0.022833361735 0.015415272176 0.0182503609471 0.00760003510911 0.0120343115336 -0.00819240042356 0.00940086452999 0.0278290154472 0.0232735825473 0.166086926378 0.00813496220147 0.0190046513546 0.0171380785188 0.00831679979203 0.0312182177084 0.0271652093496 0.0236834708359 0.0465508765025 3.29807907486e-06 -0.00374604297744 0.0277378816976 0.0362125763932 -0.00102459065059 -0.00442019008492 0.0223025551665 0.0160108095597 0.00297696628196 0.00862099366804 -0.000409354769457 0.0174666389651 0.0113639638848 0.00521956027502 
0.0035402760575 0.0294963948072 0.0322076244314 0.0201209624233 0.0395676758608 0.0137869090114 0.0189459396694 0.00573361905313 0.0192413828401 0.0196870604815 0.016310103358 0.0173460076816 0.01865582387 0.0108116742366 0.00687993834818 0.0485527344544 0.0161808836759 0.00715341053372 -0.0118519886921 0.0111051095799 0.0191848529816 0.00949288540354 -0.00103839089719 -0.00209153162551 0.00590174941383 0.00405208893285 0.0171051264069 0.00608846542427 0.0104889714127 0.00860593040817 0.0122003554976 0.0196229704028 0.0365237202056 0.00142374452205 0.0249760948861 0.0166980069957 0.0274417692454 0.00813496220147 0.159498775002 0.0154302631099 0.00160662760992 0.0174040001607 0.00757048657234 0.0138406026321 0.0281978253131 0.0022919083091 0.013381631145 0.00255988678763 -0.00189374488076 0.0237974320964 -0.000437304124328 -0.00532281024501 0.0112377607584 0.0191017341818 0.0174355049102 0.0136796335242 0.0141487947896 0.0100919529263 0.0318551994652 0.0218476380342 
