30
0.151795006465 0.12825177486 0.072987431854 -0.0142899737039 0.0070666509449 0.033790820858 0.0901624306535 0.0521298167044 0.00788248566947 0.0913653440874 0.00633581846688 0.0309991269713 0.424855775916 0.0100273700484 0.0905831054983 0.171628318037 0.0251356843311 0.0201569416701 0.00496789573306 0.101218808556 0.168192385625 0.0825599502725 0.0203567883068 0.080702843163 0.0363676427781 0.0429486266904 0.085684238521 0.126255379542 0.00238062118955 0.0403512104362 
0.46262289105 0.125652558644 0.0297839928599 0.0100155152009 -0.00532210729042 0.0155567720655 0.00560580424407 0.0104347021424 0.00216264312839 0.0716544544272 0.0197478055586 0.0304619993388 -0.0509222054839 0.0108240025483 0.0249159906618 0.0529780340827 0.0127710108411 0.00456049830377 0.0526852880221 0.00541511408416 0.0100327670545 -0.0111165948176 -0.00330304233352 0.162496521912 0.0103325002579 -0.00281495336954 0.00602440287728 0.0328254557974 0.0400150446502 0.0266599929798 
0.125652558644 0.534225416346 -0.0031626750613 0.000387879382379 0.00865131058551 -0.00114540653279 -0.00325919090351 0.0134865986878 0.0150299170576 0.0200749799426 -0.00149910158911 -0.0248554586199 -0.000586451577442 0.02270445316 0.0369217558322 0.0270513842782 0.020442569762 0.00806503719279 0.0210302444792 0.00700085527487 -0.0257283435584 -0.00790401232104 -0.00231680735481 0.0752583186066 0.00988640745826 0.0115902156571 -0.0102605981495 0.00319620116473 0.0247469229769 0.0126362349459 
0.0297839928599 -0.0031626750613 0.489246112832 0.0114722146512 -0.0113742626153 0.00120146238432 -0.0238280906963 -0.00240809660537 0.00382888443231 -0.00912459215395 0.00756307935058 0.0121359374021 0.0354182828804 0.00507473641962 0.0168654041047 0.0196230428249 0.0171542154707 -0.00198420468288 0.00776514273048 0.00761700505344 0.0104992728382 -0.00629215348609 0.0145319577541 0.00924403207883 0.000988082287003 0.0173884601382 -0.00495795199963 0.00175325747164 0.0127906610054 0.00892313622687 
0.0100155152009 0.00038787938238 0.0114722146512 0.187555864795 0.0223459588614 0.0292319400312 0.0131315491317 0.0181055831339 0.0244695874381 0.0160515875276 0.0181288777485 -0.00370893800303 0.0403949759191 0.000624279208326 0.0165115193998 0.00678931459512 0.024042762033 0.016554497039 0.00855542115023 0.0235888518747 0.0102571990305 0.0280467287051 -0.00191853847791 -0.00217806418775 0.0249044381659 0.00391142127665 0.0214819397841 0.028660666335 0.0174466091402 0.00519204146092 
-0.00532210729042 0.00865131058551 -0.0113742626153 0.0223459588614 0.181189394933 0.0163271847309 0.00665874325312 0.0096920334699 0.00371168619618 -0.0144567412039 0.00987972692396 -0.0079067346624 0.00472684734177 0.0109491761758 0.00965746980622 0.0126398082089 0.0106086833259 -0.00291243005732 -0.000583644056417 0.0121887898813 0.0126994522661 0.00817612589301 0.0150624067635 0.00957896982402 0.0161818453193 0.00803089818099 0.0245855319592 0.0408767380653 0.00396696719457 0.00364989205841 
0.0155567720655 -0.00114540653279 0.00120146238432 0.0292319400312 0.0163271847309 0.185786752466 0.0240130003092 0.019737637205 0.0236511589627 0.0386746864941 0.0213142083813 0.0204255863689 -0.00554417076453 0.00631815495377 0.00145927749458 0.018824540607 0.0158171720455 0.0141538479922 0.0071132429476 0.00670654248839 0.0118959320719 0.00592032022367 0.0122961630758 0.0228554888088 0.0284716620538 0.00572920855251 0.00488013773699 0.0193048795466 0.0138579727422 0.0145513962431 
0.00560580424407 -0.0032591909035 -0.0238280906963 0.0131315491317 0.00665874325312 0.0240130003092 0.545076824957 0.0247045217787 0.0111308538527 0.0963412199339 0.0540037481552 -0.0149789737311 0.0123231995844 0.0201485935661 0.0209208330658 0.0128054817105 0.011887104567 0.0150060384198 -0.000907221619587 0.0561407246249 0.0195355124618 0.028575157715 0.00396021448908 0.0106088021155 0.0186073912688 0.0214087769055 0.0442004676504 0.0728838562384 -0.00117497188081 0.00108448013915 
0.0104347021424 0.0134865986878 -0.00240809660537 0.0181055831339 0.0096920334699 0.019737637205 0.0247045217787 0.159316751827 0.0270174946225 0.0193465655899 0.0166630160788 0.0230170326351 0.00626131950359 0.0102990209108 0.017578024445 0.0155699629173 0.0325182160569 0.0223924169587 0.00396910550357 0.0300194473752 0.0301139802 0.0425997122765 0.0389714618319 -0.00969943240956 0.0363004159908 0.0154753499848 0.0109823813765 0.00666151146289 0.00688342750954 0.0140315705785 
0.00216264312839 0.0150299170576 0.00382888443231 0.0244695874381 0.00371168619618 0.0236511589627 0.0111308538527 0.0270174946225 0.237859123495 0.0132023143609 0.0112227375578 0.00535392661862 -0.00496070624211 0.0320444293837 0.0148302331778 0.0175257684699 0.032384496394 0.0278774821664 0.00228647309376 0.0403602990639 0.0244189232512 0.038847307112 0.0323062283814 0.0290632415171 0.0452485455919 0.00339105481513 0.0236500714587 0.0233401577396 0.014240911906 0.0164310876688 
0.0716544544272 0.0200749799426 -0.00912459215395 0.0160515875276 -0.0144567412039 0.0386746864941 0.0963412199339 0.0193465655899 0.0132023143609 0.339371426987 0.0403667206053 0.00961669692148 0.141250417432 0.0261574661357 0.0053107794973 0.0195363551399 0.0135955921434 0.00515546571674 0.0255696357103 0.021341221625 0.0227325371358 0.0117001155145 0.0109350690787 0.0223069365817 0.0496506227898 0.0198411576759 0.0258038463736 0.0543276354048 0.0314110240759 0.0365486744517 
0.0197478055586 -0.00149910158911 0.00756307935058 0.0181288777485 0.00987972692396 0.0213142083813 0.0540037481552 0.0166630160788 0.0112227375578 0.0403667206053 0.198371471186 0.0240110590715 0.0248228037223 0.0129700589213 0.0210046336948 0.00921811094284 0.0223795488447 0.0158486773679 -0.00548299949168 0.0242513483151 0.0313198268163 0.0193752609707 0.0183673896151 -0.00816187033827 0.0317658860842 0.0137385385055 0.0237858557333 0.0233347902978 0.000578486301652 0.00915453494655 
0.0304619993388 -0.0248554586199 0.0121359374021 -0.00370893800303 -0.0079067346624 0.0204255863689 -0.0149789737311 0.0230170326351 0.00535392661862 0.00961669692148 0.0240110590715 0.484600520308 0.0101439966824 -0.0171720193783 0.0132854880862 0.00844754535461 0.00786099637959 -0.00460431827663 -2.26713614313e-05 0.0155353943234 -0.00283578603983 0.0167936097376 0.0232462121312 -0.00903989469749 0.00571502314567 0.0600752405921 0.0188574789332 0.00667055882175 0.0179791527496 0.0333239280401 
-0.0509222054839 -0.000586451577442 0.0354182828804 0.0403949759191 0.00472684734177 -0.00554417076453 0.0123231995844 0.00626131950359 -0.00496070624211 0.141250417432 0.0248228037223 0.0101439966824 3.74627271495 0.00520433451953 0.0188300831208 -0.00923862156138 0.00244407607454 -0.0206049937773 0.00589265942436 0.05603577868 0.0245204932692 -0.0152490266729 0.0351614469231 -0.0331600019418 0.0316006402089 0.00350624471526 0.00264653113212 0.0435430244815 -0.0045972530334 0.00408901527773 
0.0108240025483 0.02270445316 0.00507473641961 0.000624279208326 0.0109491761758 0.00631815495377 0.0201485935661 0.0102990209108 0.0320444293837 0.0261574661357 0.0129700589213 -0.0171720193783 0.00520433451953 0.186647820236 0.0211438256979 -0.00749404698481 0.0124928209494 0.0534603900428 0.0233653821276 0.0214744707978 0.0129223123941 0.0111056502845 0.0194910829013 0.000422135700361 0.0172593923907 0.0127831488108 0.0149495947823 0.0237780592883 0.0144030231699 0.0244495318686 
0.0249159906618 0.0369217558322 0.0168654041047 0.0165115193998 0.00965746980622 0.00145927749458 0.0209208330658 0.017578024445 0.0148302331778 0.0053107794973 0.0210046336948 0.0132854880862 0.0188300831208 0.0211438256979 0.324201465155 0.0236474859079 0.010758900617 0.0254162235081 0.0156780739969 0.022172015492 -0.00317999022486 0.0146750876055 0.0230055587783 0.00606508785655 0.0217534785092 0.00481595460694 0.00362966585341 0.0260251349809 0.0310238082085 0.029482439652 
0.0529780340827 0.0270513842782 0.0196230428249 0.00678931459512 0.0126398082089 0.018824540607 0.0128054817105 0.0155699629173 0.0175257684699 0.0195363551399 0.00921811094284 0.00844754535461 -0.00923862156138 -0.00749404698481 0.0236474859079 0.279667902513 -0.00310653235561 0.021612059603 0.039037050482 0.0166938818337 0.0175104515489 0.0329162977138 0.0481814434137 0.00126056692249 0.0317219773449 0.0272467492929 -0.00481407388104 0.0134920781563 0.0238203767851 0.0308642508778 
0.0127710108411 0.020442569762 0.0171542154707 0.024042762033 0.0106086833259 0.0158171720455 0.011887104567 0.0325182160569 0.032384496394 0.0135955921434 0.0223795488447 0.00786099637959 0.00244407607454 0.0124928209494 0.010758900617 -0.00310653235561 0.131435785269 0.0181198947028 0.0118579179605 0.0227024795142 0.028714980826 0.00421982908397 0.0371197745725 -0.00801112588355 0.0207220553084 0.00269562530289 0.0156951810467 0.02432812883 0.0151177225789 0.0094606423378 
0.00456049830377 0.00806503719279 -0.00198420468288 0.016554497039 -0.00291243005732 0.0141538479922 0.0150060384198 0.0223924169587 0.0278774821664 0.00515546571675 0.0158486773679 -0.00460431827663 -0.0206049937773 0.0534603900428 0.0254162235081 0.021612059603 0.0181198947028 0.193498163183 0.0177531650174 0.038495815036 -0.00879769279553 0.00989914730849 0.0239245223661 0.0148814905651 2.96977493146e-06 0.00653336976702 0.00776604614856 0.0301576605059 0.00900267794641 0.0341596964049 
0.0526852880221 0.0210302444792 0.00776514273048 0.00855542115023 -0.000583644056417 0.0071132429476 -0.000907221619587 0.00396910550357 0.00228647309377 0.0255696357103 -0.00548299949168 -2.26713614307e-05 0.00589265942436 0.0233653821276 0.0156780739969 0.039037050482 0.0118579179605 0.0177531650174 0.177131980525 0.024055094583 0.0140501683951 0.0024388368916 -0.00247246342118 0.0262980664495 0.00681810086416 0.0261665745406 0.0138601150608 0.00550263406926 0.0564882289919 0.0186522728526 
0.00541511408416 0.00700085527487 0.00761700505343 0.0235888518747 0.0121887898813 0.00670654248839 0.0561407246249 0.0300194473752 0.0403602990639 0.021341221625 0.0242513483151 0.0155353943234 0.05603577868 0.0214744707978 0.022172015492 0.0166938818337 0.0227024795142 0.038495815036 0.024055094583 0.329782887225 -0.0198284179869 0.0323895035516 -0.00177694164457 -0.0116024938436 0.0272817689933 0.0194612731863 0.0974079992827 0.0302901627644 0.0202585558126 0.0164376491234 
0.0100327670545 -0.0257283435584 0.0104992728382 0.0102571990305 0.0126994522661 0.0118959320719 0.0195355124618 0.0301139802 0.0244189232512 0.0227325371358 0.0313198268163 -0.00283578603982 0.0245204932692 0.0129223123941 -0.00317999022486 0.0175104515489 0.028714980826 -0.00879769279553 0.0140501683951 -0.0198284179869 0.713900833456 0.0116626433083 0.0440772734006 0.04536557901 0.00575568620152 -0.013706798416 0.0108736494328 -0.00220515188094 -0.00338109454017 0.0128970862997 
-0.0111165948176 -0.00790401232105 -0.00629215348609 0.0280467287051 0.00817612589301 0.00592032022367 0.028575157715 0.0425997122765 0.038847307112 0.0117001155145 0.0193752609707 0.0167936097376 -0.0152490266729 0.0111056502845 0.0146750876055 0.0329162977138 0.00421982908397 0.00989914730849 0.0024388368916 0.0323895035516 0.0116626433083 0.370638315787 0.0324257925556 -0.011723743968 0.0175424090862 0.0452523649441 -0.000197021416333 0.00594211025893 0.0217970445298 -0.00540504119444 
-0.00330304233352 -0.00231680735481 0.0145319577541 -0.00191853847791 0.0150624067635 0.0122961630758 0.00396021448908 0.0389714618319 0.0323062283814 0.0109350690787 0.0183673896151 0.0232462121312 0.0351614469231 0.0194910829013 0.0230055587783 0.0481814434137 0.0371197745725 0.0239245223661 -0.00247246342117 -0.00177694164457 0.0440772734006 0.0324257925556 0.267067189407 -0.0232337655903 0.018512860568 0.00841240789826 -0.0165784311649 0.0182669486747 0.0109145023607 0.0289712914195 
0.162496521912 0.0752583186066 0.00924403207883 -0.00217806418775 0.00957896982402 0.0228554888088 0.0106088021155 -0.00969943240956 0.0290632415171 0.0223069365817 -0.00816187033827 -0.00903989469748 -0.0331600019418 0.000422135700361 0.00606508785655 0.00126056692249 -0.00801112588355 0.0148814905651 0.0262980664495 -0.0116024938436 0.04536557901 -0.011723743968 -0.0232337655903 0.425033711744 -0.000197540456279 0.022519295051 0.0249543433825 0.0483675098719 0.010773523864 0.0240100320123 
0.0103325002579 0.00988640745826 0.000988082287002 0.0249044381659 0.0161818453193 0.0284716620538 0.0186073912688 0.0363004159908 0.0452485455919 0.0496506227898 0.0317658860842 0.00571502314567 0.0316006402089 0.0172593923907 0.0217534785092 0.0317219773449 0.0207220553084 2.96977493155e-06 0.00681810086416 0.0272817689933 0.00575568620152 0.0175424090862 0.018512860568 -0.000197540456279 0.199758637398 0.0164271503319 0.0243184763512 0.0201999067191 0.013111525569 0.0204509347846 
-0.00281495336954 0.0115902156571 0.0173884601382 0.00391142127665 0.00803089818099 0.00572920855251 0.0214087769055 0.0154753499848 0.00339105481513 0.0198411576759 0.0137385385055 0.0600752405921 0.00350624471526 0.0127831488108 0.00481595460694 0.0272467492929 0.00269562530289 0.00653336976702 0.0261665745406 0.0194612731863 -0.013706798416 0.0452523649441 0.00841240789826 0.022519295051 0.0164271503319 0.20746968681 0.00413267453428 0.00394031358736 0.0174637451205 -0.00395727920998 
0.00602440287728 -0.0102605981495 -0.00495795199964 0.0214819397841 0.0245855319592 0.00488013773699 0.0442004676504 0.0109823813765 0.0236500714587 0.0258038463736 0.0237858557333 0.0188574789332 0.00264653113212 0.0149495947823 0.00362966585341 -0.00481407388104 0.0156951810467 0.00776604614856 0.0138601150608 0.0974079992827 0.0108736494328 -0.000197021416334 -0.0165784311649 0.0249543433825 0.0243184763512 0.00413267453428 0.463186848242 0.0572084357227 0.00357563827065 0.0282777166409 
0.0328254557974 0.00319620116473 0.00175325747164 0.028660666335 0.0408767380653 0.0193048795466 0.0728838562384 0.00666151146289 0.0233401577396 0.0543276354048 0.0233347902978 0.00667055882175 0.0435430244815 0.0237780592883 0.0260251349809 0.0134920781563 0.02432812883 0.0301576605059 0.00550263406926 0.0302901627644 -0.00220515188093 0.00594211025893 0.0182669486747 0.0483675098719 0.0201999067191 0.00394031358736 0.0572084357227 0.529685077797 0.0109651001002 0.0138453132791 
0.0400150446502 0.0247469229769 0.0127906610054 0.0174466091402 0.00396696719457 0.0138579727422 -0.00117497188081 0.00688342750954 0.014240911906 0.0314110240759 0.000578486301652 0.0179791527496 -0.0045972530334 0.0144030231699 0.0310238082085 0.0238203767851 0.0151177225789 0.00900267794641 0.0564882289919 0.0202585558126 -0.00338109454017 0.0217970445298 0.0109145023607 0.010773523864 0.013111525569 0.0174637451205 0.00357563827065 0.0109651001002 0.130253692858 0.0104838944417 
0.0266599929798 0.0126362349459 0.00892313622687 0.00519204146092 0.00364989205841 0.0145513962431 0.00108448013915 0.0140315705785 0.0164310876688 0.0365486744517 0.00915453494655 0.0333239280401 0.00408901527773 0.0244495318686 0.029482439652 0.0308642508778 0.0094606423378 0.0341596964049 0.0186522728526 0.0164376491234 0.0128970862997 -0.00540504119444 0.0289712914195 0.0240100320123 0.0204509347846 -0.00395727920998 0.0282777166409 0.0138453132791 0.0104838944417 0.184554646196 
0.0400643176022 0.0108818307837 0.00257936944428 0.000867369059601 -0.000460908011517 0.00134725598096 0.0004854768884 0.000903671713624 0.00018729038885 0.00620545778282 0.00171021012827 0.00263808652774 -0.00440999235658 0.000937386117746 0.00215778808736 0.00458803233582 0.00110600198204 0.000394950738498 0.00456267978328 0.000468962636127 0.000868863113943 -0.000962725351559 -0.00028605185706 0.0140726116003 0.000894820770797 -0.000243782112849 0.000521728593435 0.00284276786114 0.00346540452006 0.00230882311852 
0.0108818307837 0.0462652781903 -0.0002738956947 3.35913398745e-05 0.000749225474308 -9.9195115506e-05 -0.000282254211822 0.00116797370743 0.00130162899887 0.00173854426108 -0.000129826005902 -0.00215254585875 -5.07881964154e-05 0.00196626332156 0.0031975178503 0.00234271859925 0.00177037847325 0.000698452709142 0.00182127259668 0.000606291851626 -0.00222813991189 -0.000684507546185 -0.000200641402494 0.00651756157594 0.000856188001102 0.00100374211944 -0.000888593865549 0.000276799140426 0.00214314639635 0.00109433004714 
0.00257936944428 -0.0002738956947 0.0423699562415 0.000993522932561 -0.000985040037416 0.000104049694651 -0.00206357318667 -0.000208547283501 0.000331591118654 -0.000790212860449 0.000654981884844 0.0010510030089 0.00306731327328 0.00043948506569 0.00146058683998 0.00169940535859 0.00148559863796 -0.000171837166169 0.00067248108686 0.000659651987703 0.000909263699912 -0.000544916476347 0.00125850445818 0.000800556661366 8.55704361574e-05 0.00150588482124 -0.000429371238243 0.000151836550981 0.00110770373619 0.00077276626539 
0.000867369059601 3.35913398745e-05 0.000993522932561 0.0162428143541 0.00193521680459 0.00253156026689 0.00113722551391 0.00156798949443 0.00211912843415 0.001390108257 0.00157000686723 -0.000321203453169 0.00349830753312 5.40641653465e-05 0.00142993952553 0.000587971891366 0.00208216426977 0.00143366149827 0.000740921205618 0.00204285449696 0.00088829949321 0.00242891795517 -0.000166150306001 -0.000188625891767 0.00215678761186 0.000338739019048 0.00186039055756 0.00248208651355 0.00151092067253 0.000449643980266 
-0.000460908011517 0.000749225474308 -0.000985040037416 0.00193521680459 0.0156914618908 0.00141397567493 0.000576664081448 0.000839354719926 0.000321441453677 -0.00125199051385 0.00085560944986 -0.000684743307862 0.000409356987779 0.000948226471878 0.000836361418847 0.00109463950079 0.000918738926089 -0.000252223841638 -5.05450579625e-05 0.00105558016786 0.00109980482766 0.000708073272789 0.00130444268993 0.000829563120969 0.00140138891266 0.000695496183995 0.00212916952422 0.00354002935884 0.000343549436648 0.000316089924365 
0.00134725598096 -9.9195115506e-05 0.000104049694651 0.00253156026689 0.00141397567493 0.0160896047322 0.00207958682889 0.00170932952302 0.00204825044906 0.00334932609873 0.00184586459198 0.00176890766826 -0.0004801392725 0.000547168269501 0.000126377138148 0.00163025303803 0.00136980728074 0.00122575919225 0.000616024909591 0.000580803616651 0.00103021793759 0.000512714771224 0.00106487895927 0.00197934339243 0.00246571826266 0.000496164015005 0.00042263232542 0.00167185161044 0.00120013564397 0.00126018788071 
0.000485476888401 -0.000282254211822 -0.00206357318667 0.00113722551391 0.000576664081448 0.00207958682889 0.0472050377427 0.00213947434487 0.000963960220224 0.00834339438943 0.0046768617802 -0.00129721717737 0.0010672203896 0.00174491938787 0.00181179729033 0.0011089872469 0.00102945345325 0.00129956104817 -7.85676969425e-05 0.0048619293712 0.00169182500679 0.00247468124984 0.000342964635197 0.000918749213577 0.0016114473537 0.00185405446642 0.00382787278444 0.00631192710282 -0.000101755549751 9.39187350404e-05 
0.000903671713624 0.00116797370743 -0.000208547283501 0.00156798949443 0.000839354719926 0.00170932952302 0.00213947434487 0.013797235433 0.00233978366897 0.00167546172768 0.00144305952279 0.00199333349818 0.000542246175132 0.000891921374289 0.00152230157178 0.00134839834224 0.0028161601191 0.00193924019384 0.000343734619639 0.00259976040345 0.00260794718623 0.00368924330253 0.00337502759691 -0.000839995486897 0.0031437082416 0.00134020462193 0.000951102126614 0.000576903815447 0.000596122308837 0.0012151696576 
0.00018729038885 0.00130162899887 0.000331591118654 0.00211912843415 0.000321441453677 0.00204825044906 0.000963960220224 0.00233978366897 0.0205992043469 0.00114335396253 0.000971917582507 0.000463663646172 -0.000429609762638 0.0027751289896 0.0012843358676 0.00151777607158 0.0028045796566 0.00241426077497 0.000198014378427 0.00349530442936 0.00211474078686 0.00336427548276 0.00279780144787 0.00251695054701 0.00391863899668 0.000293673961553 0.00204815626845 0.00202131695308 0.00123329914837 0.0014229739333 
0.00620545778282 0.00173854426108 -0.00079021286045 0.001390108257 -0.00125199051385 0.00334932609873 0.00834339438943 0.00167546172768 0.00114335396253 0.0293904277089 0.00349586055117 0.00083283038345 0.0122326449791 0.00226530301722 0.000459926995856 0.00169189798485 0.00117741281757 0.000446476427904 0.00221439540906 0.0018482040075 0.00196869546521 0.00101325972628 0.000947004761433 0.00193183737603 0.00429987006496 0.00171829465878 0.00223467864749 0.00470491123881 0.00272027448086 0.00316520805498 
0.00171021012827 -0.000129826005902 0.000654981884844 0.00157000686723 0.00085560944986 0.00184586459198 0.0046768617802 0.00144305952279 0.000971917582507 0.00349586055117 0.0171794733433 0.00207941871277 0.00214971786167 0.00112324005145 0.00181905463769 0.00079831182514 0.00193812578248 0.0013725357217 -0.000474841684874 0.00210022837169 0.00271237656651 0.00167794682056 0.00159066260079 -0.000706838705533 0.00275100643226 0.00118979233566 0.00205991553158 0.00202085211899 5.00983832972e-05 0.000792805982354 
0.00263808652774 -0.00215254585875 0.0010510030089 -0.000321203453168 -0.000684743307862 0.00176890766826 -0.00129721717737 0.00199333349818 0.000463663646172 0.00083283038345 0.00207941871277 0.0419676361273 0.000878495882289 -0.00148714050159 0.00115055701844 0.000731578887671 0.000680782256378 -0.000398745659467 -1.96339749379e-06 0.00134540461419 -0.000245586275019 0.0014543692654 0.00201318102474 -0.000782877845556 0.000494935522736 0.00520266844912 0.00163310558075 0.000577687339707 0.00155704030197 0.00288593682366 
-0.00440999235658 -5.07881964154e-05 0.00306731327328 0.00349830753312 0.000409356987779 -0.0004801392725 0.0010672203896 0.000542246175132 -0.000429609762638 0.0122326449791 0.00214971786167 0.000878495882289 0.324436734065 0.00045070859037 0.0016307330338 -0.000800088096811 0.000211663196934 -0.0017844448056 0.000510319275734 0.00485284078577 0.00212353700844 -0.00132060444817 0.00304507062692 -0.00287174040711 0.00273669571967 0.00030364969953 0.000229196319232 0.00377093653586 -0.000398133791455 0.000354119110697 
0.000937386117746 0.00196626332156 0.00043948506569 5.40641653465e-05 0.000948226471878 0.000547168269501 0.00174491938787 0.000891921374289 0.0027751289896 0.00226530301722 0.00112324005145 -0.00148714050159 0.00045070859037 0.0161641753885 0.00183110901876 -0.0006490035066 0.00108191003071 0.00462980558733 0.00202350144916 0.00185974372438 0.00111910508089 0.000961777527195 0.00168797729398 3.65580240357e-05 0.00149470722643 0.00110705316105 0.00129467288578 0.00205924033963 0.00124733839564 0.00211739157088 
0.00215778808736 0.0031975178503 0.00146058683998 0.00142993952553 0.000836361418847 0.000126377138148 0.00181179729033 0.00152230157178 0.0012843358676 0.000459926995856 0.00181905463769 0.00115055701844 0.0016307330338 0.00183110901876 0.0280766704769 0.00204793235319 0.000931748125108 0.00220110952263 0.00135776103638 0.00192015286692 -0.000275395231851 0.00127089986691 0.00199233983302 0.000525252015995 0.00188390650096 0.000417073903308 0.00031433828363 0.00225384280304 0.00268674060307 0.00255325417042 
0.00458803233582 0.00234271859925 0.00169940535859 0.000587971891366 0.00109463950079 0.00163025303803 0.0011089872469 0.00134839834224 0.00151777607158 0.00169189798485 0.00079831182514 0.000731578887671 -0.000800088096811 -0.0006490035066 0.00204793235319 0.0242199508199 -0.000269033593764 0.00187165926443 0.00338070774062 0.00144573257557 0.0015164495873 0.00285063500187 0.00417263539872 0.000109168297804 0.00274720382389 0.00235963770582 -0.000416911027668 0.00116844824332 0.00206290514236 0.00267292253289 
0.00110600198204 0.00177037847325 0.00148559863796 0.00208216426977 0.000918738926089 0.00136980728074 0.00102945345325 0.0028161601191 0.0028045796566 0.00117741281757 0.00193812578248 0.000680782256378 0.000211663196934 0.00108191003071 0.000931748125108 -0.000269033593764 0.011382672901 0.00156922891265 0.00102692581898 0.00196609239882 0.00248679028645 0.000365447918634 0.00321466677626 -0.000693783852807 0.00179458263157 0.000233447999139 0.00135924255034 0.00210687775933 0.00130923318007 0.000819315660065 
0.000394950738498 0.000698452709142 -0.000171837166169 0.00143366149827 -0.000252223841638 0.00122575919225 0.00129956104817 0.00193924019384 0.00241426077497 0.000446476427904 0.0013725357217 -0.000398745659467 -0.0017844448056 0.00462980558733 0.00220110952263 0.00187165926443 0.00156922891265 0.0167574324902 0.00153746919026 0.00333383537605 -0.000761902545562 0.000857291304496 0.00207192441425 0.00128877488756 2.57190053416e-07 0.000565806419055 0.000672559325162 0.00261173001168 0.000779654780368 0.00295831648722 
0.00456267978328 0.00182127259668 0.00067248108686 0.000740921205618 -5.05450579625e-05 0.000616024909591 -7.85676969425e-05 0.000343734619639 0.000198014378427 0.00221439540906 -0.000474841684874 -1.96339749373e-06 0.000510319275734 0.00202350144916 0.00135776103638 0.00338070774062 0.00102692581898 0.00153746919026 0.0153400794957 0.00208323229993 0.00121678027576 0.000211209470381 -0.000214121613267 0.00227747936157 0.000590464855393 0.00226609182822 0.0012003211742 0.000476542089171 0.00489202413218 0.00161533421287 
0.000468962636127 0.000606291851626 0.000659651987703 0.00204285449696 0.00105558016786 0.000580803616651 0.0048619293712 0.00259976040345 0.00349530442936 0.0018482040075 0.00210022837169 0.00134540461419 0.00485284078577 0.00185974372438 0.00192015286692 0.00144573257557 0.00196609239882 0.00333383537605 0.00208323229993 0.028560035807 -0.00171719136935 0.00280501328916 -0.000153887660524 -0.00100480544158 0.00236267050084 0.00168539569693 0.00843578019106 0.00262320504387 0.00175444239777 0.00142354217193 
0.000868863113943 -0.00222813991189 0.000909263699912 0.00088829949321 0.00109980482766 0.00103021793759 0.00169182500679 0.00260794718623 0.00211474078686 0.00196869546521 0.00271237656651 -0.000245586275018 0.00212353700844 0.00111910508089 -0.000275395231851 0.0015164495873 0.00248679028645 -0.000761902545562 0.00121678027576 -0.00171719136935 0.0618256257555 0.00101001453803 0.00381720384945 0.00392877438801 0.000498457046673 -0.00118704356328 0.000941685664063 -0.000190971754809 -0.000292811376438 0.00111692043703 
-0.000962725351559 -0.000684507546185 -0.000544916476347 0.00242891795517 0.000708073272789 0.000512714771224 0.00247468124984 0.00368924330253 0.00336427548276 0.00101325972628 0.00167794682056 0.0014543692654 -0.00132060444817 0.000961777527195 0.00127089986691 0.00285063500187 0.000365447918634 0.000857291304496 0.000211209470381 0.00280501328916 0.00101001453803 0.0320982197088 0.0028081560091 -0.00101530601038 0.00151921719122 0.00391896976229 -1.70625551634e-05 0.000514601843632 0.00188767942902 -0.000468090298288 
-0.00028605185706 -0.000200641402494 0.00125850445818 -0.000166150306001 0.00130444268993 0.00106487895927 0.000342964635198 0.00337502759691 0.00279780144787 0.000947004761433 0.00159066260079 0.00201318102474 0.00304507062692 0.00168797729398 0.00199233983302 0.00417263539872 0.00321466677626 0.00207192441425 -0.000214121613267 -0.000153887660524 0.00381720384945 0.0028081560091 0.0231286970544 -0.00201210312267 0.00160326075486 0.000728535894689 -0.00143573425437 0.00158196416019 0.000945223631401 0.00250898743497 
0.0140726116003 0.00651756157594 0.000800556661367 -0.000188625891767 0.000829563120969 0.00197934339243 0.000918749213577 -0.000839995486897 0.00251695054701 0.00193183737603 -0.000706838705533 -0.000782877845556 -0.00287174040711 3.65580240357e-05 0.000525252015995 0.000109168297804 -0.000693783852807 0.00128877488756 0.00227747936157 -0.00100480544158 0.00392877438801 -0.00101530601038 -0.00201210312267 0.0368089991835 -1.71075053413e-05 0.00195022815895 0.0021611095304 0.00418874922669 0.000933014535446 0.00207932976683 
0.000894820770797 0.000856188001102 8.55704361573e-05 0.00215678761186 0.00140138891266 0.00246571826266 0.0016114473537 0.0031437082416 0.00391863899668 0.00429987006496 0.00275100643226 0.000494935522736 0.00273669571967 0.00149470722643 0.00188390650096 0.00274720382389 0.00179458263157 2.57190053424e-07 0.000590464855393 0.00236267050084 0.000498457046673 0.00151921719122 0.00160326075486 -1.71075053413e-05 0.0172996054612 0.00142263294992 0.00210604183015 0.00174936323728 0.00113549142251 0.00177110290546 
-0.000243782112849 0.00100374211944 0.00150588482124 0.000338739019048 0.000695496183995 0.000496164015005 0.00185405446642 0.00134020462193 0.000293673961553 0.00171829465878 0.00118979233566 0.00520266844912 0.00030364969953 0.00110705316105 0.000417073903308 0.00235963770582 0.000233447999139 0.000565806419055 0.00226609182822 0.00168539569693 -0.00118704356328 0.00391896976229 0.000728535894689 0.00195022815895 0.00142263294992 0.0179674019292 0.000357900113226 0.000341241166553 0.00151240469195 -0.000342710432571 
0.000521728593435 -0.000888593865549 -0.000429371238243 0.00186039055756 0.00212916952422 0.00042263232542 0.00382787278444 0.000951102126614 0.00204815626845 0.00223467864749 0.00205991553158 0.00163310558075 0.000229196319232 0.00129467288578 0.00031433828363 -0.000416911027668 0.00135924255034 0.000672559325162 0.0012003211742 0.00843578019106 0.000941685664063 -1.70625551635e-05 -0.00143573425437 0.0021611095304 0.00210604183015 0.000357900113226 0.0401131577277 0.00495439586466 0.000309659357713 0.0024489220972 
0.00284276786114 0.000276799140427 0.000151836550981 0.00248208651355 0.00354002935884 0.00167185161044 0.00631192710282 0.000576903815447 0.00202131695308 0.00470491123881 0.00202085211899 0.000577687339707 0.00377093653586 0.00205924033963 0.00225384280304 0.00116844824332 0.00210687775933 0.00261173001168 0.000476542089171 0.00262320504387 -0.000190971754809 0.000514601843632 0.00158196416019 0.00418874922669 0.00174936323728 0.000341241166553 0.00495439586466 0.0458720733378 0.000949605524178 0.0011990393023 
0.00346540452006 0.00214314639635 0.00110770373619 0.00151092067253 0.000343549436648 0.00120013564397 -0.000101755549751 0.000596122308837 0.00123329914837 0.00272027448086 5.00983832972e-05 0.00155704030197 -0.000398133791455 0.00124733839564 0.00268674060307 0.00206290514236 0.00130923318007 0.000779654780368 0.00489202413218 0.00175444239777 -0.000292811376438 0.00188767942902 0.000945223631401 0.000933014535446 0.00113549142251 0.00151240469195 0.000309659357713 0.000949605524178 0.0112803006952 0.000907931891713 
0.00230882311852 0.00109433004714 0.00077276626539 0.000449643980266 0.000316089924365 0.00126018788071 9.39187350405e-05 0.0012151696576 0.0014229739333 0.00316520805498 0.000792805982354 0.00288593682366 0.000354119110697 0.00211739157088 0.00255325417042 0.00267292253289 0.000819315660065 0.00295831648722 0.00161533421287 0.00142354217193 0.00111692043703 -0.000468090298288 0.00250898743497 0.00207932976683 0.00177110290546 -0.000342710432571 0.0024489220972 0.0011990393023 0.000907931891713 0.0159829011992 

['MRO', 'NEM', 'PFE', 'CCU', 'IBM', 'PBG', 'COH', 'BK', 'STA', 'FLR', 'LIZ', 'ZMH', 'SANM', 'GD', 'ACV', 'BLL', 'C', 'LMT', 'AEP', 'HET', 'JNS', 'LUV', 'FITB', 'BHI', 'ABK', 'BCR', 'HLT', 'TER', 'ED', 'AN']