60
0.0256858872149 0.0316717201181 -0.00662659235152 0.0896896089949 0.0172601721071 0.0444735285872 0.00753480783794 0.046041615311 0.0950879331279 0.119808933935 0.0677272644226 0.0578888041786 0.12993100308 0.0358059899839 0.0194782181544 0.144106781955 0.0723841835345 0.0965978414643 0.0791171504464 0.0477990277318 0.0705908558691 0.0773544805674 0.104921073146 0.0445332570478 0.0202129727645 0.0946597506959 0.126841392599 0.0755027876102 0.0288411222523 0.0463620133958 0.00535997805058 0.0422457423554 0.0268374832388 0.332832739506 0.0150252709272 0.00851722536111 0.00413185853021 0.0994766710856 0.0904248988876 0.0403512104362 0.102864057578 0.0206658862902 0.103848753038 0.0170913584406 0.143828325424 0.142251168296 0.101022755506 0.0625194128962 0.0657027666716 0.107494880462 0.0493934577213 0.0571643700905 0.0213104348082 0.0952470994091 0.09797045465 0.0493961611292 0.109746753301 0.0411806556966 0.0756818342608 0.0216083944488 
0.181840034472 0.0127693483276 0.0105055362892 -0.0115886677948 0.0201854988026 -0.00434841287066 0.0106593075032 0.0166021845865 0.0184496101172 -0.00958182972154 0.0201509613462 0.00995765376955 0.0223735122252 0.0214524604146 0.0221975262131 0.0155621753079 0.0313687014455 0.0130633992142 0.00933372917575 0.00713424934251 0.0322541536563 0.0163522890925 0.0482765502115 -0.000721714255324 0.012962698763 0.00485224130829 0.00719344311794 0.0206012401619 0.014167932085 -0.00115100328539 0.0153814151947 -0.0034592570952 0.00257865882565 0.00795213836457 0.0161772280422 -0.00164808640135 0.00809171528988 0.00284864717441 -0.0194263358083 0.0218888607592 -0.0201206889199 -0.0197529005817 0.00897376841535 0.0156421333992 -0.00229006344168 -0.0136294857764 0.0436669157655 0.0273058755302 0.0210336054901 0.0434402685607 0.0299636356365 0.045559278112 0.000945257759697 0.0529771642978 0.0525180529783 0.0183884903178 0.0077108644061 -0.00331406709977 0.0189576493914 0.0159843684596 
0.0127693483276 0.274528408027 0.0123461300106 0.000541888439103 0.0108315683214 0.00716689408171 0.020045020964 0.0212791963202 0.0046639822678 0.00688529289955 0.00184504140194 0.0103183080031 0.0287478739984 0.0140418623916 0.00632166136815 0.00700406753648 0.0157873980633 0.0134482083294 0.0161992852523 -0.00869764051243 0.0283090838763 0.00749657411322 0.0352541112152 0.00857265173578 0.00965356411145 -0.00175279665253 0.0129725042393 -0.0106785719071 0.00781609249369 0.00512865366113 0.0113215091795 0.00600000200117 0.0318890503664 0.0321393583139 -0.00948989639903 0.0201595859969 0.0242014331867 0.00790043258144 0.0246498710688 0.00904680930796 0.0303642005841 0.0196339667746 0.0156080283287 0.0363502199563 -0.00629207284905 0.0156774590083 0.00804065689157 0.0341470666624 0.0143406172017 0.0189480217643 0.0334900904249 0.0255833124563 0.0179013120496 0.00578804046331 -0.00896256213069 0.0119130214465 -0.00792182214743 0.00699831408205 -0.0130908232332 0.0212509694961 
0.0105055362892 0.0123461300106 0.152089765371 -0.000333275925939 0.00440500931124 0.0147152812995 0.00846324690962 0.0149845327899 0.0243629039105 0.0275264316572 0.0135429015169 0.0281727098526 0.0328253948598 0.0305964723272 0.0237065751035 0.0198076087546 0.0250011908746 0.0175056699836 -0.00263450928613 0.00507449186251 0.00132247878393 0.0180113886252 0.00990609558432 0.00657941801628 0.0237696425154 0.0175970798728 0.0222322468637 0.023860861469 0.0096225622192 0.0166501565598 0.0428022895604 -0.00226230776874 0.0048095352531 0.00532257529332 0.017782899171 0.0205008477811 0.0382744854346 0.0130923791051 0.043521797519 0.0184558874518 0.0137323679702 0.0274566382877 0.0146088281284 0.00646823121981 -0.00185235054641 0.00805939652727 -0.000989575073286 0.0203343725642 0.0197878149488 0.00184709017506 0.00504834938901 0.0218747399418 -0.0122479302291 0.0295190347178 -0.00838841431272 0.00631952062616 0.0272448975972 -0.00692091964027 0.010291292078 0.00741289100623 
-0.0115886677948 0.000541888439103 -0.000333275925939 0.425387287471 -0.000983661725449 0.0905023405672 0.013035446868 0.0089445729927 0.0204418042633 0.000456696377382 0.00974164677527 0.0122711755686 -0.0032356491873 0.0148600052928 0.0216839935876 0.0179080121638 0.0207588279618 -0.0121658101514 0.0729403608514 0.00883582034643 0.00978173258974 0.0280510936939 0.00799751923529 0.00360552010362 0.0148767532327 -0.00592022775103 0.0340407366055 0.0222898904527 -0.00174701012079 0.0172959400205 -0.00899893055904 0.020195103622 0.0100994473389 0.000595648932322 0.0200503260411 -0.00108381821329 -0.0183973874799 0.00954868127007 0.0187247202616 0.016820022384 -6.71211760864e-05 0.0145605119495 0.0178879572071 -0.00242144552399 0.0682550212409 0.0127790296706 0.00799957131613 0.000755825073011 -0.00632441673508 0.0117393429363 0.0178270733125 0.0157476652193 0.0366814729612 0.00634309067726 0.0105999545173 0.0191133759851 0.0210758914045 0.0112500614894 0.0136254249401 0.00801969208398 
0.0201854988026 0.0108315683214 0.00440500931125 -0.000983661725449 0.182777540763 0.022846399453 0.0306722572077 0.00407788360527 0.0213891310547 -0.00336939604773 0.0186768108914 0.00321738805061 0.0440087529831 0.00903664393509 0.0206100610816 0.00722991798422 0.0224248435676 -0.00971328752666 0.0390179373297 0.0294555042792 0.00655171233437 0.0159453676187 0.00462075266268 -0.00362335711657 0.0198864722425 0.00157776478116 0.00660479473797 0.0117765266933 0.00983001159376 -0.00534029534227 0.00765933105176 0.031296818213 0.0209616897159 -0.0021797687726 0.0085979106583 -0.00320791652951 0.00235746222231 -0.00207514183788 0.0146334076067 0.0145998571559 0.0115109009879 0.0154690124167 0.0115823274644 0.00573770942075 -0.00316903356255 0.020744858488 0.00363696612284 0.0177599304578 0.0196094565329 0.0360633475369 0.00471979630938 0.0136030164156 0.0213137529001 0.0109156624005 0.0182218643133 0.0160271984187 0.0213651228004 0.0142731255564 0.0114565252296 -0.00502465903334 
-0.00434841287066 0.00716689408171 0.0147152812995 0.0905023405672 0.022846399453 0.322970041655 0.0334791780861 0.0162455762709 0.0127380222455 0.0129636318491 0.0100953096062 0.0127211818922 0.00577703944939 0.00354342638338 0.0349165858695 -0.00318999315981 0.0414236446248 0.0306922781912 -0.00614718917601 0.0249917016395 0.012626536755 0.0565931439905 0.0302750340373 0.00715379773349 0.025129122783 -0.0106817026812 -0.0120345804963 0.00350424920777 0.0101772641866 0.0107588043866 0.0120940550805 0.0268000833226 0.0407644451553 0.0427866552063 -0.0129196258424 0.0230524792972 -0.00295714207606 0.00629137943973 0.0135239749586 0.0132694205971 0.0200850143422 0.0212597248167 -0.00773556634173 0.0028720786355 0.0277830337421 0.0218639659905 -0.00279278632374 0.0300505465484 0.00289135506247 0.0163530079273 0.0225033953337 0.0237623420582 0.00981579619174 0.0154637907196 -0.00789238963018 0.0327901800653 0.0121731690108 0.00893879678973 0.0103920567951 0.0121038840131 
0.0106593075032 0.020045020964 0.00846324690962 0.013035446868 0.0306722572077 0.0334791780861 0.297389022157 0.00840998396718 0.00708638203243 -0.00370115225647 0.00182192909414 0.00719453906402 -0.000440479604075 0.0129083589287 0.0137135422401 -0.0162794304566 0.0305958081567 0.0210868982352 0.0210919228127 0.000513532399118 0.0338677209794 0.00961164846422 0.00652701290154 0.0183962647736 0.0170897204071 0.0190308691669 0.00998600107914 -0.000916533245304 0.0170254531033 0.0164581948809 0.0049821593564 0.0155256230418 -0.000397773129354 0.0215881802386 0.0175810551404 0.0208730506651 0.0157876370717 0.00794383005177 0.0161908177798 0.0163562211884 0.021252151021 0.00315950501898 0.0217263857304 0.0132166622048 0.00973594632991 -0.00578930026858 -0.00414964378811 0.00124930165593 0.0386411784539 -0.0269962809499 -0.00723393895692 0.0144412664609 0.0250861698573 0.0230637025008 -0.0029994665393 0.0311232648264 0.0257926944022 0.0298286346723 0.0172791708423 0.0114563603959 
0.0166021845865 0.0212791963202 0.0149845327899 0.0089445729927 0.00407788360527 0.0162455762709 0.00840998396718 0.263004013117 0.0543565439636 -0.0110746295941 0.0518165705894 0.0109383852209 -0.0134188434356 0.0166668643801 0.0417384584612 0.00854932945281 0.0188286139405 0.0207293988923 0.0267462323418 0.0477102950037 -0.00243176030114 0.0212191104829 0.0630893471408 0.0167550973984 0.0195961376377 -0.000761123532375 0.0165369501589 0.00269767906559 0.0105422294847 0.0301974035485 0.00799086954662 0.00676543516175 0.031304976548 0.0104429908219 0.049326810862 0.0107063106187 0.00839369542011 0.0105144674227 0.0389092446611 0.000714369032976 0.0149857237879 0.0195964642052 0.00681104574022 0.0953409972558 0.00481996302093 0.0448588792352 -0.00403149999336 0.0309121574436 0.00959300608882 0.0271238037192 0.0189326189905 0.0105275299545 0.0237362404822 0.0159188668836 0.00170907344035 -0.000416175678741 0.0153438818398 0.00371111970127 0.0178386464705 0.0342826551926 
0.0184496101172 0.0046639822678 0.0243629039105 0.0204418042633 0.0213891310547 0.0127380222455 0.00708638203243 0.0543565439636 0.262934060244 -0.00806449716708 0.0333501815697 0.0102988178111 0.0234004511658 0.0229186650711 0.0415587365462 0.0295245171353 -0.00204261418116 0.0136684883242 0.0180896163715 0.0256265167733 0.0292027107297 0.036102016753 0.0516146392051 0.0142469688632 0.0144451985837 0.0307898350027 0.00485391375343 0.0117253830749 0.0388474624768 0.00750053435644 0.00283837334061 0.021006804633 0.0232729945951 0.0263716651865 0.0278365154553 0.021063519362 -6.12900557544e-05 0.0130496799285 0.00739072190824 0.0176862531486 0.0417498512739 0.0479604802189 -0.0105317983458 0.043719168098 0.0257824466956 0.013368538225 0.0534146561902 0.012998509439 0.0192944347342 0.0188551266021 0.00543910276015 0.0282258525525 0.0172544859045 0.0271605333147 0.0646188532597 0.0114070167853 0.0104843970187 0.0276315549478 0.0176344333473 0.0453949716496 
-0.00958182972154 0.00688529289955 0.0275264316572 0.000456696377382 -0.00336939604773 0.0129636318491 -0.00370115225647 -0.0110746295941 -0.00806449716708 0.64092352883 -0.0103055590641 0.00457429210719 -0.00717750843479 0.0273219730724 -0.0052276709532 0.00524012145343 0.00864281275265 -0.0115799057319 0.00688330661219 -0.00290343617483 -0.00122113349463 0.0122159822315 0.00481487478574 -0.000614474227984 -0.00320866487667 0.00102854379455 0.0423477554037 0.00989105144534 -0.00927170301477 -0.00931972600173 0.00677502321155 -0.0280424823565 0.016455277504 -0.0196897193365 -0.00151019891469 0.00590091727482 0.0225885043141 0.0436514844217 0.0239683697057 0.0133352808064 -0.00782703566608 0.0132600212632 0.0296893078495 -0.0125604610087 -0.0438969396366 -0.00890366311151 -0.00720897944014 0.03675180206 0.00544041351825 -0.000131302725967 0.0105460063302 0.0168322652049 -0.0148757364235 0.00154878540354 -0.0310309807495 0.00431805335193 0.00722314239507 0.00565713509956 0.00957687777369 -0.00906538367441 
0.0201509613462 0.00184504140194 0.0135429015169 0.00974164677527 0.0186768108914 0.0100953096062 0.00182192909414 0.0518165705894 0.0333501815697 -0.0103055590641 0.269733276557 -0.00575547395796 -0.0221204368328 -0.00743269613072 0.0226184438756 0.0247000795122 -0.000445701989139 0.020527476394 -0.00577062516831 0.0211785830059 0.0168449075668 0.0176178185264 0.00972716584406 0.0235928005062 0.00316039947817 0.00499823683009 -0.00105459671926 0.000120244969297 0.0184468281026 0.0201048732312 0.00622943468868 0.0213207410012 0.00616298658976 0.0102506927508 0.028972125902 0.0277482979549 -0.00645783556835 -0.00487900519255 -0.00719838893701 0.01872996663 -0.0132300091376 -0.000622129888861 -0.0169136723864 0.0171852755903 -0.0091693576698 0.012535274113 -0.00968505762097 0.0180754838439 0.0142942908246 0.0167454663912 0.010608634195 0.0284195366192 0.00670546852853 0.0259852630234 0.118224418604 -0.0145429630514 0.0064861257829 0.00912749589756 0.00940211524558 0.0059274491354 
0.00995765376955 0.0103183080031 0.0281727098526 0.0122711755686 0.00321738805061 0.0127211818922 0.00719453906402 0.0109383852209 0.0102988178111 0.00457429210719 -0.00575547395796 0.397743640401 0.139563142664 0.0624661108994 0.0170612646701 -0.00996715409372 0.0349754254314 0.00576849546329 0.0117644801898 0.0148428719564 -0.0136128192188 -0.00267719258334 0.0297128860434 0.018212571985 0.00577338650494 0.0280534896647 -0.00108916669557 -0.0298707642527 0.00139707774966 -0.0225064237758 0.0295806627227 -0.00552784882802 -0.00571955577055 0.0227232467064 -0.00578026862521 0.00826096823388 0.0320527826325 0.02445477823 0.139658190744 -0.0017377961285 -0.00371175434903 0.0272884733074 -0.00158724152022 0.00777477876726 0.00156119783956 -0.0218799051459 -0.0086873262998 0.0282572384123 -0.000583910562275 0.0831627427143 -0.00241026066446 0.0158029893809 -0.0167455594101 0.0434590758361 -0.00202793612 -0.00947049249634 -0.00125323785334 -0.00247051320406 -0.00393631489215 -0.0078857802899 
0.0223735122252 0.0287478739984 0.0328253948598 -0.0032356491873 0.0440087529831 0.00577703944939 -0.000440479604075 -0.0134188434356 0.0234004511658 -0.0071775084348 -0.0221204368328 0.139563142664 0.618472399166 0.0493232653787 0.0245496245071 -0.0242719151252 0.0237372696667 0.00223817099436 0.0553208530282 0.0191747185548 0.0143942235415 -0.00305266943565 0.0183300954251 -0.013128577594 0.00764495404327 0.0410951302062 0.0600605928722 -0.0170468139886 0.00299149268782 0.00612474085041 0.0316663230296 0.0149290753887 -0.00579170446367 0.0123245801791 0.00382971187509 0.0296298590519 0.0486340001187 0.00477170822851 0.1742906257 0.0354702294743 0.0310253379262 0.0401751414253 0.0272938154445 0.0208667313805 0.00373595398973 0.00501141682362 0.0013680455094 0.00226366222255 0.012174193136 0.0798338116412 0.00183353308478 0.0169233162023 0.0282309083574 0.0633933887663 -0.00742883919674 0.0205221212569 0.0129809297136 -0.00696226455155 0.0179603544126 -0.0261503259738 
0.0214524604146 0.0140418623916 0.0305964723272 0.0148600052928 0.00903664393509 0.00354342638338 0.0129083589287 0.0166668643801 0.0229186650711 0.0273219730724 -0.00743269613072 0.0624661108994 0.0493232653787 0.199201997149 0.01010976926 -0.00365438795878 0.00779735737021 0.0203882273371 0.0187125179527 0.00120900129625 0.0271132578066 0.00201440826268 0.0128449248521 -0.000958360566066 0.00942852355482 0.0405196767996 -0.00250546809815 0.0120347487593 0.0209306578373 0.00275848408007 0.0358392499429 0.0130855688623 0.000736882703442 -0.0010588201157 0.0212224318886 0.00794067788932 0.0515268074465 0.0208668984719 0.0349284880264 0.0188122889325 -0.0109951598612 0.0250849443057 0.0150426422048 0.00530123260838 -0.0163071831855 0.00420486982689 0.0159143050198 0.0411110058523 0.0114127438786 0.0186500256468 0.0190759821569 0.0128760900911 0.00372549272043 0.00857085090251 0.0011832518192 0.00707934792687 0.00218064201202 0.00426592510036 0.0108002535927 0.00982495871801 
0.0221975262131 0.00632166136815 0.0237065751035 0.0216839935876 0.0206100610816 0.0349165858695 0.0137135422401 0.0417384584612 0.0415587365462 -0.0052276709532 0.0226184438756 0.0170612646701 0.0245496245071 0.01010976926 0.138149740304 0.0110489072826 0.00959061431869 0.011295760179 0.0200397405847 0.0257716142041 0.00126433993327 0.0308211231876 0.0209003635058 0.00705100638539 0.00716235815451 0.00363083968385 0.0127918062754 0.00761506535561 0.0659046413987 0.00524279845781 0.0198985211347 0.0101292018044 0.00270084684744 -0.00155928336458 0.0326905788514 0.0139240385932 0.00573878138674 0.00181519685943 0.00192341194427 0.00663695459718 -0.00691581747471 0.0221503758429 -0.00501336703793 0.0411283855723 0.0360530089782 0.0199765696695 0.0248144757667 0.0263042707788 0.0224464291942 0.0205350888497 0.0262861854269 0.0295310923334 0.023597577852 0.0362920242914 0.0107715579445 -0.0080912974816 0.0023344719319 0.00839383945353 0.0238123995031 0.0357465882705 
0.0155621753079 0.00700406753648 0.0198076087546 0.0179080121638 0.00722991798422 -0.00318999315981 -0.0162794304566 0.00854932945281 0.0295245171353 0.00524012145343 0.0247000795122 -0.00996715409372 -0.0242719151252 -0.00365438795878 0.0110489072826 0.27691634248 0.0353657073276 0.014438892274 -0.00752767678804 0.00777173513995 0.0529146712237 -0.0113514844509 0.00765028910433 -0.0147967885208 0.0228964289112 0.0223189276412 -0.0227164209478 -0.0034561292742 -0.00850440823636 -0.00243950164345 0.00826048098348 0.00835852475138 -0.00473804866051 0.026071696604 0.0229038932819 -0.00219749984287 0.0118805548866 -0.00564769692665 0.0051176402517 0.00271596817339 0.064320555133 0.00260324108812 0.00470689502161 -0.00499467021539 -0.0157415377857 -0.0204093879079 0.0276584813893 0.0188604290941 0.0162781784142 0.0416683727708 0.00544845271991 0.01649919825 0.0159467178642 -0.0249145570979 0.10344446703 0.0265682157719 0.123259974751 0.00848114235944 0.0185278132427 -0.013670231837 
0.0313687014455 0.0157873980633 0.0250011908746 0.0207588279618 0.0224248435676 0.0414236446248 0.0305958081567 0.0188286139405 -0.00204261418116 0.00864281275265 -0.000445701989138 0.0349754254314 0.0237372696667 0.00779735737021 0.00959061431869 0.0353657073276 0.316646823958 0.0180613915454 -0.00110034680157 -0.00140914196965 0.000308588773535 0.0235329805591 0.0337330690474 -0.00148092183554 0.0111630920943 -0.00602509923268 0.0665140359132 0.00840302592564 0.00770523333245 -0.00214184764431 0.012285762733 0.00515688663114 0.0047739649793 -0.011804400412 0.0261565426342 0.00944342808102 0.021248664571 -0.000879020180744 0.0165997506887 0.028009439544 0.0760540934803 0.00179536100127 0.0158995651854 -0.0138951186482 -0.000312206933999 0.00311159222513 -0.0036491967384 0.0157861115008 0.0380028618645 0.0428138324948 0.019465011363 0.00739604378962 0.000814913317256 -0.00188403119866 -0.0111525444916 0.0114634853938 0.0634274844113 0.00559792305545 0.00833013723877 0.0261682267624 
0.0130633992142 0.0134482083294 0.0175056699836 -0.0121658101514 -0.00971328752666 0.0306922781912 0.0210868982352 0.0207293988923 0.0136684883242 -0.0115799057319 0.020527476394 0.00576849546329 0.00223817099436 0.0203882273371 0.011295760179 0.014438892274 0.0180613915454 0.433276996151 0.0244319186896 0.0279245880566 0.0266712221075 0.0400116915992 0.0236971108772 0.0312975604837 0.020485199803 0.0443828118262 0.0173939689424 0.032174547296 0.0130755055682 0.0428112223701 0.00642253165408 0.00702355029914 0.00642379243812 0.0261949192848 0.0185670212074 0.0199635913242 0.00696479332949 0.0036597307338 -0.0274941182119 0.0136542130834 0.0196911650242 0.0337450490519 -0.00413082835289 0.0363442204201 0.00950526784871 0.013008937853 -0.00237510907255 0.0221104146453 0.0218229931591 0.0235588233433 0.0216113599779 0.0292103318613 0.0343096743992 0.0552769906449 0.0149147560585 0.0189752645956 0.00351043955317 0.026530164594 0.0117918752021 -0.00996017954672 
0.00933372917575 0.0161992852523 -0.00263450928613 0.0729403608514 0.0390179373297 -0.00614718917601 0.0210919228127 0.0267462323418 0.0180896163715 0.00688330661219 -0.00577062516831 0.0117644801898 0.0553208530282 0.0187125179527 0.0200397405847 -0.00752767678804 -0.00110034680157 0.0244319186896 0.373476648294 0.00276888155347 0.0183818782482 0.00267354396353 -0.00407817480294 0.00338500316879 0.0225943474878 -0.0100408439833 -0.02382574151 0.00702372651318 0.0172994607719 0.0236004358691 0.0103435338848 0.00845906551143 0.00472287384978 0.0355199485323 0.00885202146967 0.0184825669317 0.0163183710487 -0.00901975633542 -0.0174172597254 0.0114552210927 -0.00172648826992 0.0293912052226 -0.00671824117455 0.0276877803331 0.0065375568626 0.0433587763119 -0.00268488826492 0.0241316471424 -0.00522368091757 -0.00247703862988 0.000848122482725 0.000941182770034 0.0339340925886 0.0308832146819 0.0170844137825 -0.00100651592515 0.0212520946728 0.0150202646047 0.00206836805947 0.000194570745245 
0.00713424934251 -0.00869764051243 0.00507449186251 0.00883582034643 0.0294555042792 0.0249917016395 0.000513532399117 0.0477102950037 0.0256265167733 -0.00290343617483 0.0211785830059 0.0148428719564 0.0191747185548 0.00120900129625 0.0257716142041 0.00777173513995 -0.00140914196965 0.0279245880566 0.00276888155347 0.247123957818 -0.0279482720033 0.0475418258632 0.0213693914445 0.0377126316155 0.00982962731633 0.00973165738869 0.0485014012768 0.0247842619649 0.0120819287036 0.015599173926 0.0225296946326 0.0198575548686 0.00651366138386 -0.00787079316497 0.0302452811634 0.0253135725056 0.00783277752778 0.00814773463188 0.0147449536076 -0.00252851198259 0.0140729780305 0.0320068751638 -0.0147105587719 0.00704253638813 0.0125574049554 0.00230600790621 0.0763265361052 0.0135212681879 0.00411576038207 0.03574758671 0.00732754929756 0.00659149989403 0.00411911922447 0.0269831249889 0.029409673731 0.0154554710694 0.00244253535452 0.02632370126 0.0106574419802 0.0201022439298 
0.0322541536563 0.0283090838763 0.00132247878393 0.00978173258974 0.00655171233437 0.012626536755 0.0338677209794 -0.00243176030114 0.0292027107297 -0.00122113349463 0.0168449075668 -0.0136128192188 0.0143942235415 0.0271132578066 0.00126433993327 0.0529146712237 0.000308588773534 0.0266712221075 0.0183818782482 -0.0279482720033 0.470260283433 0.0209985295376 0.00316965023229 -0.0206775497277 0.0232962223137 0.0162938907225 -0.0175204437806 0.0134368664662 -0.000274440695359 0.00140600651071 0.0290355421655 0.010029028397 -0.00593340647228 0.0248058174476 0.0102039041281 0.00178526063948 0.0241863710413 0.0138460266194 -0.00842388754868 0.0244918205261 -0.0325012906853 0.0237767239188 0.000387109970661 0.00716968705981 -0.0233783705951 0.0459332249376 -0.0212071613668 0.056627618923 0.0221293211188 0.00229192607902 0.0113006048708 0.00645763373374 0.0255864220723 0.00562610807652 0.0245511962772 0.00721622579752 0.0314342408284 0.0206773520399 0.0253173983351 0.00288640095161 
0.0163522890925 0.00749657411322 0.0180113886252 0.0280510936939 0.0159453676187 0.0565931439905 0.00961164846422 0.0212191104829 0.036102016753 0.0122159822315 0.0176178185264 -0.00267719258334 -0.00305266943565 0.00201440826268 0.0308211231876 -0.0113514844509 0.0235329805591 0.0400116915992 0.00267354396353 0.0475418258632 0.0209985295376 0.277146085558 0.0214096488508 0.0114849030036 0.0414167819207 0.0356918689971 0.00835660375843 0.0105166872715 0.028292228744 0.000610125537932 0.000582369874874 0.0029215826914 0.0330263689145 0.0149498445064 0.00754927804981 0.0136993658217 0.00645126541243 0.0205495878848 -0.00617476544252 0.0172626032305 0.0224992478636 0.0332882515644 0.000292935097177 0.00436712924033 0.0362386721347 0.0342603199816 0.0379104205344 0.028150117387 0.0140970771663 0.0306358330087 0.00583581043908 0.0356041268064 0.0340926973644 0.0453564480844 0.018215631859 -0.00600635339375 -0.00536021694091 0.00905965437661 0.0172601972913 0.0109162204377 
0.0482765502115 0.0352541112152 0.00990609558432 0.00799751923529 0.00462075266268 0.0302750340373 0.00652701290154 0.0630893471408 0.0516146392051 0.00481487478574 0.00972716584406 0.0297128860434 0.0183300954251 0.0128449248521 0.0209003635058 0.00765028910433 0.0337330690474 0.0236971108772 -0.00407817480294 0.0213693914445 0.00316965023229 0.0214096488508 0.229624108621 0.0065377555813 0.0177517857455 0.0259599607776 0.0194722136059 0.0184915422037 0.0112292798535 0.0254550843051 0.00753905889185 0.0108661282108 0.0169886190034 0.0239171221683 0.0274590121452 -0.0101719952872 0.0278706383271 0.00474357882348 0.0183315878983 0.0338062185742 0.0186826031142 0.0123396206343 0.0183292452855 0.0290614380986 -0.00796800420352 0.00268496600585 0.0119961165686 0.0457283339565 0.0107810920017 0.0305882928978 0.0298597212018 0.0431760349678 0.00894783194015 0.0578493537836 0.0701445461248 0.00556643581391 0.0270783731443 0.034385386574 0.0177259774642 0.0305644964813 
-0.000721714255324 0.00857265173578 0.00657941801628 0.00360552010362 -0.00362335711657 0.00715379773349 0.0183962647736 0.0167550973984 0.0142469688632 -0.000614474227984 0.0235928005062 0.018212571985 -0.013128577594 -0.000958360566066 0.00705100638539 -0.0147967885208 -0.00148092183554 0.0312975604837 0.00338500316879 0.0377126316155 -0.0206775497277 0.0114849030036 0.0065377555813 0.161621110033 0.0172434997084 0.0145811173274 -0.0353224165455 0.0164058437973 0.0138413161031 0.024027164667 0.0067005979378 0.00691867142697 0.016361686538 0.00366878259934 0.0169371412362 0.0113226786417 0.00893430173829 0.0232850798121 0.00756226316574 0.00378149531035 -0.00826398009264 0.0120505002467 -0.00967238136604 0.0104764115765 0.0307079165642 0.00940859059198 0.034642819206 0.00627789549693 0.0104360783612 0.00413086027183 0.00375786844572 0.0115098856243 0.0121714013704 0.0095944401044 0.0430593948335 0.00745308148225 -0.0141091474404 0.00612656681224 -0.00702366557823 0.00433874174356 
0.012962698763 0.00965356411145 0.0237696425154 0.0148767532327 0.0198864722425 0.025129122783 0.0170897204071 0.0195961376377 0.0144451985837 -0.00320866487667 0.00316039947817 0.00577338650494 0.00764495404327 0.00942852355482 0.00716235815451 0.0228964289112 0.0111630920943 0.020485199803 0.0225943474878 0.00982962731633 0.0232962223137 0.0414167819207 0.0177517857455 0.0172434997084 0.185915656197 0.0357118598295 -0.00156568067743 0.0106085619229 0.00609929956138 0.0198444820706 0.00349534464215 0.0253980971026 0.0148115876699 0.0269539105098 0.0113092569666 0.0126837189455 0.0108165027244 0.0269404246813 0.028202761066 0.0244202080442 0.0169601346376 0.0286506494221 0.0314737042159 0.0162784532554 0.0144932811486 0.0233393022691 0.00130239784365 0.0286182228928 0.0110525535783 0.066517112623 0.0222008264015 0.0187717335146 0.0108220310885 0.030837865505 -0.00206781715113 0.0124657733647 0.0541648772524 0.0281240285541 0.0185018947623 0.00873364924244 
0.00485224130829 -0.00175279665253 0.0175970798728 -0.00592022775103 0.00157776478116 -0.0106817026812 0.0190308691669 -0.000761123532375 0.0307898350027 0.00102854379455 0.00499823683009 0.0280534896647 0.0410951302062 0.0405196767996 0.00363083968385 0.0223189276412 -0.00602509923268 0.0443828118262 -0.0100408439833 0.00973165738869 0.0162938907225 0.0356918689971 0.0259599607776 0.0145811173274 0.0357118598295 0.438943632181 -0.00360453575603 0.0426601707566 -0.000425912730434 0.035136256278 0.0282903621319 0.0164405716877 -0.0121216424905 0.0140490545198 0.0244104203557 0.00913497301356 0.0284371526512 0.0146293278751 0.0204295846006 0.00877146395697 0.00414499988815 0.00977809721443 -0.00146094632328 -0.00341516941361 -0.00674371778818 0.0455094008145 0.0258440972902 -0.00852736788013 -0.0108080099298 -0.0126964895012 -0.00114052542289 0.0269380449184 0.0170763585677 0.0386085147203 0.0683063747447 -0.0216277318109 0.0263340434478 0.0538165631865 0.0038424392473 0.00226118212563 
0.00719344311794 0.0129725042393 0.0222322468637 0.0340407366055 0.00660479473797 -0.0120345804963 0.00998600107914 0.0165369501589 0.00485391375343 0.0423477554037 -0.00105459671926 -0.00108916669557 0.0600605928722 -0.00250546809815 0.0127918062754 -0.0227164209478 0.0665140359132 0.0173939689424 -0.02382574151 0.0485014012768 -0.0175204437806 0.00835660375843 0.0194722136059 -0.0353224165455 -0.00156568067743 -0.00360453575603 0.831113632401 -0.0196954574283 0.0311751869045 0.0107395163203 0.0268182961039 0.0106307547312 0.00946946000668 -0.00415031159046 0.00778775551898 0.00303055861341 0.0100132213276 0.194274474341 0.00211882463989 -0.0320109660495 -0.0123445881434 0.0428065628367 -0.0113026044488 -0.00296946563861 0.0227855608046 0.0168448110778 0.0164843173806 -0.0232150306892 0.0256997273894 0.161475119544 0.0102152246292 0.0136839349121 0.00491333578522 -0.000497574440178 0.00227224449516 -0.000550150962529 -0.0254228477922 -0.00254573032928 0.0295290922849 0.0305045406325 
0.0206012401619 -0.0106785719071 0.023860861469 0.0222898904527 0.0117765266933 0.00350424920777 -0.000916533245304 0.00269767906559 0.0117253830749 0.00989105144534 0.000120244969297 -0.0298707642527 -0.0170468139886 0.0120347487593 0.00761506535561 -0.0034561292742 0.00840302592564 0.032174547296 0.00702372651318 0.0247842619649 0.0134368664662 0.0105166872715 0.0184915422037 0.0164058437973 0.0106085619229 0.0426601707566 -0.0196954574283 0.72352122786 0.00115750401062 -0.027180171302 0.0144968930908 0.0220267851162 0.0050882169181 0.0551278058066 0.00782030070414 0.00720358796102 0.0163173463826 0.0178260379377 -0.0223060823186 -0.00742087243089 0.0225923245845 0.0133621318747 -0.00294418038115 0.0475902352646 0.00534436084566 0.0136357187313 0.0370842627819 0.018115659938 0.000192416892547 0.0820928811902 -0.00436179400739 -0.00879601115987 0.0339872203702 0.0339285014239 -0.00882354227099 -0.00221066459034 0.0102133317212 0.022993944316 -0.000116574663801 0.0269699214678 
0.014167932085 0.00781609249369 0.0096225622192 -0.00174701012079 0.00983001159376 0.0101772641866 0.0170254531033 0.0105422294847 0.0388474624768 -0.00927170301477 0.0184468281026 0.00139707774966 0.00299149268782 0.0209306578373 0.0659046413987 -0.00850440823636 0.00770523333245 0.0130755055682 0.0172994607719 0.0120819287036 -0.00027444069536 0.028292228744 0.0112292798535 0.0138413161031 0.00609929956138 -0.000425912730434 0.0311751869045 0.00115750401062 0.165192923202 0.00251202450442 0.0214156787542 0.0101955392214 0.00422869005917 0.00613224366555 0.0244227422904 0.0288397312032 0.00847976020955 -0.00831477173605 -0.0115635900021 0.00665816844919 -0.00350238605326 0.0273214492059 -0.00628913409117 0.0224220128173 0.0227486126628 0.013295282249 0.00245204950991 0.0233405135011 0.0158860099254 0.037002527708 0.0194026092475 0.0138207434109 -4.51556840181e-05 0.0385045970618 0.0129042563563 -0.0102731261752 0.00276109717509 0.014658771984 0.0155559423757 0.0245599045522 
-0.00115100328539 0.00512865366113 0.0166501565598 0.0172959400205 -0.00534029534227 0.0107588043866 0.0164581948809 0.0301974035485 0.00750053435644 -0.00931972600173 0.0201048732312 -0.0225064237758 0.00612474085041 0.00275848408007 0.00524279845781 -0.00243950164345 -0.00214184764431 0.0428112223701 0.0236004358691 0.015599173926 0.00140600651071 0.000610125537932 0.0254550843051 0.024027164667 0.0198444820706 0.035136256278 0.0107395163203 -0.027180171302 0.00251202450442 0.387951630012 0.0102209511033 0.0130614256043 -0.00473736957393 0.00757315862338 0.0153085003049 0.0208352620547 0.0271433748718 -0.00717721313117 0.006595194692 -0.0030260183345 -0.00803770470273 0.0038607278184 -0.00325169781799 0.0177911653805 0.0185740192479 0.00657813464498 0.0187303932433 0.00796614685511 0.00855988589411 0.0101841918549 0.0239613035441 0.00998065617029 -0.00149536932024 0.0803182631313 0.00525582767219 0.00429671858948 0.0406000413233 -0.00314385337006 0.0129033594473 0.00984002772239 
0.0153814151947 0.0113215091795 0.0428022895604 -0.00899893055904 0.00765933105176 0.0120940550805 0.0049821593564 0.00799086954662 0.00283837334061 0.00677502321155 0.00622943468868 0.0295806627227 0.0316663230296 0.0358392499429 0.0198985211347 0.00826048098348 0.012285762733 0.00642253165408 0.0103435338848 0.0225296946326 0.0290355421655 0.000582369874875 0.00753905889185 0.00670059793779 0.00349534464215 0.0282903621319 0.0268182961039 0.0144968930908 0.0214156787542 0.0102209511033 0.108805622521 0.00308374214723 0.00295698641997 0.0141764029594 0.0127881778231 0.0161908090226 0.0513973014015 0.00540646235873 0.0233199641256 0.0023279979147 0.0132898780017 0.0233216619473 0.00599909927051 0.0118407636227 -0.0163204434786 0.0117733174144 0.00313358113436 0.0170887693307 0.00648579930355 0.0136942660835 0.00938786015376 0.026967211837 0.0063315736461 0.013292456514 -0.0149582898686 0.029775022373 0.0198648545793 0.00602889894605 0.0173168471128 -0.00130179176866 
-0.0034592570952 0.00600000200117 -0.00226230776874 0.020195103622 0.031296818213 0.0268000833226 0.0155256230418 0.00676543516175 0.021006804633 -0.0280424823565 0.0213207410012 -0.00552784882802 0.0149290753887 0.0130855688623 0.0101292018044 0.00835852475138 0.00515688663114 0.00702355029914 0.00845906551143 0.0198575548686 0.010029028397 0.0029215826914 0.0108661282108 0.00691867142697 0.0253980971026 0.0164405716877 0.0106307547312 0.0220267851162 0.0101955392214 0.0130614256043 0.00308374214723 0.178980493657 0.011345795217 0.000526318357141 0.0352045239494 0.02420570154 0.0181637576918 0.00179346552921 0.00638755903812 0.0116324559378 0.0172314784525 0.0235094899685 -0.0186494515486 0.00805572086633 -0.0145983884189 0.0217801519327 0.0193376951607 0.0200948702715 0.00601289912226 0.0354907659673 0.0190198214608 0.00911635076305 0.0126381853524 0.0154773945727 -0.0121629183265 -0.000395119266482 0.0199089568323 0.0173880168368 0.0109765468934 0.00600449008881 
0.00257865882565 0.0318890503664 0.0048095352531 0.0100994473389 0.0209616897159 0.0407644451553 -0.000397773129354 0.031304976548 0.0232729945951 0.016455277504 0.00616298658976 -0.00571955577055 -0.00579170446367 0.000736882703443 0.00270084684744 -0.00473804866051 0.0047739649793 0.00642379243812 0.00472287384978 0.00651366138386 -0.00593340647228 0.0330263689145 0.0169886190034 0.016361686538 0.0148115876699 -0.0121216424905 0.00946946000668 0.0050882169181 0.00422869005917 -0.00473736957393 0.00295698641997 0.011345795217 0.147309604669 0.00652376128936 -0.00366644837057 0.0125790348041 -0.00495917590013 0.010274665608 0.00202200447037 0.0110979968617 0.0127972019844 0.0138963864815 0.0144440584426 0.00736331280019 0.00672129722919 0.00721560393425 -0.00595237910276 0.0121394483333 0.00464193507314 0.00670899633001 0.00478433678865 0.0127765521635 -0.00108055455753 0.00200929624046 -0.0137530191089 0.0220826903663 0.00711463789619 0.0168580129816 0.0089783484322 0.0282430035437 
0.00795213836457 0.0321393583139 0.00532257529332 0.000595648932321 -0.0021797687726 0.0427866552063 0.0215881802386 0.0104429908219 0.0263716651865 -0.0196897193365 0.0102506927508 0.0227232467064 0.0123245801791 -0.0010588201157 -0.00155928336458 0.026071696604 -0.011804400412 0.0261949192848 0.0355199485323 -0.00787079316497 0.0248058174476 0.0149498445064 0.0239171221683 0.00366878259934 0.0269539105098 0.0140490545198 -0.00415031159046 0.0551278058066 0.00613224366555 0.00757315862338 0.0141764029594 0.000526318357141 0.00652376128936 0.511400101733 0.0262323295308 0.0157527247954 0.0114216013579 0.023690260864 -0.00594111178886 0.0165931441828 -0.00910073255511 0.0204389191853 0.0152131106128 0.0259214075094 -0.000745255474307 0.000490142572183 -0.0358098015674 -0.00327066959717 0.0101304557504 0.0638958253924 0.0110426261982 0.0364732186092 0.0278281792448 -0.00261077149097 0.0774007578512 -0.00110037192602 0.00839642047271 0.0235623500581 0.0346704036985 -0.009567761778 
0.0161772280422 -0.00948989639903 0.017782899171 0.0200503260411 0.0085979106583 -0.0129196258424 0.0175810551404 0.049326810862 0.0278365154553 -0.00151019891469 0.028972125902 -0.00578026862521 0.00382971187509 0.0212224318886 0.0326905788514 0.0229038932819 0.0261565426342 0.0185670212074 0.00885202146967 0.0302452811634 0.0102039041281 0.00754927804981 0.0274590121452 0.0169371412362 0.0113092569666 0.0244104203557 0.00778775551898 0.00782030070414 0.0244227422904 0.0153085003049 0.0127881778231 0.0352045239494 -0.00366644837057 0.0262323295308 0.157951033793 0.0110133159609 0.00774994565073 0.0143794544555 -0.00644419650001 0.0196975937615 -0.00738916293997 0.0262999992732 -0.0146526835904 0.0361945063095 -0.0044115769294 0.0146527923666 0.0305747456734 0.0440706578373 0.0266105381592 0.0141717831469 0.0168047251845 0.0289561146594 0.0256499739796 0.019917417423 0.0105929360639 -0.00680737373627 -0.00707465519838 0.0133448427889 0.00940091047121 0.0136718224839 
-0.00164808640135 0.0201595859969 0.0205008477811 -0.00108381821329 -0.00320791652951 0.0230524792972 0.020873050665 0.0107063106187 0.021063519362 0.00590091727482 0.0277482979549 0.00826096823388 0.0296298590519 0.00794067788932 0.0139240385932 -0.00219749984287 0.00944342808102 0.0199635913242 0.0184825669317 0.0253135725056 0.00178526063948 0.0136993658217 -0.0101719952872 0.0113226786417 0.0126837189455 0.00913497301356 0.00303055861341 0.00720358796102 0.0288397312032 0.0208352620547 0.0161908090226 0.02420570154 0.0125790348041 0.0157527247954 0.0110133159609 0.136729074359 0.0191858324936 0.00536298367991 0.00312559659376 0.00678756329077 0.0120930883304 0.038110308093 -0.000808827209467 0.0242720026749 0.00779520978148 0.0134914444058 0.00808689142319 0.00492827211064 0.0106697489182 0.0235781223301 0.0153864293118 0.0114074610205 0.0166991095547 0.0220414918567 -0.00274924577628 0.0220581340492 0.00991776385759 0.0176610003792 0.0120185092648 0.0189384347725 
0.00809171528988 0.0242014331867 0.0382744854346 -0.0183973874799 0.00235746222231 -0.00295714207606 0.0157876370717 0.00839369542011 -6.12900557543e-05 0.0225885043141 -0.00645783556835 0.0320527826325 0.0486340001187 0.0515268074465 0.00573878138674 0.0118805548866 0.021248664571 0.00696479332949 0.0163183710487 0.00783277752778 0.0241863710413 0.00645126541243 0.0278706383271 0.00893430173829 0.0108165027244 0.0284371526512 0.0100132213276 0.0163173463826 0.00847976020956 0.0271433748718 0.0513973014015 0.0181637576918 -0.00495917590013 0.0114216013579 0.00774994565073 0.0191858324936 0.165242876004 0.00739748434123 0.00899262153472 0.0163254092508 0.0361648424101 0.0273920311153 0.0213914227947 0.015919537697 -0.0139628170423 0.0205721278268 -0.0099797679373 0.0376250927868 0.00257368426093 0.0205306987254 0.0120937546545 0.0295113594455 0.000823766179006 0.00994170862542 -0.00853526885137 0.0199627329736 0.0191145754667 -0.00100981420272 0.00495912442398 0.000551385896119 
0.00284864717441 0.00790043258144 0.0130923791051 0.00954868127007 -0.00207514183788 0.00629137943973 0.00794383005177 0.0105144674227 0.0130496799285 0.0436514844217 -0.00487900519255 0.02445477823 0.00477170822851 0.0208668984719 0.00181519685943 -0.00564769692665 -0.000879020180744 0.0036597307338 -0.00901975633542 0.00814773463188 0.0138460266194 0.0205495878848 0.00474357882348 0.0232850798121 0.0269404246813 0.0146293278751 0.194274474341 0.0178260379377 -0.00831477173605 -0.00717721313117 0.00540646235873 0.00179346552921 0.010274665608 0.023690260864 0.0143794544555 0.00536298367991 0.00739748434123 0.382224663999 0.0245651472714 0.0251015102864 -0.00800384050402 0.0459851576746 0.0298761599548 0.00356833177674 0.012452034942 -0.00490044583021 0.00949550076902 -0.0498123047879 0.0157383983323 0.0891687781277 -0.00759903378737 -0.00702305769728 0.0179387245276 -0.00660734826229 0.002194735608 0.00120078463346 0.0213606715567 -0.015102962457 0.0470675750267 0.0126041082264 
-0.0194263358083 0.0246498710688 0.043521797519 0.0187247202616 0.0146334076067 0.0135239749586 0.0161908177798 0.0389092446611 0.00739072190824 0.0239683697057 -0.00719838893701 0.139658190744 0.1742906257 0.0349284880264 0.00192341194427 0.0051176402517 0.0165997506887 -0.0274941182119 -0.0174172597254 0.0147449536076 -0.00842388754868 -0.00617476544252 0.0183315878983 0.00756226316574 0.028202761066 0.0204295846006 0.00211882463989 -0.0223060823186 -0.0115635900021 0.006595194692 0.0233199641256 0.00638755903812 0.00202200447037 -0.00594111178886 -0.00644419650001 0.00312559659376 0.00899262153472 0.0245651472714 0.319779531053 0.0150702591269 0.0361812045788 0.0385204891522 0.010773794531 0.0222544304029 -0.0170931643854 -0.0134567260922 0.000873125081893 0.0157102993393 0.00250506299612 0.0575346487404 0.0278333567366 -0.00902410063142 -0.0181049775796 0.00731650440775 -0.0105135449069 0.00819562256397 0.0243992435674 0.00891912267347 0.00803094175725 -0.0111771036205 
