40
0.116406698245 0.0904248988876 0.103166553638 0.0172601721071 0.0791171504464 0.0202129727645 0.0625194128962 0.0437038130991 0.0411806556966 0.12993100308 0.0347685991573 0.0771685990004 0.0181340887913 0.0697795953642 0.0519302207626 0.0493061267197 0.110578936942 0.0723841835345 0.0807794462486 0.0205902908148 0.0466490289559 0.0657027666716 0.0315903614714 0.0101927526284 0.176385145314 0.0617018630506 0.0559799775446 0.122670110856 0.0798623823862 0.0751688044393 0.0170349265424 0.0842142990337 0.134360436546 0.143553651187 0.0810581507116 0.0493961611292 0.0279461936292 0.0161964684659 0.0070666509449 0.0445332570478 
0.545340294448 0.035545167139 -0.0101702510232 0.000612241235769 -0.035922978335 0.0313734226992 0.0235800803176 0.00314904884744 0.0181284275645 0.0553959162936 0.0247019683582 0.0397547123306 0.0483549704536 0.0211709685684 0.0273536330167 0.0159510866285 0.0400265898257 0.0142479466068 -0.0124211577668 0.044198561699 0.00220981522937 0.0465494269491 0.0302587640066 0.0363136139274 0.0365718162497 0.0437259438758 0.0119649259794 -0.00379961074189 0.0252578757116 0.0528885824235 0.0206695735437 0.0318062247832 0.0293798113405 0.0171036118638 0.0365592523237 0.0429101837437 -0.00122048397158 0.0157545125522 -0.000150434488148 0.00254425387802 
0.035545167139 0.310850766055 -0.0349416693525 0.0171442667574 -0.00917804160299 0.0281938996819 0.0147010465934 0.00100560699811 0.00459574517292 0.159855462334 0.088074138698 0.0248675893554 0.0226003796751 0.0362304387421 0.0517633364939 0.0193771078506 0.0217212898705 0.0182730573501 0.0143412857919 0.00546274784785 -0.0137303848734 0.00437167699733 0.00682086949903 -0.0080606545609 0.0203985600948 0.0275779230818 -0.00168863116115 0.0125738429537 0.163374210354 -0.00815751929951 -0.00282452735489 0.0293998246267 0.0591935921746 0.00738816625962 0.0300883971408 0.00666220374046 0.0177972414256 0.011793203431 0.00957039249199 0.00369384668801 
-0.0101702510232 -0.0349416693525 0.376333282905 0.0154551695166 0.0380155233419 -7.56932342926e-05 0.053173055339 0.0177051891747 0.0144382962136 -0.0158399398293 -0.0151055811091 0.0307415367007 0.0158932768341 -0.00488062710084 0.00470151919449 0.00743603723091 0.00231510090614 0.0103729739591 -0.00390129145148 0.0277541160074 0.00660716764866 0.00819160951973 0.0100502422404 0.00523215914666 0.0214280821025 0.0206252153999 -0.0109162454519 0.00767068280991 0.0080524553809 0.0372511857317 0.0167565790336 0.033056815349 -0.0216521232425 0.0190195417579 0.0347725696069 0.00189391834354 0.00833506025128 0.0105184581853 0.00681163025227 0.00228390813274 
0.000612241235768 0.0171442667574 0.0154551695166 0.192679155062 0.0355259792437 0.0268990324547 0.0215297842192 0.0156168637491 0.0183989710294 0.0432721365352 0.00657618018388 0.0116280750909 0.00963747260976 0.015322514135 0.0062794497402 0.0189639260275 0.0014926129615 0.0243723733699 0.0113359251324 0.00945198568328 6.68507209804e-05 0.0248797085903 0.0190719163278 0.00673752307829 0.00360631376236 0.0253823655843 0.0144691176523 0.00728630880314 0.000609005208919 0.0235008194384 0.0190306922041 0.0123122642252 0.0100045793434 0.0383377299315 0.00805178628237 0.0183908633887 0.000851999226591 0.0255528679719 0.00621714812886 -0.00130579313042 
-0.035922978335 -0.00917804160299 0.0380155233419 0.0355259792437 0.374559572781 0.0251492939099 0.0200434611377 0.0109765504058 0.0128041982221 0.0546043030875 -0.00819921855945 0.0337594263401 0.0155684733827 -0.000717870040469 0.0206279565679 0.012830579355 0.011323976046 -0.00564564052248 -0.00637500136171 0.0119314161903 0.0057618970082 -0.00200133907959 0.0344772985599 0.0500795045977 0.0435643974122 -0.0109454846359 0.00995810367069 0.0203943799794 -0.0232302265907 0.0389815524902 0.0118311212362 0.0108556825169 0.0465722176875 0.0512758465377 0.0189291574357 0.00358260008396 0.0213376071248 -0.000659522401229 0.00308971210742 0.00724818211756 
0.0313734226992 0.0281938996819 -7.56932342925e-05 0.0268990324547 0.0251492939099 0.210662939911 0.0322818064319 0.0316228812767 0.0383801781837 0.00557033085647 0.00840092606695 0.0296001054118 0.0350078951959 0.025862209903 0.00882191110606 0.00316531173371 0.00286562365274 0.0238720211774 0.0132412151228 0.0229258329534 0.020512615942 0.018403161158 0.0276813398441 0.0198707689964 0.0251888060829 0.0233454752612 0.0228713522298 0.00102224114765 0.0218141437537 0.0196484465951 0.00649891104663 0.00334872290657 0.0151533633753 0.0268841331323 0.0267712171828 0.0118160018104 0.0224535879349 0.0246040874318 0.00310952469574 0.01539448136 
0.0235800803176 0.0147010465934 0.053173055339 0.0215297842192 0.0200434611377 0.0322818064319 0.321092981818 0.0346100204421 0.0210386399559 0.00135221594681 0.026770670756 0.0379001739332 0.0383684683929 -0.0123824230646 0.0302313192747 0.0390221793608 0.0249047996388 0.0188185677062 0.00210065131738 0.019182349041 0.0890099884853 0.0217519659925 0.0230919736127 0.012976738766 0.0276446156123 0.0239639129941 0.034188718551 0.031782977916 0.021786934447 0.0539759016915 0.0116394414937 -0.0138747520584 0.0622372961205 0.018243046139 0.0410421342006 0.0195115260088 -0.00237794516991 0.0489209640512 0.00419946692538 0.000699140949435 
0.00314904884744 0.00100560699811 0.0177051891747 0.0156168637491 0.0109765504058 0.0316228812767 0.0346100204421 0.207739852006 0.0129951323212 0.032392911372 0.00416759823676 0.0394399922386 0.017077446316 0.00723355260235 0.0243210799942 0.0135263690625 -0.0108937022091 0.00422772523369 0.00315239083787 0.0172540955118 0.00575294140254 0.000690193926826 0.0148120786787 0.017403635419 0.0303000674793 0.0271415684291 0.031598263366 4.65446278484e-05 0.032057218061 0.0170410851954 0.0188068731991 0.00766441051364 0.0112739062063 0.0356804452744 0.0163623729742 0.0112386955138 0.000653644938162 0.0240004984161 0.0114611839035 0.0169692859871 
0.0181284275645 0.00459574517292 0.0144382962136 0.0183989710294 0.0128041982221 0.0383801781837 0.0210386399559 0.0129951323212 0.197695081306 -0.00273259890288 -0.0161519788231 0.024455997435 0.0307269028345 0.0114912590335 -0.0182590488871 0.0198245011322 0.0264709982224 0.00905588254215 0.0190019534469 0.0338977879605 0.0277526105649 0.00671559526417 0.0133532082253 0.02347594353 0.0376246734569 -0.00547814645821 0.00716870564968 0.00984070389619 0.00534583203117 0.0207927747317 0.0254201844631 0.0122706649053 0.022174667388 0.0140635815529 0.00691331635385 0.0211855063347 0.0111227078222 0.0165054844373 0.0190808930426 0.00969401218245 
0.0553959162936 0.159855462334 -0.0158399398293 0.0432721365352 0.0546043030875 0.00557033085647 0.00135221594681 0.032392911372 -0.00273259890288 0.598647312087 0.122984767784 0.0428075378923 0.0289147969523 0.0385308090507 0.0650177690362 0.0111352051218 0.000422341357533 0.0233498788605 0.0236803957188 0.0246450095742 -0.00805950608599 0.0155012937442 0.0408706638909 0.00419220075263 0.0326515021482 0.0173853599918 0.00333183362468 -0.00961271674939 0.151885889546 -0.0197439443215 0.00337047629626 0.00714622342586 0.0472343234064 0.158756028276 0.0388050226244 0.0149653823842 0.00669115597184 0.00574187626497 -0.0105176780877 -0.015998573889 
0.0247019683582 0.088074138698 -0.0151055811091 0.00657618018388 -0.00819921855945 0.00840092606695 0.026770670756 0.00416759823676 -0.0161519788231 0.122984767784 0.212571594162 0.0130766719046 0.00113587984749 0.0325657951093 0.0269763228712 0.00792970504639 0.015830579345 0.0113629493737 0.0262728165861 0.0113964746506 0.00366895100997 -0.00297504361944 0.0242238454513 0.00217214978546 0.0122638565009 -0.00540389309497 0.00442603213675 -0.00145106281268 0.0931950831668 -0.000554433715522 0.00131313724549 0.0426100937513 0.0557990824347 0.0109842983757 0.0274217731029 -0.000984577447466 5.98952695173e-05 0.00244198477717 0.0222516217095 0.00355585380479 
0.0397547123306 0.0248675893554 0.0307415367007 0.0116280750909 0.0337594263401 0.0296001054118 0.0379001739332 0.0394399922386 0.024455997435 0.0428075378923 0.0130766719046 0.197348957138 0.041737413055 0.0138284644731 0.0358598226784 0.0281317892412 0.0235844852658 0.0295424311793 0.00224968717646 0.00877883226441 0.0293387918293 0.0350459311464 0.0649992912286 0.0313328441543 0.0239058036327 0.0277179148093 0.00602746811742 0.00349264210481 0.0287886956195 0.0223084876167 0.0291335687006 0.000557213243164 0.0354563077242 0.0600200979402 0.0332045731863 0.00189092273613 0.00964688301235 0.0141345163031 0.00134694630438 0.010522074257 
0.0483549704536 0.0226003796751 0.0158932768341 0.00963747260976 0.0155684733827 0.0350078951959 0.0383684683929 0.017077446316 0.0307269028345 0.0289147969523 0.00113587984749 0.041737413055 0.271426193891 0.0971793215464 0.0245169595071 2.34386274009e-06 0.00490587287643 0.00339307471759 0.00293876372068 0.0221326781504 0.00301887560228 0.0143194121092 0.0312958331082 0.00015039336316 0.0431252734482 -0.0110994679073 0.0322957324107 0.0100134989731 0.01975494563 0.00682999452253 0.00756595441192 -0.00713026639443 0.0355760559488 0.0223794262564 0.0251521914321 0.0309129848236 -0.0115292092627 0.0232188823012 -0.0222676172713 0.0172751767413 
0.0211709685684 0.0362304387421 -0.00488062710084 0.015322514135 -0.000717870040469 0.025862209903 -0.0123824230646 0.00723355260235 0.0114912590335 0.0385308090507 0.0325657951093 0.0138284644731 0.0971793215464 0.46429703003 0.0374189191617 0.0128858045601 0.0332517948128 0.016152731719 0.0117340198259 0.0250988493254 0.00378976328233 -0.00363425610427 0.0151566576208 -0.000568643476877 0.0216022283788 0.0248108028743 0.0906267219775 -0.019679966589 0.0380109636509 -0.0104668161573 0.0161596646894 0.000695967849255 0.0299241865814 0.0321359433996 0.0126467858026 0.0120371740678 0.00406209485974 -0.00467720279436 0.000342066021493 0.000952244706357 
0.0273536330167 0.0517633364939 0.00470151919449 0.0062794497402 0.0206279565679 0.00882191110606 0.0302313192747 0.0243210799942 -0.0182590488871 0.0650177690362 0.0269763228712 0.0358598226784 0.0245169595071 0.0374189191617 0.24782578393 0.0177779811363 -0.0047689556599 0.034321981887 0.00363825558532 0.0250850738107 0.00497367398289 0.00595213490533 0.0207300958005 -0.0011690709632 0.0484418319978 0.0232323435123 0.00561140371867 -0.00477806588407 0.0408410999129 0.0125963838298 0.0160866234835 0.0381135961795 0.0440837935622 0.0367355279464 0.0297977761248 0.0800443636539 0.013399606316 0.017621517708 0.00131824132684 0.00533848262073 
0.0159510866285 0.0193771078506 0.00743603723091 0.0189639260275 0.012830579355 0.00316531173371 0.0390221793608 0.0135263690625 0.0198245011322 0.0111352051218 0.00792970504639 0.0281317892412 2.34386274003e-06 0.0128858045601 0.0177779811363 0.215366630145 0.0324635726535 0.0291333446655 0.00326893857314 0.0142082844759 0.00950958004734 0.00570742038287 0.0100668897471 0.00831906496966 0.0139791957975 -0.00416433455192 0.0203464882768 0.0097416144565 0.0166969018691 0.0153771382307 0.0103500568706 0.0710851317429 -0.00222883256527 0.0439281603535 0.0219632691647 -0.011327436095 0.0116069484106 0.0151462058992 -0.000702447838481 0.0117774101718 
0.0400265898257 0.0217212898705 0.00231510090614 0.0014926129615 0.011323976046 0.00286562365274 0.0249047996388 -0.0108937022091 0.0264709982224 0.000422341357533 0.015830579345 0.0235844852658 0.00490587287643 0.0332517948128 -0.0047689556599 0.0324635726535 0.835496424878 0.0460875038722 0.0267031542825 0.0129058302553 0.00101711988527 0.0689223761948 0.00981482991302 0.0191616379515 0.0335119456674 0.02136429431 0.00446686823954 0.0378227086612 0.0117441481288 0.0129760735726 0.0239825049583 0.103380491034 0.0174562761857 -0.00369142676152 0.00986767459952 0.0163624753602 0.0190926190074 -0.00397616654562 0.021478651403 0.0373880270701 
0.0142479466068 0.0182730573501 0.0103729739591 0.0243723733699 -0.00564564052248 0.0238720211774 0.0188185677062 0.00422772523369 0.00905588254215 0.0233498788605 0.0113629493737 0.0295424311793 0.00339307471759 0.016152731719 0.034321981887 0.0291333446655 0.0460875038722 0.341474940891 0.0218148346187 0.0322825466661 -0.00805248705679 0.0389878990096 0.0133920918831 0.0118536645945 0.00720932943288 0.027707203677 -0.00207908672411 0.00979355267696 0.028559314261 0.0134346941008 0.0123110512234 0.0284657347765 0.0113488911002 0.0307569747887 0.0130595997233 0.015918839993 0.00205365384246 0.0334994356053 0.00186558130673 -0.0136917747285 
-0.0124211577668 0.0143412857919 -0.00390129145148 0.0113359251324 -0.00637500136171 0.0132412151228 0.00210065131738 0.00315239083787 0.0190019534469 0.0236803957188 0.0262728165861 0.00224968717646 0.00293876372068 0.0117340198259 0.00363825558532 0.00326893857314 0.0267031542825 0.0218148346187 0.498949746407 0.0372564687504 0.00262150561906 0.0342143940222 -0.00287402486151 0.0198242471874 -0.0131101073758 0.0322624767907 -0.00408858873539 0.012190241495 0.0174828412816 0.0115574420874 -0.00617845265519 0.0251149167893 0.00501482618016 -0.000104662248605 0.00809208035392 0.00692138714932 -0.00583036268969 0.0326079589818 0.0387086490506 0.0159134343571 
0.044198561699 0.00546274784785 0.0277541160074 0.00945198568328 0.0119314161903 0.0229258329534 0.019182349041 0.0172540955118 0.0338977879605 0.0246450095742 0.0113964746506 0.00877883226441 0.0221326781504 0.0250988493254 0.0250850738107 0.0142082844759 0.0129058302553 0.0322825466661 0.0372564687504 0.296145497336 0.0190794584387 0.020301411498 0.0175777731256 0.00995841551798 -0.0287461189705 0.0161461803315 0.00155459593212 -0.00856349369094 -0.0127950762362 0.00649483646981 0.015633034403 0.0483015416604 0.0372888738675 0.00821162745945 0.0143423228037 0.0248772306096 -0.000408046416912 0.0219755071502 0.00901096347435 -0.00407817633813 
0.00220981522937 -0.0137303848734 0.00660716764866 6.685072098e-05 0.0057618970082 0.020512615942 0.0890099884853 0.00575294140254 0.0277526105649 -0.00805950608599 0.00366895100997 0.0293387918293 0.00301887560228 0.00378976328233 0.00497367398289 0.00950958004734 0.00101711988527 -0.00805248705679 0.00262150561906 0.0190794584387 0.224015524833 0.0191421876387 0.0202203968058 0.0158845292788 0.0329709478295 0.00662822322634 0.00335893491662 0.0120218077173 -0.0271161164094 0.0452697153702 0.00787574794309 0.0114495859749 -0.000388703050209 0.00068748382024 0.0175727177725 0.0224956817284 -0.00809659573053 0.0240933127194 0.0210427695055 0.00429017474084 
0.0465494269491 0.00437167699733 0.00819160951973 0.0248797085903 -0.00200133907959 0.018403161158 0.0217519659925 0.000690193926826 0.00671559526417 0.0155012937442 -0.00297504361944 0.0350459311464 0.0143194121092 -0.00363425610427 0.00595213490534 0.00570742038287 0.0689223761948 0.0389878990096 0.0342143940222 0.020301411498 0.0191421876387 0.172848872931 0.0214940942001 0.0196364687462 -0.0100318805392 0.0307573132236 0.0128256291803 0.0166576098511 -0.00150320786101 0.0344760685268 0.0176273078037 -0.00666858872363 -0.0150042232587 0.0215876807398 -0.0037652621185 -0.00721724785106 0.00706447285811 0.0218576397462 0.00140508007618 0.00281499820589 
0.0302587640066 0.00682086949903 0.0100502422404 0.0190719163278 0.0344772985599 0.0276813398441 0.0230919736127 0.0148120786787 0.0133532082253 0.0408706638909 0.0242238454513 0.0649992912286 0.0312958331082 0.0151566576208 0.0207300958005 0.0100668897471 0.00981482991302 0.0133920918831 -0.00287402486151 0.0175777731256 0.0202203968058 0.0214940942001 0.152174611302 0.0354789089399 0.0207348750931 0.0323478632057 0.00810094709231 0.01000456112 0.0177350768511 0.0122873355421 0.0323432178193 0.0105812151278 0.0254787923086 0.033424196407 0.0282452624826 0.0131733594735 0.004243904368 0.0125751824488 0.011203939309 0.0146887297467 
0.0363136139274 -0.0080606545609 0.00523215914666 0.00673752307829 0.0500795045977 0.0198707689964 0.012976738766 0.017403635419 0.02347594353 0.00419220075263 0.00217214978546 0.0313328441543 0.00015039336316 -0.000568643476877 -0.0011690709632 0.00831906496966 0.0191616379515 0.0118536645945 0.0198242471874 0.00995841551798 0.0158845292788 0.0196364687462 0.0354789089399 0.253241852862 0.0289237926864 0.00656567926314 0.0180274354411 0.00203653479936 0.0245607411341 0.0118628362782 0.0314179447387 0.0478274365641 0.016496868601 0.0277488964988 0.00509566575837 0.0161652574959 -0.00856637755911 0.0101795201863 0.0111170195103 0.0203583352395 
0.0365718162497 0.0203985600948 0.0214280821025 0.00360631376236 0.0435643974122 0.0251888060829 0.0276446156123 0.0303000674793 0.0376246734569 0.0326515021482 0.0122638565009 0.0239058036327 0.0431252734482 0.0216022283788 0.0484418319978 0.0139791957975 0.0335119456674 0.00720932943288 -0.0131101073758 -0.0287461189705 0.0329709478295 -0.0100318805392 0.0207348750931 0.0289237926864 0.617922918279 0.0117459598611 0.0465060041955 0.00380358074525 0.00245997074431 0.00693022585993 0.0170950018634 0.0592173216569 0.012253493759 0.0473880738312 0.0615075895244 -0.0162293968144 0.0108058626424 0.0129582498873 0.0393171421745 0.0157194642526 
0.0437259438758 0.0275779230818 0.0206252153999 0.0253823655843 -0.0109454846359 0.0233454752612 0.0239639129941 0.0271415684291 -0.00547814645822 0.0173853599918 -0.00540389309497 0.0277179148093 -0.0110994679073 0.0248108028743 0.0232323435123 -0.00416433455192 0.02136429431 0.027707203677 0.0322624767907 0.0161461803315 0.00662822322634 0.0307573132236 0.0323478632057 0.00656567926314 0.0117459598611 0.266037146387 0.0289601698469 0.02370369751 0.0185023627764 0.0275941231805 0.0240704292255 0.0187949155927 0.00866435259009 0.0152726376124 0.0134657035002 0.00724909073124 -0.00335913411132 0.0249109494686 0.0157038266132 0.025830036508 
0.0119649259794 -0.00168863116115 -0.0109162454519 0.0144691176523 0.00995810367069 0.0228713522298 0.034188718551 0.031598263366 0.00716870564968 0.00333183362468 0.00442603213675 0.00602746811742 0.0322957324107 0.0906267219775 0.00561140371867 0.0203464882768 0.00446686823954 -0.00207908672411 -0.00408858873539 0.00155459593211 0.00335893491662 0.0128256291803 0.00810094709231 0.0180274354411 0.0465060041955 0.0289601698469 0.235057680942 0.0290173322876 0.0128436324226 -0.00950053137534 0.00572260648955 0.0273405136303 0.0108733954237 0.0159225929563 0.0113680127082 0.00473700553328 0.00877804505959 0.0280483232686 0.0108205463276 0.023713917158 
-0.00379961074189 0.0125738429537 0.00767068280991 0.00728630880314 0.0203943799794 0.00102224114765 0.031782977916 4.65446278484e-05 0.00984070389619 -0.00961271674939 -0.00145106281268 0.00349264210481 0.0100134989731 -0.019679966589 -0.00477806588407 0.0097416144565 0.0378227086612 0.00979355267696 0.012190241495 -0.00856349369094 0.0120218077173 0.0166576098511 0.01000456112 0.00203653479936 0.00380358074525 0.02370369751 0.0290173322876 0.402117591921 0.0195005753084 -0.00680007701594 0.00582780698384 0.0204690060383 0.00804658675427 0.00559332369788 -0.00711931592875 -0.00299464174719 0.0158485440329 0.000794868354113 0.000667106568273 -0.000218403910216 
0.0252578757116 0.163374210354 0.0080524553809 0.00060900520892 -0.0232302265907 0.0218141437537 0.021786934447 0.032057218061 0.00534583203117 0.151885889546 0.0931950831668 0.0287886956195 0.01975494563 0.0380109636509 0.0408410999129 0.0166969018691 0.0117441481288 0.028559314261 0.0174828412816 -0.0127950762362 -0.0271161164094 -0.00150320786101 0.0177350768511 0.0245607411341 0.00245997074431 0.0185023627764 0.0128436324226 0.0195005753084 0.349660508369 9.58993185222e-05 -0.00131056093371 0.0160239349667 0.0544947424878 0.0102486331746 -0.00542337865879 -0.00443185675305 0.00359851655619 0.00259589521776 -0.0103105693925 0.015457759985 
0.0528885824235 -0.00815751929951 0.0372511857317 0.0235008194384 0.0389815524902 0.0196484465951 0.0539759016915 0.0170410851954 0.0207927747317 -0.0197439443215 -0.000554433715522 0.0223084876167 0.00682999452253 -0.0104668161573 0.0125963838298 0.0153771382307 0.0129760735726 0.0134346941008 0.0115574420874 0.00649483646981 0.0452697153702 0.0344760685268 0.0122873355421 0.0118628362782 0.00693022585993 0.0275941231805 -0.00950053137534 -0.00680007701594 9.58993185221e-05 0.33607569367 0.0505541952172 0.0094174806384 -0.000908262687193 0.00863629245561 0.0325109303625 -0.0195805969331 0.0227337496393 0.0305123417432 -0.000166284984418 0.0237884298859 
0.0206695735437 -0.00282452735489 0.0167565790336 0.0190306922041 0.0118311212362 0.00649891104663 0.0116394414937 0.0188068731991 0.0254201844631 0.00337047629626 0.00131313724549 0.0291335687006 0.00756595441192 0.0161596646894 0.0160866234835 0.0103500568706 0.0239825049583 0.0123110512234 -0.00617845265519 0.015633034403 0.00787574794309 0.0176273078037 0.0323432178193 0.0314179447387 0.0170950018634 0.0240704292255 0.00572260648955 0.00582780698384 -0.00131056093371 0.0505541952172 0.200894417105 -0.00750385247624 0.0198308739399 0.0182468302432 0.0196956292131 0.00832112052947 0.000785237913544 0.0195742191653 0.00651243115659 0.0290955904689 
0.0318062247832 0.0293998246267 0.033056815349 0.0123122642252 0.0108556825169 0.00334872290657 -0.0138747520584 0.00766441051364 0.0122706649053 0.00714622342586 0.0426100937513 0.000557213243164 -0.00713026639443 0.000695967849255 0.0381135961795 0.0710851317429 0.103380491034 0.0284657347765 0.0251149167893 0.0483015416604 0.0114495859749 -0.00666858872363 0.0105812151278 0.0478274365641 0.0592173216569 0.0187949155927 0.0273405136303 0.0204690060383 0.0160239349667 0.0094174806384 -0.00750385247624 0.515149986668 0.00234278167626 0.0120360199439 0.0131188555742 0.000251133368556 0.0178121696497 0.00163518302182 0.0481412023359 -0.00806824254379 
0.0293798113405 0.0591935921746 -0.0216521232425 0.0100045793434 0.0465722176875 0.0151533633753 0.0622372961205 0.0112739062063 0.022174667388 0.0472343234064 0.0557990824347 0.0354563077243 0.0355760559488 0.0299241865814 0.0440837935622 -0.00222883256527 0.0174562761857 0.0113488911002 0.00501482618016 0.0372888738675 -0.000388703050209 -0.0150042232587 0.0254787923086 0.016496868601 0.012253493759 0.00866435259009 0.0108733954236 0.00804658675427 0.0544947424878 -0.000908262687194 0.0198308739399 0.00234278167626 0.552640543692 0.00937708282299 0.0129455381096 -0.0177436346002 -0.0245293090114 -0.00917653380038 0.0104182113011 -0.00889479749515 
0.0171036118638 0.00738816625962 0.0190195417579 0.0383377299315 0.0512758465377 0.0268841331323 0.018243046139 0.0356804452744 0.0140635815529 0.158756028276 0.0109842983757 0.0600200979402 0.0223794262564 0.0321359433996 0.0367355279464 0.0439281603535 -0.00369142676152 0.0307569747887 -0.000104662248605 0.00821162745945 0.00068748382024 0.0215876807398 0.033424196407 0.0277488964988 0.0473880738312 0.0152726376124 0.0159225929563 0.00559332369788 0.0102486331746 0.00863629245561 0.0182468302432 0.0120360199439 0.00937708282299 0.880465481107 0.0602474139079 0.00929519045611 0.035698066935 -0.0158521687951 0.0145626158364 0.00376598299134 
0.0365592523237 0.0300883971408 0.0347725696069 0.00805178628237 0.0189291574357 0.0267712171828 0.0410421342006 0.0163623729742 0.00691331635385 0.0388050226244 0.0274217731029 0.0332045731863 0.0251521914321 0.0126467858026 0.0297977761248 0.0219632691647 0.00986767459952 0.0130595997233 0.00809208035392 0.0143423228037 0.0175727177725 -0.0037652621185 0.0282452624826 0.00509566575837 0.0615075895244 0.0134657035002 0.0113680127082 -0.00711931592875 -0.00542337865879 0.0325109303625 0.0196956292131 0.0131188555742 0.0129455381096 0.0602474139079 0.202593456653 0.0297576472801 0.0224107492019 0.0158175666358 0.0219183856272 0.0246532214117 
0.0429101837437 0.00666220374046 0.00189391834354 0.0183908633887 0.00358260008396 0.0118160018104 0.0195115260088 0.0112386955138 0.0211855063347 0.0149653823842 -0.000984577447465 0.00189092273613 0.0309129848236 0.0120371740678 0.0800443636539 -0.011327436095 0.0163624753602 0.015918839993 0.00692138714932 0.0248772306096 0.0224956817284 -0.00721724785106 0.0131733594735 0.0161652574959 -0.0162293968144 0.00724909073124 0.00473700553328 -0.00299464174719 -0.00443185675305 -0.0195805969331 0.00832112052947 0.000251133368556 -0.0177436346002 0.00929519045611 0.0297576472801 0.417693792799 -0.000575186672675 -0.000752420241523 0.00827598570991 0.0054744186377 
-0.00122048397158 0.0177972414256 0.00833506025128 0.000851999226591 0.0213376071248 0.0224535879349 -0.00237794516991 0.000653644938162 0.0111227078222 0.00669115597184 5.98952695173e-05 0.00964688301235 -0.0115292092627 0.00406209485974 0.013399606316 0.0116069484106 0.0190926190074 0.00205365384246 -0.00583036268969 -0.000408046416912 -0.00809659573053 0.00706447285811 0.004243904368 -0.00856637755911 0.0108058626424 -0.00335913411132 0.00877804505959 0.0158485440329 0.00359851655619 0.0227337496393 0.000785237913544 0.0178121696497 -0.0245293090114 0.035698066935 0.0224107492019 -0.000575186672675 0.186830335268 0.00383481416438 0.00821936081204 0.000998325551709 
0.0157545125522 0.011793203431 0.0105184581853 0.0255528679719 -0.000659522401229 0.0246040874318 0.0489209640512 0.0240004984161 0.0165054844373 0.00574187626497 0.00244198477717 0.0141345163031 0.0232188823012 -0.00467720279436 0.017621517708 0.0151462058992 -0.00397616654562 0.0334994356053 0.0326079589818 0.0219755071502 0.0240933127194 0.0218576397462 0.0125751824488 0.0101795201863 0.0129582498873 0.0249109494686 0.0280483232686 0.000794868354113 0.00259589521776 0.0305123417432 0.0195742191653 0.00163518302182 -0.00917653380038 -0.0158521687951 0.0158175666358 -0.000752420241523 0.00383481416438 0.165950198872 -0.000376337052743 0.0190286508468 
-0.000150434488148 0.00957039249199 0.00681163025227 0.00621714812886 0.00308971210742 0.00310952469574 0.00419946692538 0.0114611839035 0.0190808930426 -0.0105176780877 0.0222516217095 0.00134694630438 -0.0222676172713 0.000342066021493 0.00131824132684 -0.000702447838481 0.021478651403 0.00186558130673 0.0387086490506 0.00901096347435 0.0210427695055 0.00140508007618 0.011203939309 0.0111170195103 0.0393171421745 0.0157038266132 0.0108205463276 0.000667106568273 -0.0103105693925 -0.000166284984418 0.00651243115659 0.0481412023359 0.0104182113011 0.0145626158364 0.0219183856272 0.00827598570991 0.00821936081204 -0.000376337052743 0.168237327988 0.00465308260658 
0.00254425387802 0.00369384668801 0.00228390813274 -0.00130579313042 0.00724818211756 0.01539448136 0.000699140949435 0.0169692859871 0.00969401218245 -0.015998573889 0.00355585380479 0.010522074257 0.0172751767413 0.000952244706357 0.00533848262073 0.0117774101718 0.0373880270701 -0.0136917747285 0.0159134343571 -0.00407817633813 0.00429017474084 0.00281499820589 0.0146887297467 0.0203583352395 0.0157194642526 0.025830036508 0.023713917158 -0.000218403910216 0.015457759985 0.0237884298859 0.0290955904689 -0.00806824254379 -0.00889479749515 0.00376598299134 0.0246532214117 0.0054744186377 0.000998325551709 0.0190286508468 0.00465308260658 0.181146485859 
0.0472278548699 0.00307830177242 -0.000880769574894 5.3021646342e-05 -0.00311102118177 0.00271701810611 0.00204209485783 0.000272715629964 0.00156996788015 0.00479742707762 0.00213925321217 0.00344285907985 0.0041876632812 0.0018334596603 0.00236889410782 0.00138140462382 0.00346640436159 0.00123390837133 -0.00107570381704 0.0038277077242 0.000191375612631 0.00403129862696 0.00262048583169 0.00314485121644 0.00316721219348 0.00378677782009 0.00103619298526 -0.000329055942697 0.00218739620119 0.00458028559489 0.00179003757742 0.00275449986608 0.00254436629793 0.00148121623705 0.00316612412557 0.00371613092031 -0.00010569701243 0.00136438080944 -1.30280088341e-05 0.000220338849204 
0.00307830177242 0.0269204660189 -0.00302603733099 0.00148473705412 -0.000794841718518 0.00244166333563 0.00127314798121 8.70881206583e-05 0.000398003206907 0.0138438891315 0.00762744415289 0.00215359641127 0.00195725029338 0.00313764803409 0.00448283643884 0.00167810676505 0.00188111888308 0.001582493187 0.00124199178187 0.000473087841071 -0.00118908621041 0.000378598333682 0.000590704626206 -0.000698073162087 0.00176656712427 0.00238831819725 -0.000146239748318 0.00108892674211 0.014148621649 -0.000706461894524 -0.000244611244302 0.00254609949935 0.00512631545645 0.000639833966821 0.00260573162831 0.000576963768443 0.00154128631918 0.00102132137633 0.000828820302225 0.00031989650695 
-0.000880769574894 -0.00302603733099 0.0325914183285 0.00133845694211 0.00329224089522 -6.5552263792e-06 0.00460492167204 0.00153331436041 0.00125039313084 -0.00137177902866 -0.00130818169794 0.00266229517342 0.00137639814877 -0.000422674705573 0.000407163505881 0.000643979714545 0.000200493619704 0.00089832589614 -0.000337861750455 0.0024035769522 0.00057219750308 0.000709414194197 0.000870376509436 0.000453118273765 0.00185572634552 0.00178619604948 -0.000945374587526 0.000664300617775 0.00069736309227 0.00322604731648 0.00145116231236 0.00286280418605 -0.00187512887739 0.00164714063307 0.00301139286345 0.00016401813982 0.000721837391968 0.000910925199714 0.000589904483965 0.000197792246286 
5.3021646342e-05 0.00148473705412 0.00133845694211 0.0166865043063 0.00307664005193 0.0023295245443 0.00186453400718 0.00135246007342 0.00159339763149 0.00374747695155 0.00056951390991 0.00100702084259 0.000834629610833 0.00132696864908 0.00054381629968 0.00164232416953 0.000129264074267 0.00211070944888 0.000981719914007 0.000818565971793 5.78944226304e-06 0.00215464596779 0.00165167640387 0.000583486614439 0.000312315933222 0.00219817734041 0.00125306234572 0.000631012852334 5.27413981961e-05 0.00203523066434 0.00164810629004 0.00106627335971 0.000866421986554 0.00332014480441 0.000697305146638 0.00159269548922 7.37852974232e-05 0.00221294328032 0.000538420821868 -0.000113085002303 
-0.00311102118177 -0.000794841718518 0.00329224089522 0.00307664005193 0.0324378105259 0.00217799274132 0.0017358146525 0.000950597149736 0.00110887609354 0.00472887136297 -0.000710073156366 0.00292365208277 0.00134826934475 -6.21693691662e-05 0.0017864334416 0.00111116076667 0.000980685092772 -0.000488926811311 -0.00055209131284 0.0010332909524 0.000498994918309 -0.000173321048452 0.00298582164068 0.00433701231906 0.00377278748596 -0.000947906775146 0.000862397075234 0.00176620511566 -0.00201179663632 0.00337590147355 0.00102460515458 0.000940129683501 0.0040332723628 0.00444061857022 0.00163931312116 0.000310262268431 0.00184789098261 -5.71163153829e-05 0.000267576917541 0.000627710984506 
0.00271701810611 0.00244166333563 -6.55522637919e-06 0.0023295245443 0.00217799274132 0.0182439457599 0.00279568644501 0.00273862185264 0.00332382093088 0.000482404802919 0.000727541538929 0.00256344432413 0.00303177265727 0.0022397330774 0.000763999912777 0.000274124037229 0.000248170288096 0.00206737767793 0.00114672286733 0.00198543537406 0.00177644465039 0.00159376050727 0.00239727435158 0.00172085907437 0.00218141459588 0.00202177746397 0.00198071720499 8.85286802656e-05 0.00188916026525 0.00170160538963 0.000562822206332 0.000290007910732 0.00131231976357 0.00232823422513 0.00231845541706 0.0010232957739 0.00194453775578 0.00213077647529 0.00026929273802 0.00133320119358 
0.00204209485783 0.00127314798121 0.00460492167204 0.00186453400718 0.0017358146525 0.00279568644501 0.0278074679231 0.00299731569284 0.00182199966629 0.000117105336134 0.00231840809511 0.0032822513434 0.00332280683326 -0.00107234929343 0.00261810904818 0.00337941986375 0.00215681891633 0.00162973576964 0.000181921740534 0.00166124015738 0.00770849112188 0.00188377551318 0.00199982357721 0.00112381854296 0.00239409393981 0.0020753357427 0.0029608298788 0.00275248662832 0.00188680387017 0.0046744502057 0.00100800520194 -0.00120158877538 0.00538990795032 0.00157989413988 0.00355435308433 0.00168974771903 -0.000205936092595 0.0042366797646 0.000363684503973 6.05473823037e-05 
0.000272715629964 8.70881206583e-05 0.00153331436041 0.00135246007342 0.000950597149736 0.00273862185264 0.00299731569284 0.0179907989215 0.00112541147157 0.00280530841507 0.000360924594581 0.00341560352037 0.00147895023414 0.000626444031324 0.00210626731224 0.00117141792291 -0.000943422285433 0.000366131745259 0.000273005054826 0.00149424850325 0.000498219340108 5.97725474169e-05 0.00128276364186 0.0015071990391 0.00262406281735 0.00235052877581 0.00273648987904 4.03088301264e-06 0.00277623652155 0.00147580126873 0.00162872299562 0.000663757420985 0.000976348917456 0.0030900172026 0.00141702306618 0.000973299582039 5.66073121504e-05 0.00207850413318 0.000992567641785 0.00146958327489 
0.00156996788015 0.000398003206907 0.00125039313084 0.00159339763149 0.00110887609354 0.00332382093088 0.00182199966629 0.00112541147157 0.0171208962615 -0.000236650006825 -0.00139880239822 0.00211795150536 0.00266102784343 0.000995172224447 -0.00158128001851 0.00171685215978 0.00229245569242 0.000784262433519 0.00164561744066 0.00293563455059 0.00240344657705 0.00058158761003 0.00115642175452 0.00203307634748 0.00325839230228 -0.000474421399847 0.000620828120488 0.000852229956522 0.000462962634336 0.00180070711328 0.00220145255139 0.00106267075294 0.00192038252784 0.0012179418893 0.000598710758683 0.00183471866779 0.000963254753291 0.00142941688244 0.00165245381018 0.00083952608146 
0.00479742707762 0.0138438891315 -0.00137177902866 0.00374747695155 0.00472887136297 0.000482404802919 0.000117105336134 0.00280530841507 -0.000236650006825 0.0518443780174 0.0106507933179 0.00370724152882 0.00250409487059 0.00333686594663 0.00563070396828 0.000964337051181 3.65758344692e-05 0.00202215882685 0.00205078242641 0.00213432043678 -0.000697973701243 0.0013424514174 0.00353950331991 0.000363055234954 0.0028277030332 0.00150561634069 0.000288545256016 -0.000832485690435 0.0131537038823 -0.00170987573534 0.000291891809542 0.000618881102792 0.00409061240005 0.0137486753491 0.00336061353872 0.0012960401322 0.000579471105229 0.000497261071085 -0.000910857641281 -0.00138551714122 
0.00213925321217 0.00762744415289 -0.00130818169794 0.00056951390991 -0.000710073156366 0.000727541538929 0.00231840809511 0.000360924594581 -0.00139880239822 0.0106507933179 0.0184092400667 0.00113247300663 9.83700803577e-05 0.00282028058591 0.00233621809071 0.000686732601469 0.00137096838694 0.000984060281951 0.00227529265925 0.000986963656099 0.000317740477987 -0.00025764633518 0.00209784655382 0.000188113689503 0.00106208112782 -0.000467990869958 0.000383305626839 -0.000125665725827 0.00807093095303 -4.80153682357e-05 0.000113721021325 0.00369014236462 0.00483234228963 0.000951268143611 0.00237479521239 -8.52669081498e-05 5.18708249685e-06 0.000211482085269 0.00192704696758 0.000307945972709 
0.00344285907985 0.00215359641127 0.00266229517342 0.00100702084259 0.00292365208277 0.00256344432413 0.0032822513434 0.00341560352037 0.00211795150536 0.00370724152882 0.00113247300663 0.0170909210292 0.00361456599939 0.00119758015291 0.00310555174147 0.00243628441368 0.00204247633753 0.00255844958908 0.000194828624539 0.000760269175654 0.00254081390405 0.00303506666721 0.0056291037432 0.00271350390105 0.00207030332438 0.00240044183647 0.000521994051019 0.000302471678909 0.00249317417483 0.00193197169961 0.00252304105976 4.82560823905e-05 0.00307060632136 0.00519789295538 0.00287560039011 0.000163758712608 0.000835444575603 0.00122408501887 0.000116648971713 0.000911238360708 
0.0041876632812 0.00195725029338 0.00137639814877 0.000834629610833 0.00134826934475 0.00303177265727 0.00332280683326 0.00147895023414 0.00266102784343 0.00250409487059 9.83700803577e-05 0.00361456599939 0.0235061979162 0.00841597611818 0.00212323097567 2.0298446759e-07 0.000424861053872 0.000293848890237 0.000254504403783 0.0019167461532 0.000261442296244 0.00124009746538 0.00271029865043 1.30244473057e-05 0.00373475823513 -0.000961242117617 0.00279689247015 0.000867194449144 0.00171082847659 0.000591494876422 0.00065523087246 -0.000617499183333 0.00308097682181 0.00193811516602 0.00217824367411 0.00267714301641 -0.000998458810708 0.00201081419204 -0.00192843222387 0.00149607419128 
0.0018334596603 0.00313764803409 -0.000422674705573 0.00132696864908 -6.21693691662e-05 0.0022397330774 -0.00107234929343 0.000626444031324 0.000995172224447 0.00333686594663 0.00282028058591 0.00119758015291 0.00841597611818 0.0402093022907 0.00324057345762 0.00111594340972 0.00287968990293 0.00139886760092 0.00101619592577 0.00217362411215 0.000328203127683 -0.000314735811016 0.00131260505361 -4.92459696672e-05 0.00187080785544 0.00214867855774 0.00784850434942 -0.00170433510117 0.0032918460144 -0.000906452868894 0.00139946801376 6.02725837672e-05 0.00259151057671 0.00278305433587 0.00109524377813 0.00104244985324 0.000351787734111 -0.000405057643857 2.96237864384e-05 8.24668106324e-05 
0.00236889410782 0.00448283643884 0.000407163505881 0.00054381629968 0.0017864334416 0.000763999912777 0.00261810904818 0.00210626731224 -0.00158128001851 0.00563070396828 0.00233621809071 0.00310555174147 0.00212323097567 0.00324057345762 0.0214623424597 0.00153961832921 -0.000413003675099 0.00297237082224 0.000315082176235 0.00217243111759 0.000430732801933 0.000515470003477 0.00179527895861 -0.000101244515296 0.00419518571159 0.00201197996711 0.000485961817126 -0.000413792643656 0.0035369430043 0.00109087883924 0.00139314245978 0.0033007342521 0.003817768512 0.0031813900423 0.00258056311004 0.0069320452354 0.00116043994704 0.00152606819884 0.000114163047736 0.000462326156721 
0.00138140462382 0.00167810676505 0.000643979714545 0.00164232416953 0.00111116076667 0.000274124037229 0.00337941986375 0.00117141792291 0.00171685215978 0.000964337051181 0.000686732601469 0.00243628441368 2.02984467585e-07 0.00111594340972 0.00153961832921 0.0186512972833 0.00281142786155 0.00252302165775 0.000283098384775 0.00123047353003 0.000823553790032 0.000494277104164 0.000871818225809 0.000720452159946 0.00121063386851 -0.000360641951182 0.00176205757255 0.000843648559321 0.00144599411832 0.00133169923453 0.000896341218054 0.00615615299207 -0.00019302256223 0.00380429028076 0.00190207490468 -0.000980984741799 0.0010051912184 0.00131169990797 -6.08337672958e-05 0.00101995363996 
0.00346640436159 0.00188111888308 0.000200493619704 0.000129264074267 0.000980685092772 0.000248170288096 0.00215681891633 -0.000943422285433 0.00229245569242 3.65758344692e-05 0.00137096838694 0.00204247633753 0.000424861053872 0.00287968990293 -0.000413003675099 0.00281142786155 0.0723561128715 0.00399129491503 0.00231256099699 0.0011176776858 8.80851659334e-05 0.00596885286739 0.00084998920385 0.00165944652441 0.00290221962782 0.00185020216064 0.00038684213708 0.00327554265405 0.00101707306254 0.00112376093553 0.00207694585402 0.00895301314912 0.00151175786323 -0.000319686935169 0.000854565687946 0.00141703193307 0.00165346930852 -0.000344346123819 0.0018601057754 0.00323789812401 
0.00123390837133 0.001582493187 0.00089832589614 0.00211070944888 -0.000488926811311 0.00206737767793 0.00162973576964 0.000366131745259 0.000784262433519 0.00202215882685 0.000984060281951 0.00255844958908 0.000293848890237 0.00139886760092 0.00297237082224 0.00252302165775 0.00399129491503 0.0295725973567 0.00188922009591 0.00279575055117 -0.000697365835483 0.00337645109825 0.00115978917806 0.00102655746667 0.000624346243312 0.00239951422521 -0.000180054191975 0.000848146541155 0.00247330916647 0.00116347863833 0.00106616831068 0.00246520494539 0.00098284279976 0.00266363215106 0.00113099451237 0.00137861198327 0.000177851639815 0.00290113622467 0.000161564080445 -0.00118574247377 
