50
0.234070828585 0.034888990542 0.0136100125143 0.103848753038 0.0825599502725 0.282509070746 0.037281538924 0.190895055806 0.105790735219 0.0205902908148 0.0590120409917 0.0407864154506 0.0110311255814 0.0498631258667 0.155431064381 0.106356452037 0.0558285331973 0.0601344650096 0.0658076634161 0.0704328117516 0.0680936188342 0.0566389432936 0.0309991269713 0.28152338764 0.165506763093 0.0896896089949 0.162419244675 0.0887704215167 0.0170349265424 0.138189015222 0.0413132452317 0.0142076594304 0.0431815223905 0.0524718958424 0.330982708656 0.0216083944488 0.0422457423554 0.0755027876102 0.00477989818121 0.131188957491 0.170228010564 0.110955558587 0.121962687623 0.0433119494187 0.0625194128962 0.151795006465 0.0946915784272 0.112605751981 0.00839736130492 0.0088766616328 
0.994992799486 0.00679396829221 0.0237913859698 0.059929699803 0.0216435801401 0.126785907978 0.0736047350679 0.0426254319616 0.0584250386406 0.0352180725772 -0.00692158871877 0.00996761228441 0.00370505543797 0.0495478394617 0.013073679588 0.0381009284497 0.03963397136 0.024250897078 0.01483311123 0.0643073439495 0.0748459160797 0.010883159931 0.0233806402697 -0.00870820588478 0.0547616297564 0.035477989972 0.0225909497068 0.00509422253727 0.0108328122263 0.053465234883 0.0205245723785 0.0156671193486 0.0563301147978 0.0189433416934 0.0148770690109 0.00459729695753 0.00208827430501 0.0538331038414 -0.00601745062653 0.0464032777934 0.119860399959 0.0195794357325 0.0185949629912 0.0213931909999 0.0294050511942 0.00478871073807 0.0392622857175 0.0380657406348 0.0368968579179 0.000728424988768 
0.00679396829221 0.145047546779 0.00413833606355 0.0100777577634 -0.00516219781561 0.00727256797563 0.0113465744191 0.0417690076564 0.00889456685879 -0.00497889612468 0.0012946632171 0.00916630530852 0.0140405685326 0.0131657826249 0.013710972706 0.00398397991949 0.0135213332163 0.0156359303219 0.0208634026404 0.000282256147328 0.0127054843969 0.0050621970563 0.00409387515327 0.0108006510239 0.0195478867752 0.0187706308905 0.0105265056285 0.0210017643646 0.0223983187134 0.0151383296587 0.0154078246756 0.00952759686362 0.0067864473544 0.0213527300987 0.00767833775839 -0.00433748400703 0.00735677640932 0.00240425365917 0.00771621778525 0.0108139466772 0.0141198819002 0.00751479873831 0.0196532187066 0.0208911431104 0.00433647639414 0.0355153050414 0.0130358535023 -0.00848632659438 0.012224072176 0.0262420323542 
0.0237913859698 0.00413833606355 0.149664623108 -0.00504069147067 0.0138855121641 0.00448456053041 -0.000727474575835 0.00411161261203 0.00694850727951 -0.00815184408534 0.013449135744 0.0116918986025 0.00766629400645 0.0133475581209 -5.88163691503e-05 -0.00975203181365 0.00384915409971 9.38895632685e-05 0.00523397290868 0.00767357927037 0.0058619038569 0.00663896095516 0.0155691681122 -0.0176934530544 -0.00173338646662 0.0256294922786 0.0091744825421 -0.00855226080566 0.00199692266761 0.0245581654238 0.0128121717268 0.00978255149203 0.00210616743731 0.00810275585735 0.0202807526568 0.0112443006911 0.0140245383282 -0.00680924865076 0.0104759361305 0.00549591606979 -0.00953868827015 0.0306425737082 0.0141493486243 0.0248874150033 0.00232209352802 -0.00659762723873 0.0276819068124 -0.0133990182169 0.0112154046411 0.0171907707864 
0.059929699803 0.0100777577634 -0.00504069147067 0.345985553718 0.0171165130482 0.0359388959493 -0.00177466472151 -0.000628721745537 0.00319396976303 0.00101389639221 -0.00211957881996 -0.0220064769981 0.0117462507795 -0.00472078982641 -0.0221565832934 0.0440093036928 0.0160299481425 0.0185239787437 -0.00490725973781 -0.00689992901949 0.00350772632241 0.00674766494396 0.0151052887244 -0.038484027185 0.0307432761235 0.0124540308597 0.00755020645869 -0.019815577843 0.00109372987613 0.0195829660247 0.00480636698618 0.00420160472204 0.0182075898845 0.0033915600709 0.026062865257 -0.0141114221574 -0.0156495112653 -0.00873970792821 -0.00174368879448 0.0379013368127 0.0341598384339 -0.0210679536446 0.0126560270183 -0.0118649168893 0.00107372446318 0.0128865089142 -0.00660452632592 0.0193945081119 0.00801120704073 0.0192798269464 
0.0216435801401 -0.00516219781561 0.0138855121641 0.0171165130482 0.359733661671 -0.0143182835006 -0.00119675891835 -0.00738779397873 0.0126906158124 0.0158480848163 0.014709778507 0.0125732995329 0.0102280446892 0.00882187252786 0.00332268186697 0.0260636806973 0.0419896448225 0.0400242920371 0.0115052107893 0.0117033348076 0.0281970560999 -0.0114713902699 0.016221371114 -0.0179768395076 0.0274983935572 0.0327233797997 0.00992431818518 0.035616895377 0.0136570148761 -0.0124944231092 0.00138152229531 0.00524787340987 -0.0121635969611 0.0268334727484 0.0148417138611 0.0225273014263 0.00804981229743 0.0286090481862 0.0103075455168 0.0560639782517 0.0358034401973 0.0195464085482 -0.00960610881366 0.0192158463295 0.0171252516551 -0.0121873578604 0.0112765571824 -0.0139068242512 0.0116477858108 0.0263083766065 
0.126785907978 0.00727256797563 0.00448456053041 0.0359388959493 -0.0143182835006 0.842895314348 0.121693974204 0.0177960263766 -0.000852958802214 0.0488738480029 -0.000176127082553 0.0575460562887 0.0241792909907 0.00723956474659 0.0139136090596 0.0401880151787 0.0231074581099 -0.0027944464059 -0.0114242958854 0.00161642724191 0.0871022625134 -0.000423338470411 0.0109786557406 -0.0392350152623 -0.011672205948 0.00681742015849 0.0357378112309 0.0141331463244 -0.00652735700598 0.0138403554206 -0.00353244538696 -0.0121287858194 0.0118241527202 0.0262693211738 0.088405500061 0.00978691647924 0.0282401720022 0.0396863243236 0.00720474428036 0.031368368071 0.0440030352965 0.000821214625355 -0.0191493071714 0.0278380073236 0.0167802679438 0.0532223951321 0.0603318159677 0.112063763311 0.00858863892009 0.058352131941 
0.0736047350679 0.0113465744191 -0.000727474575836 -0.00177466472151 -0.00119675891835 0.121693974204 0.347228323586 0.0137424809642 -0.000394343078254 0.0447843603449 0.00381071753368 0.016251919184 0.0138317934671 -0.0207859028701 0.0424153300632 0.0186373269823 0.0377265008011 0.0184941502531 -0.0121812309531 0.0120303130979 0.0498822392706 0.00696199303223 -0.0022589742577 0.041857175411 0.0241856482533 0.0275583976823 -0.00548582757079 0.0223081204813 0.00314945347358 0.0293421572441 -0.000994128640443 0.012232298679 0.0297011133105 0.00679120785717 0.0356969529921 0.0246145503536 0.0127199648189 -0.00238236821103 -0.00165483100128 0.00702692292571 0.025147630145 0.0455848755398 -0.00822463982544 0.0164622539339 -0.00214576908664 -0.00758483125998 0.0431694195543 0.0476348506167 0.0257075502571 0.025007113058 
0.0426254319616 0.0417690076564 0.00411161261203 -0.000628721745537 -0.00738779397873 0.0177960263766 0.0137424809642 0.543216709317 0.00371655019521 -0.0210278859913 0.00770379075385 0.0391037897803 0.013543590141 0.0300469930803 0.0534283038212 0.0615443244938 0.0251879775967 -0.00917543776802 -0.00720133855728 0.0397908590734 -0.00582314745051 -0.00757273373517 0.0214600144172 -0.0280180125436 0.0320872130829 0.028625629633 0.037987682653 0.0627763459718 -0.000105735043627 0.0515809118859 -0.00306889190932 0.00494760965896 0.0318660129059 0.0210516877893 0.0214524344129 0.00988221702319 0.0163827453909 0.018292201584 0.00691490121407 -0.0112494504724 0.0026719689487 0.0155664412157 0.0385874814122 0.0188090357986 0.0459064932187 0.080038010757 0.0654323298582 0.0684144058467 0.0254844589729 0.0270558252052 
0.0584250386406 0.00889456685879 0.00694850727951 0.00319396976303 0.0126906158124 -0.000852958802214 -0.000394343078254 0.00371655019521 0.336056242053 0.0150603236604 0.0112253445098 0.0159560609113 0.00962615261274 0.0100543648628 0.0318458096377 0.00729639073301 0.00430652398043 -0.00993683678976 0.00772475485187 0.00366785329151 -0.0218545329891 0.0170751030085 0.0324248248752 -0.0338547389321 0.0232243583283 -0.0232237730036 0.0609197696376 0.0234822916605 0.0384388001611 0.037495159924 0.00819360327941 -0.00128237298951 0.0266994149247 0.0139648755574 -0.00416578155725 0.0149164081936 0.0157689124755 -0.0477716602465 0.0141067911752 0.0586553861292 0.0491565306023 0.0334679998576 0.020530284349 0.00310961188703 0.0402004489445 0.013157293537 0.00650779611916 0.0100298871248 0.0176885541422 0.0354808440447 
0.0352180725772 -0.00497889612468 -0.00815184408534 0.00101389639221 0.0158480848163 0.0488738480029 0.0447843603449 -0.0210278859913 0.0150603236604 0.282384073363 0.0163824071813 0.0114182788837 0.0195898310086 0.0328115146618 0.00355288929999 0.00293925962361 0.0251743776253 0.00949273416527 0.0104618569607 0.00245473654931 0.0239829033021 0.0071153660643 -0.0106028319551 -0.00858172441697 0.016257420141 0.0369303577892 0.0410221495369 0.00443852560032 0.0138770131841 0.010299872241 -0.000540514636829 0.000338119857485 0.0287730727035 0.0169515341804 0.0300165745293 -0.00630509556462 0.0129355548191 0.041348806494 -0.00144737843128 0.0443221227645 0.0301640312386 -0.0181942037426 0.0483866781657 0.0178103982567 0.0204629920582 0.014579166555 0.0460745727061 0.0108638048246 0.00821274167934 0.00979654469424 
-0.00692158871877 0.0012946632171 0.013449135744 -0.00211957881996 0.014709778507 -0.000176127082553 0.00381071753368 0.00770379075385 0.0112253445098 0.0163824071813 0.283898889656 0.0169749682757 0.0146515648418 0.00757881248075 0.00334069111716 0.0183653001175 0.0072500104891 0.00299424854583 0.0137879108055 -0.00892036221346 0.0127425342844 -0.00655820674156 0.0216497248932 -0.0135798589336 0.0239371462799 0.00493877739587 0.0216482943253 0.0456677801246 0.015459175875 0.0238431368637 0.0161277128408 0.0139533162216 0.00676253721787 -0.00805321003092 0.0118503905809 0.0233270270871 -0.00307777976121 -0.00165201108426 0.0254155862895 0.00987403024167 0.00319576310571 0.0187412757287 0.0204571211148 0.0220310102742 0.0253509073404 0.0284692538452 -0.00171486048071 0.0115924804202 0.00883979100451 0.00278227606657 
0.00996761228441 0.00916630530852 0.0116918986025 -0.0220064769981 0.0125732995329 0.0575460562887 0.016251919184 0.0391037897803 0.0159560609113 0.0114182788837 0.0169749682757 0.197884684867 0.0179576448916 -0.00531448164709 0.0200498094094 -0.00400424052145 0.026856674451 -0.00557273777791 0.0155005848635 0.0302521165124 0.0206936367935 0.0165890738706 0.00590802405246 0.00845923454471 0.00730177381057 -0.00790343244564 0.0298879895673 0.0391793593899 0.015638237787 0.0124902829516 0.0197229216547 0.0158021841369 0.011753062037 0.0321816976979 0.0304119615194 0.0139750034613 0.0483395793152 0.0333360348745 0.0189160717701 0.0101438800627 -0.0132206590499 0.0570201074564 0.0174531371231 0.0098169149002 0.0423762355935 0.00685308240755 0.0350836959359 0.0218167105375 0.0216999552606 0.0302426302517 
0.00370505543797 0.0140405685326 0.00766629400645 0.0117462507795 0.0102280446892 0.0241792909907 0.0138317934671 0.013543590141 0.00962615261274 0.0195898310086 0.0146515648418 0.0179576448916 0.147208649128 0.0167578574842 0.022987455436 0.0203276173677 0.0135149876108 0.00909247416741 0.00495490816525 -0.00689569240435 0.00775656246817 0.000918931992417 0.00779247701699 -0.00534415066255 0.0117362945855 -0.00679939550101 0.00897290011565 0.0270169995392 0.0219720104589 0.0120804432397 0.0109917283519 0.00345282632792 0.0101030946248 0.00529113985811 0.0059564141928 0.00192909359777 -0.00275128020591 0.0120111381135 0.0104587187936 0.0137069276257 -0.00722919810147 0.00350098502974 0.0373470243934 0.0114572931547 0.0265595280177 0.0382979454031 -0.00644536996122 0.0127184500482 0.0211253664083 0.0199573440246 
0.0495478394617 0.0131657826249 0.0133475581209 -0.00472078982641 0.00882187252786 0.00723956474659 -0.0207859028701 0.0300469930803 0.0100543648628 0.0328115146618 0.00757881248075 -0.00531448164709 0.0167578574842 0.275862500259 0.0305388184669 0.0430775573995 0.00274100566171 0.00253293582753 0.0243827653607 0.004345274953 0.00132772087821 0.00485636441247 -0.0209895360131 0.0369838814084 0.00757613269771 0.0748786741443 -0.010622006657 0.00821950534327 0.0337087672248 0.0255973880776 0.0204532043037 0.0138683978752 0.000980314415695 0.00732038643802 0.0102837600196 0.00439924873635 0.0193509875529 -0.00123816400495 0.0147773582382 0.0572314913597 0.0241297913565 0.0142949770076 0.0592522446648 0.0220387130787 0.0317497866955 0.039204557944 -0.00923544622727 0.0605318090598 0.0187150652073 0.0232806416622 
0.013073679588 0.013710972706 -5.88163691503e-05 -0.0221565832934 0.00332268186697 0.0139136090596 0.0424153300632 0.0534283038212 0.0318458096377 0.00355288929998 0.00334069111716 0.0200498094094 0.022987455436 0.0305388184669 0.698846284013 0.0154232591954 0.000277347171966 0.0170076209283 -0.00150591742168 0.0161661631592 0.0176271796729 -0.0179729761701 -0.000371527016666 -0.00782965543576 0.0127590437856 -0.000284311517479 0.0335558354 0.00036169855762 0.00237483674536 0.046135118276 -0.00995891932894 -0.00287943171893 0.0161462231039 0.0191003092554 0.0555015333424 0.00122190216737 0.0520460080884 -0.000344794709226 -0.00583848754807 0.00541664649625 -0.0138146674507 0.0348720141361 0.0521643384284 0.0147463722353 0.00374357575561 0.00142641799291 0.0196454316817 0.0349152343337 0.0423498283184 0.0474576284845 
0.0381009284497 0.00398397991949 -0.00975203181365 0.0440093036928 0.0260636806973 0.0401880151787 0.0186373269823 0.0615443244938 0.00729639073301 0.00293925962361 0.0183653001175 -0.00400424052145 0.0203276173677 0.0430775573995 0.0154232591954 0.469525923998 0.012586141664 -0.0214559261725 -0.00301847943119 0.00550396335077 0.0302941681942 0.00756411409545 0.0360039680984 -0.0315914247067 0.038391808358 0.00911182455922 0.00794654539338 0.0254483137682 0.0104626875101 0.0387399394276 -7.34309986501e-05 0.00668581002288 0.0209303852318 -0.00278311583619 0.0459393253734 -0.0185693233869 0.00259304865595 -0.019013893792 -0.00459427992748 0.0232400020564 0.023043581124 0.00802755595142 0.127350386488 -0.00457872579002 0.0260319972662 0.173297270345 0.0145694136065 0.17578902627 0.015783380618 0.0106361980878 
0.03963397136 0.0135213332163 0.00384915409971 0.0160299481425 0.0419896448225 0.0231074581099 0.0377265008011 0.0251879775967 0.00430652398043 0.0251743776253 0.0072500104891 0.026856674451 0.0135149876108 0.00274100566171 0.000277347171966 0.012586141664 0.282955117375 0.0712949880116 0.0395873564223 -0.000473814707961 0.00325757153313 0.00507015163441 -0.00511190719033 -0.0224559700662 0.0240318941179 0.0432328547315 0.0314573186914 0.0611885518508 0.0409008699253 0.0360217201353 0.0154131212972 -0.00266531781214 0.00875066839203 -0.00895737571401 -0.00357326900795 0.0217152918081 0.0101537777456 0.0574040633372 0.0221934397614 0.013080465303 0.0121591164437 0.0514394773827 -0.00547123881122 0.0340942964498 0.032876890775 -0.00348791794751 0.024660922946 -0.00692244896389 0.0276974673948 0.00444919397951 
0.024250897078 0.0156359303219 9.38895632683e-05 0.0185239787437 0.0400242920371 -0.0027944464059 0.0184941502531 -0.00917543776802 -0.00993683678976 0.00949273416527 0.00299424854583 -0.00557273777791 0.00909247416741 0.00253293582753 0.0170076209283 -0.0214559261725 0.0712949880116 0.279925689914 0.017545436319 0.0091051541662 -4.36958311172e-05 -0.00869828754179 0.007258870866 -0.0344829040209 0.01347791327 0.00251663968441 0.0200075464863 0.0294256016796 0.0253196872721 -4.71794920196e-06 -0.000495311070702 0.00114773482117 -0.00244964017101 0.000636988702841 -0.0220625661922 0.0098394655074 -0.00218180119164 0.00666120010292 0.00603305998361 0.0100931800682 0.0328837268371 0.00153582309565 -0.0066406432766 0.0196627197843 0.0233918880997 -0.0250346313556 0.00900278798771 -0.0346333605236 0.0176795538616 0.00797455753868 
0.01483311123 0.0208634026404 0.00523397290868 -0.00490725973781 0.0115052107893 -0.0114242958854 -0.0121812309531 -0.00720133855729 0.00772475485187 0.0104618569607 0.0137879108055 0.0155005848635 0.00495490816525 0.0243827653607 -0.00150591742168 -0.00301847943119 0.0395873564223 0.017545436319 0.23820840824 -0.000810939997289 0.00575297242828 0.00119969456622 0.0816028461063 -0.00835927134956 0.00595556572238 0.0318489081727 0.028874590263 0.010933606785 0.0224395556456 0.0103231842798 0.0121838051894 0.00839610088788 -0.00367860714489 0.0164780357794 0.0385284018058 0.00790487660983 -0.000478316418329 -0.0171902592193 0.0130798084697 0.00729181144386 0.00252131511346 -0.00115455053253 0.00513038579956 0.00906235221392 0.0122327657969 -0.00439820360569 0.0139372580854 0.0044624706833 0.0145053526691 0.000725240048723 
0.0643073439495 0.000282256147328 0.00767357927037 -0.00689992901949 0.0117033348076 0.00161642724191 0.0120303130979 0.0397908590734 0.00366785329151 0.00245473654931 -0.00892036221346 0.0302521165124 -0.00689569240435 0.004345274953 0.0161661631592 0.00550396335077 -0.00047381470796 0.0091051541662 -0.00081093999729 0.233245243526 0.0142771484038 0.00455763533227 -0.00271479109783 0.145724038822 0.0243937780303 0.0250515066857 0.0348781480845 0.021843844546 0.00256922278592 0.03940780167 -0.00499462421745 -0.00451644731975 -0.00579443830621 0.0233030175824 0.0328677635593 0.016400020098 0.0160089337081 -0.0152873259908 0.00872959415646 0.0486618014044 0.0386177262859 -0.000906216657507 0.0139887949665 0.00431725357809 0.0109218602004 -0.0140490988508 0.019233356 0.00481507625989 0.015880315687 0.0239109160905 
0.0748459160797 0.0127054843969 0.0058619038569 0.00350772632241 0.0281970560999 0.0871022625134 0.0498822392706 -0.00582314745051 -0.0218545329891 0.0239829033021 0.0127425342844 0.0206936367935 0.00775656246817 0.00132772087821 0.0176271796729 0.0302941681942 0.00325757153313 -4.36958311177e-05 0.00575297242828 0.0142771484038 0.277724244134 0.0146786424493 -0.0123063634291 -0.0149544386944 0.0335314123959 0.0103641997077 0.0126057136359 0.0245135896825 0.00500424272279 0.0294357169545 0.0096136895813 -0.00645507269007 0.0315988570758 0.012281177456 -0.00477864559603 -0.00219224959073 0.00938448818359 0.0069562415554 0.0207791901798 0.000678371328139 0.028849181685 0.00946633056439 0.0118928659872 0.00529325109096 0.0274719805234 0.00151857251351 0.0072617325055 0.0230996466155 0.0185888538571 0.0123087035785 
0.010883159931 0.0050621970563 0.00663896095516 0.00674766494396 -0.0114713902699 -0.000423338470411 0.00696199303223 -0.00757273373517 0.0170751030085 0.0071153660643 -0.00655820674156 0.0165890738706 0.000918931992417 0.00485636441247 -0.0179729761701 0.00756411409545 0.00507015163441 -0.00869828754179 0.00119969456622 0.00455763533227 0.0146786424493 0.200209819661 -0.00337320298581 -0.0215363345911 0.0145192641488 0.00791343689677 0.0014026618365 0.0174108951829 0.00819003841391 0.0105802204123 0.00510993329716 0.00131017865342 0.00822684361833 -0.013091834427 0.0184545391565 0.0115446546623 0.0226573675458 0.019826458076 0.0135788288176 0.026325824997 0.0181183394343 0.0281545758157 -0.00345582769771 0.00569636643462 -0.0238529476978 -0.00640529534771 0.00284959343474 0.0289088553575 0.00171639580019 0.00603367297426 
0.0233806402697 0.00409387515327 0.0155691681122 0.0151052887244 0.016221371114 0.0109786557406 -0.0022589742577 0.0214600144172 0.0324248248752 -0.0106028319551 0.0216497248932 0.00590802405246 0.00779247701699 -0.0209895360131 -0.000371527016665 0.0360039680984 -0.00511190719033 0.007258870866 0.0816028461063 -0.00271479109783 -0.0123063634291 -0.00337320298581 0.47293350253 -0.01872722153 0.0543220924678 -0.0031330085451 0.00927932043286 0.0116799074309 0.0136457443334 0.0253539070919 -0.00396443818511 0.0109870820599 0.0287652761997 0.00717593904294 -0.0190470138239 -0.00718326605233 0.00879814774327 -0.0173580234478 0.0217335509625 -0.000685563966759 0.0308020934986 0.0254191234653 -0.015678535624 -0.00430722559944 0.01537983229 0.0202591296576 0.0223771121751 -0.0115966896305 0.0102827992678 0.00443775313951 
-0.00870820588478 0.0108006510239 -0.0176934530544 -0.038484027185 -0.0179768395076 -0.0392350152623 0.041857175411 -0.0280180125436 -0.0338547389321 -0.00858172441697 -0.0135798589336 0.00845923454471 -0.00534415066255 0.0369838814084 -0.00782965543576 -0.0315914247067 -0.0224559700662 -0.0344829040209 -0.00835927134956 0.145724038822 -0.0149544386944 -0.0215363345911 -0.01872722153 1.92006027527 0.0141087575299 -0.0280554247939 -0.0146360776515 0.0682031687654 0.00758766668677 -0.0127829368877 0.00174995211304 0.0312165490981 -0.0133698221659 0.00158312530568 0.0321914241285 0.0201675535846 -0.00786176181821 0.00492506881821 0.00308258794779 -0.033866717687 0.153715329806 -0.00884199303376 -0.0344237751194 0.000600475350296 -0.00492297048503 -0.031000133576 -0.0207461074953 -0.0166849434023 -0.00753120299917 -0.0644477234 
0.0547616297564 0.0195478867752 -0.00173338646662 0.0307432761235 0.0274983935572 -0.011672205948 0.0241856482533 0.0320872130829 0.0232243583283 0.016257420141 0.0239371462799 0.00730177381057 0.0117362945855 0.00757613269771 0.0127590437856 0.038391808358 0.0240318941179 0.01347791327 0.00595556572238 0.0243937780303 0.0335314123959 0.0145192641488 0.0543220924678 0.0141087575299 0.364339078976 0.0352075201128 0.0306377399161 0.0278795557131 -0.00045491366743 0.079200729458 -0.00145676022071 0.0202065657987 0.0309828690494 0.00672251094876 0.014415455106 0.0221166259431 0.00208888007344 0.0246817892778 0.0161874214082 0.0217779372025 0.0336177299147 0.0161548609914 0.00202967847131 0.0066851771033 0.0145856421186 0.0446108801583 0.0333753634495 0.0104083790534 0.0244784864108 0.0429582234995 
0.035477989972 0.0187706308905 0.0256294922786 0.0124540308597 0.0327233797997 0.0068174201585 0.0275583976823 0.028625629633 -0.0232237730036 0.0369303577892 0.00493877739587 -0.00790343244564 -0.00679939550101 0.0748786741443 -0.00028431151748 0.00911182455922 0.0432328547315 0.00251663968441 0.0318489081727 0.0250515066857 0.0103641997077 0.00791343689677 -0.0031330085451 -0.0280554247939 0.0352075201128 0.427929779857 -0.00531599319351 0.0229496610428 -0.00532073937107 0.0016858395124 0.0100971683524 0.0120752733705 0.0071366471623 0.0092218493596 0.0321723663648 0.01569760358 0.0206606676959 0.0155579369254 0.00313159674156 0.00424345552928 -0.0177355402927 0.0109799554316 0.0630375464253 0.0204645960511 4.0442694835e-05 0.00212708263577 -0.00269492088328 0.0371047972949 0.0129431197862 0.0158808822262 
0.0225909497068 0.0105265056285 0.0091744825421 0.00755020645869 0.00992431818518 0.0357378112309 -0.00548582757079 0.037987682653 0.0609197696376 0.0410221495369 0.0216482943253 0.0298879895673 0.00897290011565 -0.010622006657 0.0335558354 0.00794654539338 0.0314573186914 0.0200075464863 0.028874590263 0.0348781480845 0.0126057136359 0.0014026618365 0.00927932043286 -0.0146360776515 0.0306377399161 -0.00531599319351 1.29591612089 0.0222606234276 -0.00962954248216 0.0460490117987 -0.00538168835438 0.00284462701382 0.0119467980626 0.0109737731749 0.00348356449805 0.0401485137001 -0.000609262066279 0.0112834394892 0.0239722456298 0.0175199979399 -0.00511767068317 0.0101588095902 0.013501461712 0.0103033561007 0.0261064857998 0.0376118368324 0.0723303829 0.00943213497698 0.0181958680081 -0.00294559887378 
0.00509422253727 0.0210017643646 -0.00855226080566 -0.019815577843 0.035616895377 0.0141331463244 0.0223081204813 0.0627763459718 0.0234822916605 0.00443852560032 0.0456677801246 0.0391793593899 0.0270169995392 0.00821950534327 0.00036169855762 0.0254483137682 0.0611885518508 0.0294256016796 0.010933606785 0.021843844546 0.0245135896825 0.0174108951829 0.0116799074309 0.0682031687654 0.0278795557131 0.0229496610428 0.0222606234276 0.310158546318 0.0218936627307 0.0254520720206 0.00581463297445 0.0236746225398 -0.0019097376289 0.01619091172 0.0411377672999 0.0114096370687 0.03234749378 0.0221211277668 0.0274422457712 0.0173133887045 -0.0131052174865 0.0154051050088 0.0206629173779 0.026914560357 0.027106965415 0.0123773665135 0.0199139970402 0.0101732147245 0.0259244466431 -0.0219038008111 
0.0108328122263 0.0223983187134 0.00199692266761 0.00109372987613 0.0136570148761 -0.00652735700598 0.00314945347358 -0.000105735043628 0.0384388001611 0.0138770131841 0.015459175875 0.015638237787 0.0219720104589 0.0337087672248 0.00237483674536 0.0104626875101 0.0409008699253 0.0253196872721 0.0224395556456 0.00256922278592 0.00500424272279 0.00819003841391 0.0136457443334 0.00758766668677 -0.00045491366743 -0.00532073937107 -0.00962954248216 0.0218936627307 0.185397392219 0.0393986361361 0.0114868478852 0.00534894940763 0.000502329009316 0.0386072053341 0.00632367730692 0.0364912152732 0.0182673376594 0.0080147477135 0.0178485361734 0.0529169183336 0.00851779343314 0.00672660819696 0.000702135848763 0.0378853839489 0.0123800387133 -0.000823700113743 0.00448276196629 -0.00200378292574 0.0185632620107 0.0259200755967 
0.053465234883 0.0151383296587 0.0245581654238 0.0195829660247 -0.0124944231092 0.0138403554206 0.0293421572441 0.0515809118859 0.037495159924 0.010299872241 0.0238431368637 0.0124902829516 0.0120804432397 0.0255973880776 0.046135118276 0.0387399394276 0.0360217201353 -4.71794920182e-06 0.0103231842798 0.03940780167 0.0294357169545 0.0105802204123 0.0253539070919 -0.0127829368877 0.079200729458 0.0016858395124 0.0460490117987 0.0254520720206 0.0393986361361 0.284580812728 0.0229066981152 -0.00162207789112 0.0409466890717 0.0195629855711 0.00488632340552 0.00343553437177 0.00296437383171 0.00475041306545 -5.95929822075e-05 0.0581318170483 0.0158889711242 0.0238926695662 0.0163046399064 0.0207678540956 0.0352444487253 0.0412761725157 0.0204132033542 0.00246902532924 0.0197610047588 0.0399658480179 
0.0205245723785 0.0154078246756 0.0128121717268 0.00480636698618 0.00138152229531 -0.00353244538696 -0.000994128640444 -0.00306889190932 0.00819360327941 -0.000540514636829 0.0161277128408 0.0197229216547 0.0109917283519 0.0204532043037 -0.00995891932894 -7.343099865e-05 0.0154131212972 -0.000495311070702 0.0121838051894 -0.00499462421745 0.0096136895813 0.00510993329716 -0.00396443818511 0.00174995211304 -0.00145676022071 0.0100971683524 -0.00538168835438 0.00581463297445 0.0114868478852 0.0229066981152 0.142475597544 0.0166094669155 -0.00578520778026 0.00974782110024 0.00509198139922 0.0203765469985 0.00847177792686 0.0274950814183 0.015317492814 0.0125490991409 0.0203312366399 0.0264785397878 -0.00626934095678 0.013723821415 0.00523715795317 0.0130121423656 0.0174556663172 0.0166804235344 0.0166002738218 0.00373190638258 
0.0156671193486 0.00952759686362 0.00978255149203 0.00420160472204 0.00524787340987 -0.0121287858194 0.012232298679 0.00494760965896 -0.00128237298951 0.000338119857484 0.0139533162216 0.0158021841369 0.00345282632792 0.0138683978752 -0.00287943171893 0.00668581002288 -0.00266531781214 0.00114773482117 0.00839610088788 -0.00451644731975 -0.00645507269007 0.00131017865342 0.0109870820599 0.0312165490981 0.0202065657987 0.0120752733705 0.00284462701382 0.0236746225398 0.00534894940763 -0.00162207789112 0.0166094669155 0.116872631064 0.00619007687522 0.00763345082779 -0.00664555303378 0.0392633118201 0.0007031714346 0.0187107258499 0.0180076055189 0.0120575678314 -0.00192406519556 0.0139164610219 -0.00308137035293 0.00670266795712 0.00723835692078 0.000493015408447 0.0117132015037 0.00112440205565 0.015695230859 0.0203549987945 
0.0563301147978 0.0067864473544 0.00210616743731 0.0182075898845 -0.0121635969611 0.0118241527202 0.0297011133105 0.0318660129059 0.0266994149247 0.0287730727035 0.00676253721787 0.011753062037 0.0101030946248 0.000980314415696 0.0161462231039 0.0209303852318 0.00875066839203 -0.00244964017101 -0.00367860714489 -0.00579443830621 0.0315988570758 0.00822684361833 0.0287652761997 -0.0133698221659 0.0309828690494 0.0071366471623 0.0119467980626 -0.0019097376289 0.000502329009316 0.0409466890717 -0.00578520778026 0.00619007687522 0.195344897214 0.0184917504353 0.0133007000472 -0.0033699496152 0.0162992695002 0.0156529134671 0.0145891101739 0.0228506272315 0.0394165495893 0.00386264743233 0.00811389160331 0.0127090454667 0.019353907259 0.00920753571831 0.0126539449086 0.00191078602355 0.0175948559163 -6.57255520154e-05 
0.0189433416934 0.0213527300987 0.00810275585735 0.0033915600709 0.0268334727484 0.0262693211738 0.00679120785717 0.0210516877893 0.0139648755574 0.0169515341804 -0.00805321003092 0.0321816976979 0.00529113985811 0.00732038643802 0.0191003092554 -0.00278311583619 -0.00895737571401 0.000636988702841 0.0164780357794 0.0233030175824 0.012281177456 -0.013091834427 0.00717593904294 0.00158312530568 0.00672251094876 0.0092218493596 0.0109737731749 0.01619091172 0.0386072053341 0.0195629855711 0.00974782110024 0.00763345082779 0.0184917504353 0.19104357077 0.0350975991089 0.0199462697872 0.011970199585 -0.00186657928417 0.00238482230802 0.0308249420632 0.0177382563636 0.0125151094737 -0.0120827097256 0.0335623846298 0.00818580863269 -0.00278683115893 0.00105731051352 -0.00267264250913 0.0156029936512 0.00833755432158 
0.0148770690109 0.00767833775839 0.0202807526568 0.026062865257 0.0148417138611 0.088405500061 0.0356969529921 0.0214524344129 -0.00416578155725 0.0300165745293 0.0118503905809 0.0304119615194 0.0059564141928 0.0102837600196 0.0555015333424 0.0459393253734 -0.00357326900795 -0.0220625661922 0.0385284018058 0.0328677635593 -0.00477864559603 0.0184545391565 -0.0190470138239 0.0321914241285 0.014415455106 0.0321723663648 0.00348356449805 0.0411377672999 0.00632367730692 0.00488632340552 0.00509198139922 -0.00664555303378 0.0133007000472 0.0350975991089 1.00766392346 -0.0397344698572 0.00783539135874 0.0701391417883 0.0132345946998 0.0255555971044 0.0278888805564 -0.0114588441382 0.0343884759287 -0.00573318440038 0.0094514926542 0.0133271660072 0.0404169940226 0.00442515052943 0.00521112257271 0.0336014897431 
0.00459729695753 -0.00433748400703 0.0112443006911 -0.0141114221574 0.0225273014263 0.00978691647924 0.0246145503536 0.00988221702319 0.0149164081936 -0.00630509556462 0.0233270270871 0.0139750034613 0.00192909359777 0.00439924873635 0.00122190216737 -0.0185693233869 0.0217152918081 0.0098394655074 0.00790487660983 0.016400020098 -0.00219224959073 0.0115446546623 -0.00718326605233 0.0201675535846 0.0221166259431 0.01569760358 0.0401485137001 0.0114096370687 0.0364912152732 0.00343553437177 0.0203765469985 0.0392633118201 -0.0033699496152 0.0199462697872 -0.0397344698572 0.253138707439 0.00998036871598 0.0266386964824 0.00847530211984 0.0463075819897 0.023722920868 -0.000112903893806 0.00872078047531 0.0151757700219 0.00926558450113 -0.0171479087392 0.0123803140797 0.00168579085227 0.00957520540669 0.0226105932744 
0.00208827430501 0.00735677640932 0.0140245383282 -0.0156495112653 0.00804981229743 0.0282401720022 0.0127199648189 0.0163827453909 0.0157689124755 0.0129355548191 -0.00307777976121 0.0483395793152 -0.00275128020591 0.0193509875529 0.0520460080884 0.00259304865595 0.0101537777456 -0.00218180119164 -0.000478316418329 0.0160089337081 0.00938448818359 0.0226573675458 0.00879814774327 -0.00786176181821 0.00208888007344 0.0206606676959 -0.000609262066279 0.03234749378 0.0182673376594 0.00296437383171 0.00847177792686 0.0007031714346 0.0162992695002 0.011970199585 0.00783539135874 0.00998036871598 0.178445184438 0.0232849963231 0.0175561815128 0.01587359656 0.000827313486043 0.0242293451948 0.0167245435451 0.0244213778367 0.0225319447012 0.00857681800655 0.0207591669849 -0.00397153453005 0.0318443654095 0.00606020459703 
0.0538331038414 0.00240425365917 -0.00680924865076 -0.00873970792821 0.0286090481862 0.0396863243236 -0.00238236821103 0.018292201584 -0.0477716602465 0.041348806494 -0.00165201108426 0.0333360348745 0.0120111381135 -0.00123816400495 -0.000344794709226 -0.019013893792 0.0574040633372 0.00666120010292 -0.0171902592193 -0.0152873259908 0.0069562415554 0.019826458076 -0.0173580234478 0.00492506881821 0.0246817892778 0.0155579369254 0.0112834394892 0.0221211277668 0.0080147477135 0.00475041306545 0.0274950814183 0.0187107258499 0.0156529134671 -0.00186657928417 0.0701391417883 0.0266386964824 0.0232849963231 0.721668848787 -0.0178637612739 0.0177237785502 0.045143204296 0.0340709860732 -0.0118049787038 0.0225315330497 0.0214768424524 0.00766645778148 0.0439063128874 -0.00484221262043 0.0045299909701 0.0148482168565 
-0.00601745062653 0.00771621778525 0.0104759361305 -0.00174368879448 0.0103075455168 0.00720474428036 -0.00165483100129 0.00691490121407 0.0141067911752 -0.00144737843128 0.0254155862895 0.0189160717701 0.0104587187936 0.0147773582382 -0.00583848754807 -0.00459427992748 0.0221934397614 0.00603305998361 0.0130798084697 0.00872959415646 0.0207791901798 0.0135788288176 0.0217335509625 0.00308258794779 0.0161874214082 0.00313159674156 0.0239722456298 0.0274422457712 0.0178485361734 -5.95929822075e-05 0.015317492814 0.0180076055189 0.0145891101739 0.00238482230802 0.0132345946998 0.00847530211984 0.0175561815128 -0.0178637612739 0.163924730501 0.0196997425511 -0.00782157321864 0.020214269392 -0.00674965501341 0.0153396181103 0.0249397537589 0.0314210731369 0.0135724529472 0.0176218148139 0.0178596821818 0.00559035088643 
0.0464032777934 0.0108139466772 0.00549591606978 0.0379013368127 0.0560639782517 0.031368368071 0.00702692292571 -0.0112494504724 0.0586553861292 0.0443221227645 0.00987403024167 0.0101438800627 0.0137069276257 0.0572314913597 0.00541664649625 0.0232400020564 0.013080465303 0.0100931800682 0.00729181144386 0.0486618014044 0.000678371328139 0.026325824997 -0.00068556396676 -0.033866717687 0.0217779372025 0.00424345552928 0.0175199979399 0.0173133887045 0.0529169183336 0.0581318170483 0.0125490991409 0.0120575678314 0.0228506272315 0.0308249420632 0.0255555971044 0.0463075819897 0.01587359656 0.0177237785502 0.0196997425511 0.376227642831 0.0289118635598 0.0580249459612 0.032538090597 0.0288451986322 0.0449791945138 0.000240212851305 0.0229718879231 0.0380232192516 0.0189670728262 0.0532651391195 
0.119860399959 0.0141198819002 -0.00953868827015 0.0341598384339 0.0358034401973 0.0440030352965 0.025147630145 0.0026719689487 0.0491565306023 0.0301640312386 0.00319576310571 -0.0132206590499 -0.00722919810147 0.0241297913565 -0.0138146674507 0.023043581124 0.0121591164437 0.0328837268371 0.00252131511346 0.0386177262859 0.028849181685 0.0181183394343 0.0308020934986 0.153715329806 0.0336177299147 -0.0177355402927 -0.00511767068317 -0.0131052174865 0.00851779343314 0.0158889711242 0.0203312366399 -0.00192406519556 0.0394165495893 0.0177382563636 0.0278888805564 0.023722920868 0.000827313486043 0.045143204296 -0.00782157321864 0.0289118635598 0.544931636647 0.00180016768899 0.0249787811207 0.0281269438691 -0.0126161709057 0.0151380429262 -0.00360302119993 0.0100820860778 0.0121496598464 0.0149201654734 
0.0195794357325 0.00751479873831 0.0306425737082 -0.0210679536446 0.0195464085482 0.000821214625354 0.0455848755398 0.0155664412157 0.0334679998576 -0.0181942037426 0.0187412757287 0.0570201074564 0.00350098502974 0.0142949770076 0.0348720141361 0.00802755595142 0.0514394773827 0.00153582309565 -0.00115455053253 -0.000906216657508 0.00946633056439 0.0281545758157 0.0254191234653 -0.00884199303376 0.0161548609914 0.0109799554316 0.0101588095902 0.0154051050088 0.00672660819696 0.0238926695662 0.0264785397878 0.0139164610219 0.00386264743233 0.0125151094737 -0.0114588441382 -0.000112903893806 0.0242293451948 0.0340709860732 0.020214269392 0.0580249459612 0.00180016768899 0.483794953928 -0.00352675683515 0.0260733685959 0.0187541651524 -0.00715811721528 0.0280993642952 -0.0162957710139 0.0383345716316 0.0231648004434 
0.0185949629912 0.0196532187066 0.0141493486243 0.0126560270183 -0.00960610881366 -0.0191493071714 -0.00822463982544 0.0385874814122 0.020530284349 0.0483866781657 0.0204571211148 0.0174531371231 0.0373470243934 0.0592522446648 0.0521643384284 0.127350386488 -0.00547123881122 -0.0066406432766 0.00513038579956 0.0139887949665 0.0118928659872 -0.00345582769771 -0.015678535624 -0.0344237751194 0.00202967847131 0.0630375464253 0.013501461712 0.0206629173779 0.000702135848762 0.0163046399064 -0.00626934095678 -0.00308137035293 0.00811389160331 -0.0120827097256 0.0343884759287 0.00872078047531 0.0167245435451 -0.0118049787038 -0.00674965501341 0.032538090597 0.0249787811207 -0.00352675683515 0.388255561939 -0.0036245738245 0.027419588995 0.146194714209 -0.00823320232284 0.106923970654 0.00188130851256 0.0272771358019 
0.0213931909999 0.0208911431104 0.0248874150033 -0.0118649168893 0.0192158463295 0.0278380073236 0.0164622539339 0.0188090357986 0.00310961188703 0.0178103982567 0.0220310102742 0.0098169149002 0.0114572931547 0.0220387130787 0.0147463722353 -0.00457872579002 0.0340942964498 0.0196627197843 0.00906235221392 0.00431725357809 0.00529325109096 0.00569636643462 -0.00430722559944 0.000600475350297 0.0066851771033 0.0204645960511 0.0103033561007 0.026914560357 0.0378853839489 0.0207678540956 0.013723821415 0.00670266795712 0.0127090454667 0.0335623846298 -0.00573318440039 0.0151757700219 0.0244213778367 0.0225315330497 0.0153396181103 0.0288451986322 0.0281269438691 0.0260733685959 -0.0036245738245 0.174064854133 0.044785791306 0.0106852362905 0.0227274975255 0.0111939352921 0.0252740244553 0.0226019880451 
0.0294050511942 0.00433647639414 0.00232209352802 0.00107372446318 0.0171252516551 0.0167802679438 -0.00214576908664 0.0459064932187 0.0402004489445 0.0204629920582 0.0253509073404 0.0423762355935 0.0265595280177 0.0317497866955 0.00374357575561 0.0260319972662 0.032876890775 0.0233918880997 0.0122327657969 0.0109218602004 0.0274719805234 -0.0238529476978 0.01537983229 -0.00492297048503 0.0145856421186 4.04426948349e-05 0.0261064857998 0.027106965415 0.0123800387133 0.0352444487253 0.00523715795317 0.00723835692078 0.019353907259 0.00818580863269 0.0094514926542 0.00926558450113 0.0225319447012 0.0214768424524 0.0249397537589 0.0449791945138 -0.0126161709057 0.0187541651524 0.027419588995 0.044785791306 0.339672289603 0.0205325723108 -0.0028259583174 0.0258904872109 0.042392233462 0.00411491279044 
0.00478871073807 0.0355153050414 -0.00659762723873 0.0128865089142 -0.0121873578604 0.0532223951321 -0.00758483125998 0.080038010757 0.013157293537 0.014579166555 0.0284692538452 0.00685308240755 0.0382979454031 0.039204557944 0.00142641799291 0.173297270345 -0.00348791794751 -0.0250346313556 -0.00439820360569 -0.0140490988508 0.00151857251351 -0.00640529534771 0.0202591296576 -0.031000133576 0.0446108801583 0.00212708263577 0.0376118368324 0.0123773665135 -0.000823700113743 0.0412761725157 0.0130121423656 0.000493015408447 0.00920753571831 -0.00278683115893 0.0133271660072 -0.0171479087392 0.00857681800655 0.00766645778148 0.0314210731369 0.000240212851305 0.0151380429262 -0.00715811721528 0.146194714209 0.0106852362905 0.0205325723108 0.405959041422 0.000557549646131 0.18590849059 0.0174285798213 0.0224239541823 
0.0392622857175 0.0130358535023 0.0276819068124 -0.00660452632592 0.0112765571824 0.0603318159677 0.0431694195543 0.0654323298582 0.00650779611916 0.0460745727061 -0.00171486048071 0.0350836959359 -0.00644536996122 -0.00923544622727 0.0196454316817 0.0145694136065 0.024660922946 0.00900278798771 0.0139372580854 0.019233356 0.0072617325055 0.00284959343474 0.0223771121751 -0.0207461074953 0.0333753634495 -0.00269492088328 0.0723303829 0.0199139970402 0.00448276196629 0.0204132033542 0.0174556663172 0.0117132015037 0.0126539449086 0.00105731051352 0.0404169940226 0.0123803140797 0.0207591669849 0.0439063128874 0.0135724529472 0.0229718879231 -0.00360302119993 0.0280993642952 -0.00823320232284 0.0227274975255 -0.0028259583174 0.00055754964613 0.344810846691 0.0255961176547 0.00724951174347 0.0100564286557 
