50
0.0723018126246 0.00643120824938 0.075466134778 0.0114549593271 0.0160420823192 0.0649972461493 0.0136100125143 0.0160922749751 0.103848753038 0.0669670800901 0.0335790413719 0.0498631258667 0.0541634245192 0.0385950792128 0.0506400072768 0.110955558587 0.0429486266904 0.125840316239 0.128291051585 0.0283013122104 0.161692830297 0.00535997805058 0.0905877796438 0.0381517477001 0.0300114281637 0.105790735219 0.100072423231 0.109959402945 0.10643743266 0.0172523696575 0.088181568025 0.00646873977314 0.0345230729479 -0.00648668223639 0.0714432896303 0.0415474718814 0.0176197090425 0.117315051398 0.0751688044393 0.0558285331973 0.0100273700484 0.0088766616328 0.171628318037 0.00413185853021 0.0994766710856 0.0637387331612 0.0301615681032 0.0524718958424 0.00642009941462 0.0205855922537 
0.411167066906 0.0159569396505 0.0108653503077 0.0414770668761 0.0315293767123 0.0031852079003 0.00409768069451 -0.00272039051899 0.0535018826347 0.0348062113153 0.0188527512258 -0.00647042427666 0.0060016994447 0.0353818666333 0.176662304122 0.0413196333103 0.0138450194937 0.0531901589461 0.024625252644 0.00896180230628 0.00198742419429 0.00864584676243 0.0505074091969 0.0202770834904 0.022718474048 -0.0281880572403 0.00279218911958 0.037973466775 0.013033623284 0.0327954351251 0.0719048887264 0.0173980897757 0.0337871095578 0.0125684855622 0.0920564306486 0.0127982810705 0.00734553595761 0.00564244961213 0.062459251722 0.0610869950969 0.0123054858447 0.0112909115619 0.0259721184581 0.0139929888567 0.00516354642686 0.0106723027704 0.0146676183167 0.0269503487815 0.0065747574604 0.00872955292024 
0.0159569396505 0.189386938482 0.000716255787113 0.0277084714607 0.0258481613262 0.0112133303334 0.0085436374248 0.00961023350023 0.00406913026569 0.0149686645534 0.010063201198 0.0171302196997 -0.000124036843445 0.00382161186785 0.00878008454305 0.0358964348597 0.0149690334594 0.0104703947109 0.0216791896393 0.00666397308144 0.0267035754224 0.0173882300098 0.0180781588272 0.00580738126624 0.0323103585417 0.0170269922916 -0.00680387327554 0.0682081753775 0.0358551780136 -0.00280666559996 0.0229472682969 0.0262199247135 0.0213634879198 0.00482405912675 -0.00375486409467 0.0163695877061 0.0223627949337 0.00218382962862 0.0248750357966 0.016026803552 0.020248568778 0.0481767008715 0.0191057370756 0.018119993434 0.0103588331653 0.00237935207484 0.0207311967749 0.0305148577181 0.023418640485 0.0141830330287 
0.0108653503077 0.000716255787113 0.450193878129 0.0215556525652 0.0320222675947 0.00565668313133 0.00446698630331 0.000252654808451 -0.0173385230435 0.0209272649827 0.0356204720515 0.00846242883171 -0.0247968113895 0.0145393774828 0.0170796948645 -0.00557072138723 -0.00786012850628 0.0512088887893 -0.00293011791927 -0.017280875041 0.0300618732766 0.0251018292962 0.0462148868426 0.0203135055123 -0.00099044515536 0.00311578395074 -0.0227667026189 0.000456453061346 -0.0094536060304 0.0108463182677 0.0398977168273 0.00375079946881 0.00739275303079 0.0238514957867 -0.00496808086394 0.00710253846849 0.00895785998306 0.0165694705038 0.0237292684386 -0.00756907932746 -0.010769955418 -0.00595455818917 0.00488964009717 0.0212255741257 0.0166068656421 -0.0298707234252 0.0050184280046 0.0333654799885 0.00158956900686 0.0176868692768 
0.0414770668761 0.0277084714607 0.0215556525652 0.154325136646 0.0153670698866 -0.00525510207319 0.00760833005757 0.00767887302507 0.0118626406817 0.0181207111773 0.00497052163345 0.0453854303996 0.00432609454351 0.029837907944 0.0259970836583 0.0369706440979 0.00338198337282 0.0137858421109 0.015518416011 -0.0132222767508 0.00558193299474 0.0114809018682 0.0158566555542 0.000261732402607 0.0223722489316 0.00805541356803 0.00266013251312 0.013792468947 0.00432080757608 0.00936348882564 0.00667616114678 0.0320865561495 0.00115040781412 0.000518830908082 -0.00991431487734 0.0237118209138 0.0112226169921 -0.00544643173836 0.0319639927983 0.0372106577209 0.00991074532524 0.0258371445664 0.00207083367343 0.00555357733971 0.00697367239561 0.00487305756243 0.0131270041136 0.0124501795391 0.0100159711582 0.00790821978881 
0.0315293767123 0.0258481613262 0.0320222675947 0.0153670698866 0.153239371592 0.0178886421737 -0.000212809630786 0.00367601731041 0.00545468616586 0.0143803032969 0.0022976452914 0.031616755526 0.0321568884936 0.0394980283455 0.0325145662701 0.00616178774395 0.0139501829149 0.0148436154149 0.0107062306664 0.00798668433494 0.0503656389016 0.0203863852903 0.00449214392225 0.0130812223403 0.0302880539054 0.0208437491071 0.00103281898984 0.0382284898459 0.0317781852926 0.0232208730392 0.0127377063575 0.0599029850115 0.0259684819769 0.0085158808301 0.00790269142237 0.0196418284304 0.0157671330893 0.0201666021203 0.0449127620327 0.0393687592991 0.017964123681 0.0129128911362 0.03349392767 0.0228563217912 0.00122087839386 0.0100197830937 0.027185883322 0.03224675991 0.0228293218702 0.00317514193527 
0.0031852079003 0.0112133303334 0.00565668313133 -0.00525510207319 0.0178886421737 0.281504199153 0.00531670423291 -0.00496927875584 -0.0173252379584 0.0145115406722 0.00976102794573 0.0108184284325 0.0122870864433 0.00464062224588 0.0189345313559 0.0120059341601 -0.0134869278239 0.0551351778249 -0.000748880671907 0.0259494206533 0.00736279339802 0.010408598607 0.0101674792439 0.0267748857667 0.0386857153021 0.0140091837381 0.0165788621113 0.035550021524 0.00997166228877 0.00463288479578 0.0194839969805 0.0117762732044 0.0149307104191 0.0152607909123 -0.00168553253273 0.000736516190335 0.0152558589389 0.00422162855709 0.0115907947867 0.018078771492 0.0316371185279 0.0191428978247 0.00978914079248 0.0224143952891 0.0316389540283 -0.00462436924777 0.0209336325272 0.0171404216946 0.0217879153532 0.016013407912 
0.00409768069451 0.0085436374248 0.00446698630331 0.00760833005757 -0.000212809630786 0.00531670423291 0.139880371211 -0.00420172425282 -0.00117421100615 0.0127776490649 0.00942453927519 0.0158008855002 0.0233458293629 0.00506368655579 -0.0139027230872 0.0340057792035 9.23178060587e-05 0.0229147120832 0.00836165050935 0.0176142354451 0.0630497395938 -0.00172501959795 0.00399690094227 0.0130059608434 0.0221890690534 0.0118583878027 0.0260602742922 0.0164497423983 -0.00285866707354 -9.693054698e-05 0.014886700586 0.00935093069144 -0.0066350775958 -0.00200572069131 -0.0212702876533 0.00751130392241 -0.00095881887455 0.002295215393 -0.00914610815493 0.00677910080845 0.00834131097482 0.0143437932651 0.0141736537926 0.000949420495864 0.00122995933362 -0.0144767014238 0.0028764873927 0.00636774360738 0.00602733894082 0.00633216778094 
-0.00272039051899 0.00961023350023 0.000252654808451 0.00767887302507 0.00367601731041 -0.00496927875584 -0.00420172425282 0.222540883588 0.00850802807388 8.57228981402e-05 0.0105966789717 0.00180931038953 0.00823793518362 0.00804211195498 -0.0168321055604 0.0178832931569 0.0124538209842 -0.0113585893369 -0.00630228823199 -0.00185287900896 0.0251089671243 0.00854701681492 0.000463383333633 -0.0155809283573 0.000575692690855 -0.00354374516888 0.0348792274387 0.0206607403007 0.00775484631428 0.000286395977676 -0.00535206502884 -0.00303824693655 0.0103971121676 0.00392139513037 0.00449769277653 0.00454672624138 0.00569788184192 0.0176646374583 0.0122774922481 0.00571246051051 -0.00448451981411 0.0074265907031 0.0127563694418 0.0105871406234 0.0267062524729 -0.00553971559933 -0.0123035651662 0.0101966526243 0.00520869103188 0.0126846915422 
0.0535018826347 0.00406913026569 -0.0173385230435 0.0118626406817 0.00545468616586 -0.0173252379584 -0.00117421100615 0.00850802807388 0.343520466593 -0.00865404541178 0.0297897974293 0.00551411954598 0.0114232000308 -0.0094618571498 0.0568849481978 -0.0251306569726 0.011106068539 0.0274975385 -0.00584209638066 -0.00201141839041 0.00781593203027 0.00273751936761 0.00556471661002 0.0219894553761 -0.0147107477623 0.0196202386021 0.0368487556365 -0.00693469245907 0.0221846364459 -0.0147338001912 0.0383833065586 -0.0123473163805 0.00853250831919 0.0155302210907 0.0354611506144 -0.0229840676803 0.00238363821051 -0.0299373658413 -0.0124086987574 0.0165550294501 0.00499661656434 0.0190562299164 0.00502531244535 0.0186499578876 0.0202763228885 0.0336835973898 0.00377540073851 0.000244181043704 0.00491103530013 0.00176287996404 
0.0348062113153 0.0149686645534 0.0209272649827 0.0181207111773 0.0143803032969 0.0145115406722 0.0127776490649 8.57228981408e-05 -0.00865404541178 0.240083232225 0.0178654174082 0.00714558209038 0.0233005419466 0.0212403728643 0.0137820118887 0.0216606837621 0.011410677259 0.026430036573 0.0150193493274 0.00406344790773 -0.015228718768 0.00305561808952 0.000391985067966 -0.0120832407802 0.0286938129578 0.0182671867778 0.00270493432036 0.0259662318262 -0.00454201704275 0.00333341235621 -0.0256795103071 0.0272645050628 0.0146444227498 -0.000365687529984 -0.00747441826938 0.0120930232265 0.0130622384715 0.0111462432733 0.0485575263775 0.0972550029813 0.0189655251382 0.00708712752267 0.0131572461043 -0.0140429905094 -0.00801454371645 0.00329371373323 0.0139430296847 -0.00440258064679 -0.00101314033711 0.0142063539098 
0.0188527512258 0.010063201198 0.0356204720515 0.00497052163345 0.0022976452914 0.00976102794573 0.00942453927519 0.0105966789717 0.0297897974293 0.0178654174082 0.239442802372 0.0216655572362 0.0118138031523 0.0118979878207 0.0372729800202 0.00120048267626 0.0179879273439 0.0148305791124 0.0229594684104 -0.00504813424283 0.027765062187 -0.00206475663046 0.00351369038904 0.00747603415309 0.00874376685808 -0.0093060909165 0.0200346228256 0.00853266568961 -0.0164387066253 0.0223941312825 -6.75913504577e-05 0.00131655586297 0.00267573731742 0.0103083895607 -0.00626374522934 0.00802377602487 0.00386321756779 0.0168972269942 0.0166460808956 0.0213097871781 0.0108645440845 0.0149460045222 0.0230520803718 0.0146314892858 0.00688224632727 -0.00676856328549 0.0122354884542 0.0309764307915 0.00693539483956 -0.000162504896193 
-0.00647042427666 0.0171302196997 0.00846242883171 0.0453854303996 0.031616755526 0.0108184284325 0.0158008855002 0.00180931038953 0.00551411954598 0.00714558209038 0.0216655572362 0.299666238148 0.0209905062957 0.0346328058182 0.0300918289894 0.0118998253564 0.0102607342176 0.00252055652471 0.00704682872606 0.0150441299238 -0.00609783929752 0.011965954352 0.00470175088756 0.00389235051359 0.0153368522789 0.0139730017512 0.00794643779534 0.033756322352 0.0374727189216 0.01942757074 0.0267861878036 0.0430353595596 0.0177116389026 0.00813562599774 -0.0097129255409 0.0147494604135 -0.00419323855903 0.0457203052114 0.0121643815265 0.00162543891374 0.00891110060155 0.0238354077057 0.0194176059095 0.00653071479957 -0.0103866082639 0.0512532871142 0.0167080824214 0.00746961296495 0.0299779934566 0.00196576232289 
0.0060016994447 -0.000124036843445 -0.0247968113895 0.00432609454351 0.0321568884936 0.0122870864433 0.0233458293629 0.00823793518362 0.0114232000308 0.0233005419466 0.0118138031523 0.0209905062957 0.301862517348 0.0103997105283 -0.0131252201114 -0.00929710950757 0.0218835385867 0.0112830838557 0.0403361500341 0.0537614848615 0.0137880512654 0.00472354185294 0.00464050843175 0.0261715947536 0.0137623389177 0.0232824388272 0.0195867251446 0.0209691019867 -0.0102135111063 0.0183615215321 0.00118139562602 0.0234981874537 0.00628778152267 -0.0117958377965 0.0059056610899 0.0159604475043 0.00142242731647 0.0129473635284 0.0260766905238 0.0318857294742 0.0141806508502 0.014944490923 0.0146353271211 0.00428791826927 -0.0102830515341 -0.0192657126514 0.0088146791252 0.0354230315098 -0.0136466004247 0.0137081015585 
0.0353818666333 0.00382161186785 0.0145393774828 0.029837907944 0.0394980283455 0.00464062224588 0.00506368655579 0.00804211195498 -0.0094618571498 0.0212403728643 0.0118979878207 0.0346328058183 0.0103997105283 0.193589550997 0.0229570386094 0.00966480526409 0.016922478912 0.0208715850392 0.0175293406117 0.00498193505284 0.0194787196873 0.0106704646021 0.0245002357628 0.00479256702478 0.0114205664231 0.0143964552455 0.0281745052374 0.0325614641707 0.0267807226382 0.0205624686412 0.0104248174796 0.0233349952161 0.0343584482811 0.0201887963205 0.0198045062258 0.0204600380272 -0.012022707387 0.0172740894091 0.019533099844 0.0372652998384 0.0183359913089 0.0397816449057 0.0173077489857 0.00568169069596 0.0197599501322 0.0177363647412 0.0112988256859 0.014060483662 0.027509497419 0.00103344915989 
0.176662304122 0.00878008454305 0.0170796948645 0.0259970836583 0.0325145662701 0.0189345313559 -0.0139027230872 -0.0168321055604 0.0568849481978 0.0137820118887 0.0372729800202 0.0300918289894 -0.0131252201114 0.0229570386094 0.476108888126 0.00969728998389 0.000417945623279 0.0513838666651 0.0344896555604 -0.0100663054357 0.0239189794674 -0.000542268084621 0.0508205247258 0.0257221127184 0.0138066501268 0.00499838427234 -0.0185723540247 0.0208324871222 0.029249192812 0.0281530205493 0.0739991098729 0.027359981511 0.0245315416245 0.0152470923693 0.0425696390148 0.00384428260703 0.00291649057797 -0.00413597758865 0.0367574849059 0.0372140576917 0.0235666288042 0.0265862959313 0.0173067905392 0.023893792129 0.0203196025668 0.0202691249657 0.017890826515 0.0158618250383 0.0307534753998 -0.0163659366044 
0.0413196333103 0.0358964348597 -0.00557072138723 0.0369706440979 0.00616178774395 0.0120059341601 0.0340057792035 0.0178832931569 -0.0251306569726 0.0216606837621 0.00120048267626 0.0118998253564 -0.00929710950757 0.00966480526409 0.00969728998389 0.483274105117 0.0236656479405 0.0359429721889 0.00409878654058 0.0134667645176 0.00700675509445 0.00134145300326 0.025387298767 0.0216877421243 0.0351393144289 0.0371493873127 0.00926239826682 0.040284621215 -0.010061359865 -0.00350937990737 0.0190591987435 0.0181669566056 0.011047451808 0.025395358263 0.0135776644321 0.011654790361 0.0037710627953 0.0157516286992 0.0498394177119 0.0462301200259 0.00028817982054 0.0208435461852 -0.00664754161169 0.00823619288149 0.0230488976386 -0.00625449911251 0.0623903498272 0.0113785903264 0.00850007863992 0.0309583244311 
0.0138450194937 0.0149690334594 -0.00786012850628 0.00338198337282 0.0139501829149 -0.0134869278239 9.23178060586e-05 0.0124538209842 0.011106068539 0.011410677259 0.0179879273439 0.0102607342176 0.0218835385867 0.016922478912 0.000417945623279 0.0236656479405 0.203353700109 0.00621427991735 0.0376406034292 0.00212361991263 0.0154418349915 0.0230665883432 0.0326830405308 -0.00643686463649 0.015269641263 0.00999322942444 0.0257016370511 -0.00700725108898 0.00964676667473 0.0182588134691 0.00407273541043 0.00386517154141 -0.00592815150817 0.0232441861412 0.0309373560793 0.00844175601522 -0.00250172119825 0.0114107760641 0.0330423438347 0.00226303426511 0.00664856954365 0.00726679204123 0.0251764430786 0.00439727703204 0.00234565240998 0.00689127129951 0.0315978247479 0.00518740847712 0.00792813131346 0.00651523739878 
0.0531901589461 0.0104703947109 0.0512088887893 0.0137858421109 0.0148436154149 0.0551351778249 0.0229147120832 -0.0113585893369 0.0274975385 0.026430036573 0.0148305791124 0.00252055652471 0.0112830838557 0.0208715850392 0.0513838666651 0.0359429721889 0.00621427991735 0.387758358121 0.0238211665042 0.0173716038036 0.039634691211 0.0130323216988 0.0403556463288 0.0183125622349 0.0274069076819 0.0241227730002 0.0277076025516 0.0426376221819 0.0104325754686 0.00857636944792 0.0166269735958 -0.0085270983163 0.00611332457743 0.0434489239501 0.0434068904125 0.0234765056719 0.018257078073 0.0253176144881 0.0216428611715 0.0414787159259 0.0228389448442 -0.000290860324975 0.028844494314 0.0299797292312 0.00448749298017 0.0302675789925 0.0329128632973 0.0114467560938 0.0219131372666 0.00577409150807 
0.024625252644 0.0216791896393 -0.00293011791927 0.015518416011 0.0107062306664 -0.000748880671907 0.00836165050935 -0.00630228823199 -0.00584209638066 0.0150193493274 0.0229594684104 0.00704682872606 0.0403361500341 0.0175293406117 0.0344896555604 0.00409878654058 0.0376406034292 0.0238211665042 0.496071257972 0.0250969956783 0.0155086288249 0.006380813761 0.0205419622012 0.010975017412 0.00620540029132 0.0151522835096 0.00931471225607 0.0215841431089 0.0145775079738 0.0175869840175 0.0182744287843 0.0206463070402 0.00662940667107 -0.00313113447003 0.0249096060903 0.0233929527335 0.0148175242567 0.0711332785763 0.0135089625152 0.0136095430532 -0.00331815762003 -0.000192065540836 0.0120544519768 2.58799965866e-05 -0.000939438721686 -0.019284634173 -0.0119778172104 0.0265286546916 0.00592881860475 -7.49201912759e-06 
0.00896180230628 0.00666397308144 -0.017280875041 -0.0132222767508 0.00798668433494 0.0259494206533 0.0176142354451 -0.00185287900896 -0.00201141839041 0.00406344790773 -0.00504813424283 0.0150441299238 0.0537614848615 0.00498193505284 -0.0100663054357 0.0134667645176 0.00212361991263 0.0173716038036 0.0250969956783 0.196994803477 0.0170642814156 0.014147945443 0.00255856825265 0.0283777666227 0.00988307388314 0.0108569082069 0.0328250331159 0.00949253257139 0.00834523835376 0.010259769307 0.0236030683705 0.00562084164778 0.00530247778655 -0.00160051149765 3.97329192043e-05 0.0111536426238 0.00275846628717 0.0144214173044 -0.0146398594333 -0.0244817536196 0.00939257150677 0.0323740099183 -0.0209444969752 0.0129804701572 0.0152716320859 0.00933518427583 0.00304191541724 0.0220644428572 0.00585425099211 0.00793087879713 
0.00198742419429 0.0267035754224 0.0300618732766 0.00558193299474 0.0503656389016 0.00736279339802 0.0630497395938 0.0251089671243 0.00781593203027 -0.015228718768 0.027765062187 -0.00609783929752 0.0137880512654 0.0194787196873 0.0239189794674 0.00700675509445 0.0154418349915 0.039634691211 0.0155086288249 0.0170642814156 0.888587529624 0.0344436782665 0.0526451801501 0.0317886388545 0.0415720674775 -0.00448020651737 0.0368982944386 0.00257978575271 0.0164217335786 -0.00167998125917 -0.00528057008976 0.0398114412141 0.0156810328096 0.0280633206656 0.00692835480244 0.00373290936298 0.0155852191123 0.020539285764 0.033853642167 0.00507584839258 0.0115422654646 0.0374797692762 0.0248781784482 0.0239806077056 0.0263194077478 -0.00029592203896 0.0100140137901 0.0106255884624 0.0227667672074 0.00685812237995 
0.00864584676243 0.0173882300098 0.0251018292962 0.0114809018682 0.0203863852903 0.010408598607 -0.00172501959795 0.00854701681492 0.00273751936761 0.00305561808952 -0.00206475663046 0.011965954352 0.00472354185294 0.0106704646021 -0.000542268084621 0.00134145300326 0.0230665883432 0.0130323216988 0.006380813761 0.014147945443 0.0344436782665 0.119842831879 0.0174624668125 0.00538827854601 0.0214347005855 0.0153728656446 0.0195777106566 0.0173407196369 0.0134019094879 0.00530479689526 0.00182748592186 0.0114935787438 0.00313707155907 0.00280570448314 0.00740016440019 0.0126727694367 0.0246114517509 0.0108091260234 0.00741756150685 0.0171274982449 0.00939752898696 0.0252702683523 0.013150752594 0.0600020916198 0.0126546805617 0.0331340837074 0.0238387550507 0.00764632062711 0.0493366110839 0.00681535296483 
0.0505074091969 0.0180781588272 0.0462148868426 0.0158566555542 0.00449214392225 0.0101674792439 0.00399690094227 0.000463383333632 0.00556471661002 0.000391985067966 0.00351369038904 0.00470175088756 0.00464050843175 0.0245002357628 0.0508205247258 0.025387298767 0.0326830405308 0.0403556463288 0.0205419622012 0.00255856825265 0.0526451801501 0.0174624668125 0.427406793892 0.045153314904 0.0113587209758 0.0416457669786 0.00396411374217 0.0796820222072 0.00765350866398 0.0132575788013 0.0137824864733 0.0178661589992 0.00258796035594 0.0104804207941 0.0279123134804 0.0480388115878 0.0109505607063 0.0102631262528 0.00619222831006 0.016510879924 0.0100762357336 0.0261562966361 0.0172586681577 0.0263160320598 -0.0141650875477 0.0470017193486 0.0137849334388 0.00463970495702 0.0223320083826 0.0108577020592 
0.0202770834904 0.00580738126624 0.0203135055123 0.000261732402608 0.0130812223403 0.0267748857667 0.0130059608434 -0.0155809283573 0.0219894553761 -0.0120832407802 0.00747603415309 0.00389235051359 0.0261715947536 0.00479256702479 0.0257221127184 0.0216877421243 -0.00643686463649 0.0183125622349 0.010975017412 0.0283777666227 0.0317886388545 0.00538827854601 0.045153314904 0.312549874115 0.0135028948326 0.0292923061681 0.0207516006466 0.0296468371627 0.00772636646771 0.00502786282995 0.121750395578 0.00944157025977 0.00299302988729 0.00761435843456 0.0195263910585 0.0266756037552 -0.0113691854165 -0.00392934084247 -0.0100324939604 0.00812078875344 0.00883610679586 0.0637245116148 -0.0140935535992 0.00734856637496 0.0370576594581 0.00989661577035 0.004027175833 0.0279915044608 0.000265732107771 -0.00601189025801 
0.022718474048 0.0323103585417 -0.000990445155359 0.0223722489316 0.0302880539054 0.0386857153021 0.0221890690534 0.000575692690854 -0.0147107477623 0.0286938129578 0.00874376685808 0.0153368522789 0.0137623389177 0.0114205664231 0.0138066501268 0.0351393144289 0.015269641263 0.0274069076819 0.00620540029132 0.00988307388314 0.0415720674775 0.0214347005855 0.0113587209758 0.0135028948326 0.201662068011 0.000986218260162 0.00403890667167 0.00457877113654 -0.00118206402621 0.00755214281928 0.01512503717 0.0468505264763 -0.000625322510834 0.0123545690561 0.000210632216032 0.0195495211677 0.0182277775637 0.00678886884482 0.0333686570169 0.0141765349119 0.00310290894952 0.0221468703068 0.0257552283499 0.0203568843484 0.0298266270969 0.0167979236095 0.0210565277851 0.00853606825115 0.0210047701281 0.00631373019686 
-0.0281880572403 0.0170269922916 0.00311578395074 0.00805541356803 0.0208437491071 0.0140091837381 0.0118583878027 -0.00354374516888 0.0196202386021 0.0182671867778 -0.0093060909165 0.0139730017512 0.0232824388272 0.0143964552455 0.00499838427234 0.0371493873127 0.00999322942444 0.0241227730002 0.0151522835096 0.0108569082069 -0.00448020651737 0.0153728656446 0.0416457669786 0.0292923061681 0.000986218260162 0.356787434786 -0.0086944981023 0.021339362796 0.0178218010568 0.0262589932942 -0.0135090343569 0.0225690033401 0.0159377735654 0.0123934266425 -0.00490015051683 0.0235384712827 0.0171096901543 0.0136909198808 0.0125848439553 0.00645220868154 0.0166348773092 0.0374593590593 0.00296862481415 0.0230225603384 0.0185310414568 0.0153437872384 0.0283063319557 0.0215335484148 0.020976777785 -0.00983929625158 
0.00279218911958 -0.00680387327554 -0.0227667026189 0.00266013251312 0.00103281898984 0.0165788621113 0.0260602742922 0.0348792274387 0.0368487556365 0.00270493432036 0.0200346228256 0.00794643779534 0.0195867251446 0.0281745052374 -0.0185723540247 0.00926239826682 0.0257016370511 0.0277076025516 0.00931471225607 0.0328250331159 0.0368982944386 0.0195777106566 0.00396411374217 0.0207516006466 0.00403890667167 -0.0086944981023 0.485451522001 0.0377326468455 0.00100155531471 -0.00114936634118 0.00869121651691 -0.00508344160281 0.0272586527239 0.00744998326268 -0.0252451145339 -0.0032734188094 0.0155375971647 0.0389450757202 -0.032026571263 -0.0011578524523 0.0312384852797 0.00702513819789 0.00147484165518 0.00973036495977 0.0647601605111 0.00972029108396 0.00698688969699 0.029672282369 0.0112659432738 0.00320359941257 
0.037973466775 0.0682081753775 0.000456453061346 0.013792468947 0.0382284898459 0.035550021524 0.0164497423983 0.0206607403007 -0.00693469245907 0.0259662318262 0.00853266568961 0.033756322352 0.0209691019867 0.0325614641707 0.0208324871222 0.040284621215 -0.00700725108898 0.0426376221819 0.0215841431089 0.00949253257139 0.00257978575271 0.0173407196369 0.0796820222072 0.0296468371627 0.00457877113654 0.021339362796 0.0377326468455 0.386064065164 0.0340775836387 -0.0128558429248 0.0435619472381 0.0427240059002 0.0249003742815 0.00282134347829 0.0132320885908 0.0113224020411 0.0309488774222 0.0114543192701 0.0116564480664 0.04645563312 0.0117162340827 0.0451494093318 0.0220001336721 0.0373056636086 -0.00251256061572 0.0507696448105 0.0304722633755 0.0001669396917 0.00773145414706 0.0146240860365 
0.013033623284 0.0358551780136 -0.0094536060304 0.00432080757608 0.0317781852926 0.00997166228877 -0.00285866707354 0.00775484631429 0.0221846364459 -0.00454201704275 -0.0164387066253 0.0374727189216 -0.0102135111063 0.0267807226382 0.029249192812 -0.010061359865 0.00964676667473 0.0104325754686 0.0145775079738 0.00834523835376 0.0164217335786 0.0134019094879 0.00765350866398 0.00772636646772 -0.00118206402621 0.0178218010568 0.00100155531471 0.0340775836387 0.480156711132 0.00336051765603 0.0331465581321 0.010373151131 0.038132752186 0.0242494657633 -2.49101202599e-05 -0.00563605452507 0.0148458652746 -0.00645062634384 -0.00289206787629 0.00946638823643 0.0182293626316 0.0345672284802 0.0217271500905 0.0306085877368 0.0106080252529 0.201969317622 0.0262263930216 0.0112607919978 0.0252815957881 0.00851795966718 
0.0327954351251 -0.00280666559996 0.0108463182677 0.00936348882564 0.0232208730392 0.00463288479578 -9.69305469802e-05 0.000286395977677 -0.0147338001912 0.00333341235621 0.0223941312825 0.01942757074 0.0183615215321 0.0205624686412 0.0281530205493 -0.00350937990737 0.0182588134691 0.00857636944792 0.0175869840175 0.010259769307 -0.00167998125917 0.00530479689526 0.0132575788013 0.00502786282995 0.00755214281928 0.0262589932942 -0.00114936634118 -0.0128558429248 0.00336051765603 0.192551488562 -0.00168812070701 0.0231115927948 0.00295431624867 0.0117468540963 -0.0176851870711 0.00825990039497 0.00590819878655 0.0125236375201 0.0180117853473 0.0080735431869 0.00149504978152 0.000614140199648 0.0121897158126 0.0071824896051 0.0298552174333 -0.00870649923749 0.0187634798624 -0.00119595920302 0.00957533860621 0.00691834311871 
0.0719048887264 0.0229472682969 0.0398977168273 0.00667616114678 0.0127377063575 0.0194839969805 0.014886700586 -0.00535206502884 0.0383833065586 -0.0256795103071 -6.75913504574e-05 0.0267861878036 0.00118139562602 0.0104248174796 0.0739991098729 0.0190591987435 0.00407273541044 0.0166269735958 0.0182744287843 0.0236030683705 -0.00528057008976 0.00182748592186 0.0137824864733 0.121750395578 0.01512503717 -0.0135090343569 0.00869121651691 0.0435619472381 0.0331465581321 -0.00168812070701 0.342262592528 0.00631751985528 0.005587643251 0.0251497836522 0.0129762307747 0.0235739563411 0.00231979219431 -0.00191390328805 -0.00874695813091 0.0186220218922 0.0135264602132 0.061050721872 -0.0241632459891 0.0127723516907 0.0283118857654 0.00249323953394 0.0166451739878 0.0231290953768 0.00414674770667 0.0109645277957 
0.0173980897757 0.0262199247135 0.00375079946881 0.0320865561495 0.0599029850115 0.0117762732044 0.00935093069144 -0.00303824693655 -0.0123473163805 0.0272645050628 0.00131655586297 0.0430353595596 0.0234981874537 0.0233349952161 0.027359981511 0.0181669566056 0.00386517154141 -0.0085270983163 0.0206463070402 0.00562084164778 0.0398114412141 0.0114935787438 0.0178661589992 0.00944157025977 0.0468505264763 0.0225690033401 -0.00508344160281 0.0427240059002 0.010373151131 0.0231115927948 0.00631751985528 0.158338590644 0.0122796975727 0.00933853673402 0.00635778344921 0.0204027569026 0.0159341455002 0.0280213447224 0.0655174419486 0.0422891141029 0.0242794720452 0.0256012339239 0.0251056738498 0.000915320098105 0.00916113561843 0.00372434212557 0.0226301896317 0.0232678436802 0.0120906101675 0.0118556199731 
0.0337871095578 0.0213634879198 0.00739275303079 0.00115040781412 0.0259684819769 0.0149307104191 -0.0066350775958 0.0103971121676 0.00853250831919 0.0146444227498 0.00267573731742 0.0177116389026 0.00628778152267 0.0343584482811 0.0245315416245 0.011047451808 -0.00592815150817 0.00611332457743 0.00662940667107 0.00530247778655 0.0156810328096 0.00313707155907 0.00258796035594 0.00299302988729 -0.000625322510834 0.0159377735654 0.0272586527239 0.0249003742815 0.038132752186 0.00295431624867 0.005587643251 0.0122796975727 0.161420186929 -0.00309712191218 0.025955098907 0.0159740375371 0.00851641744319 0.0136016729356 0.011366643844 0.0244118856148 -0.0110339234086 0.0119554487145 0.0307584422607 -0.00422418965455 0.1035639117 0.0350282504649 0.0270614823808 0.0232144296947 -0.000453182062142 0.00432336709061 
0.0125684855622 0.00482405912675 0.0238514957867 0.000518830908082 0.0085158808301 0.0152607909123 -0.00200572069131 0.00392139513037 0.0155302210907 -0.000365687529984 0.0103083895607 0.00813562599774 -0.0117958377965 0.0201887963206 0.0152470923693 0.025395358263 0.0232441861412 0.0434489239501 -0.00313113447003 -0.00160051149765 0.0280633206656 0.00280570448314 0.0104804207941 0.00761435843456 0.0123545690561 0.0123934266425 0.00744998326268 0.00282134347829 0.0242494657633 0.0117468540963 0.0251497836522 0.00933853673402 -0.00309712191218 0.263128590015 0.0101956173815 0.0195646811419 -0.00181011210281 0.0144869514738 0.00874233491927 0.0196396965866 -0.000816116921102 0.0274523601769 0.0101241283341 0.00933280928758 0.00231087453708 0.0114584312023 0.0268202695765 -0.00583300461153 0.00322114641626 4.08648203622e-05 
0.0920564306486 -0.00375486409467 -0.00496808086394 -0.00991431487734 0.00790269142237 -0.00168553253273 -0.0212702876533 0.00449769277653 0.0354611506144 -0.00747441826938 -0.00626374522934 -0.0097129255409 0.0059056610899 0.0198045062258 0.0425696390148 0.0135776644321 0.0309373560793 0.0434068904125 0.0249096060903 3.97329192044e-05 0.00692835480244 0.00740016440019 0.0279123134804 0.0195263910585 0.000210632216032 -0.00490015051683 -0.0252451145339 0.0132320885908 -2.49101202601e-05 -0.0176851870711 0.0129762307747 0.00635778344921 0.025955098907 0.0101956173815 0.351202379475 -0.000425042638678 -0.003706088654 -0.0366284380154 0.0105889389767 0.015916602256 0.000433078884587 0.0119446300714 -0.000846699717104 0.00194046984692 0.0282363943387 0.0507662784103 -0.027839276406 0.00045088754881 -0.0199607172683 0.00168587146147 
0.0127982810705 0.0163695877061 0.00710253846849 0.0237118209138 0.0196418284304 0.000736516190335 0.00751130392241 0.00454672624138 -0.0229840676803 0.0120930232265 0.00802377602487 0.0147494604135 0.0159604475043 0.0204600380272 0.00384428260703 0.011654790361 0.00844175601522 0.0234765056719 0.0233929527335 0.0111536426238 0.00373290936298 0.0126727694367 0.0480388115878 0.0266756037552 0.0195495211677 0.0235384712827 -0.0032734188094 0.0113224020411 -0.00563605452507 0.00825990039497 0.0235739563411 0.0204027569026 0.0159740375371 0.0195646811419 -0.000425042638678 0.174510662697 0.0254376751518 0.00805738386883 0.0316641879487 0.0145462863972 0.0163636552159 0.0297205836999 0.0161031030996 0.0210933929019 0.00755726027178 -0.00579616667074 0.0141243046236 0.0116645467727 0.0143917661361 0.0188463783784 
0.00734553595761 0.0223627949337 0.00895785998306 0.0112226169921 0.0157671330893 0.0152558589389 -0.000958818874552 0.00569788184192 0.00238363821051 0.0130622384715 0.00386321756779 -0.00419323855903 0.00142242731647 -0.012022707387 0.00291649057797 0.0037710627953 -0.00250172119825 0.018257078073 0.0148175242567 0.00275846628717 0.0155852191123 0.0246114517509 0.0109505607063 -0.0113691854165 0.0182277775637 0.0171096901543 0.0155375971647 0.0309488774222 0.0148458652746 0.00590819878655 0.00231979219431 0.0159341455002 0.00851641744319 -0.00181011210281 -0.003706088654 0.0254376751518 0.188413960462 0.00289695436643 0.0112043730034 0.014071953717 0.0109127867103 0.00696132025982 0.00221229863801 0.0203146841375 0.000337122610092 0.00843207346018 0.0147496059375 0.00694796617481 0.0204824014828 -0.0102983134075 
0.00564244961213 0.00218382962862 0.0165694705038 -0.00544643173836 0.0201666021203 0.00422162855709 0.002295215393 0.0176646374583 -0.0299373658413 0.0111462432733 0.0168972269942 0.0457203052114 0.0129473635284 0.0172740894091 -0.00413597758865 0.0157516286992 0.0114107760641 0.0253176144881 0.0711332785763 0.0144214173044 0.020539285764 0.0108091260234 0.0102631262528 -0.00392934084247 0.00678886884482 0.0136909198808 0.0389450757202 0.0114543192701 -0.00645062634384 0.0125236375201 -0.00191390328805 0.0280213447224 0.0136016729356 0.0144869514738 -0.0366284380154 0.00805738386883 0.00289695436643 0.359991731309 -0.00664800302954 0.00809892397432 0.0117781289586 -0.0334114580312 0.00700430508956 0.0135560207835 0.0082477280322 -0.0275567176848 0.0206686176795 0.00613199392691 0.00966772846733 0.0145617328646 
0.062459251722 0.0248750357966 0.0237292684386 0.0319639927983 0.0449127620327 0.0115907947867 -0.00914610815493 0.0122774922481 -0.0124086987574 0.0485575263775 0.0166460808956 0.0121643815265 0.0260766905238 0.019533099844 0.0367574849059 0.0498394177119 0.0330423438347 0.0216428611715 0.0135089625152 -0.0146398594333 0.033853642167 0.00741756150685 0.00619222831006 -0.0100324939604 0.0333686570169 0.0125848439553 -0.032026571263 0.0116564480664 -0.00289206787629 0.0180117853473 -0.00874695813091 0.0655174419486 0.011366643844 0.00874233491927 0.0105889389767 0.0316641879487 0.0112043730034 -0.00664800302954 0.314293412012 0.0739625340904 0.0317413671534 0.0145673684457 0.015466253997 -0.0170776329111 -0.00852635093657 -0.00933666426955 0.017590330651 0.0288366923273 0.00264209705195 0.0187047593833 
0.0610869950969 0.016026803552 -0.00756907932746 0.0372106577209 0.0393687592991 0.018078771492 0.00677910080845 0.00571246051051 0.0165550294501 0.0972550029813 0.0213097871781 0.00162543891374 0.0318857294742 0.0372652998384 0.0372140576917 0.0462301200259 0.00226303426511 0.0414787159259 0.0136095430532 -0.0244817536196 0.00507584839258 0.0171274982449 0.016510879924 0.00812078875344 0.0141765349119 0.00645220868154 -0.0011578524523 0.04645563312 0.00946638823643 0.0080735431869 0.0186220218922 0.0422891141029 0.0244118856148 0.0196396965866 0.015916602256 0.0145462863972 0.014071953717 0.00809892397432 0.0739625340904 0.274418771669 0.0185432577664 0.00125056136643 0.0326712540441 -0.000663439288097 0.00546635515731 -0.0210602847353 0.0304384075488 -0.00974841284566 0.00494656266224 0.0165830289307 
0.0123054858447 0.020248568778 -0.010769955418 0.00991074532524 0.017964123681 0.0316371185279 0.00834131097482 -0.00448451981411 0.00499661656434 0.0189655251382 0.0108645440845 0.00891110060155 0.0141806508502 0.0183359913089 0.0235666288042 0.000288179820541 0.00664856954365 0.0228389448442 -0.00331815762003 0.00939257150677 0.0115422654646 0.00939752898696 0.0100762357336 0.00883610679585 0.00310290894952 0.0166348773092 0.0312384852797 0.0117162340827 0.0182293626316 0.00149504978152 0.0135264602132 0.0242794720452 -0.0110339234086 -0.000816116921102 0.000433078884587 0.0163636552159 0.0109127867103 0.0117781289586 0.0317413671534 0.0185432577664 0.184361502718 0.0191137737009 -0.00331538568808 0.0167754955596 -0.00358840435195 0.00328762220148 0.00638530918435 0.0282892212606 0.015549337193 0.0207373477672 
0.0112909115619 0.0481767008715 -0.00595455818917 0.0258371445664 0.0129128911362 0.0191428978247 0.0143437932651 0.00742659070311 0.0190562299164 0.00708712752267 0.0149460045222 0.0238354077057 0.014944490923 0.0397816449057 0.0265862959313 0.0208435461852 0.00726679204123 -0.000290860324975 -0.000192065540836 0.0323740099183 0.0374797692762 0.0252702683523 0.0261562966361 0.0637245116148 0.0221468703068 0.0374593590593 0.00702513819789 0.0451494093318 0.0345672284802 0.000614140199648 0.061050721872 0.0256012339239 0.0119554487145 0.0274523601769 0.0119446300714 0.0297205836999 0.00696132025982 -0.0334114580312 0.0145673684457 0.00125056136643 0.0191137737009 0.253513756064 0.0120513532234 0.0327540738188 0.0258003829452 0.0446442728499 0.00501175930474 0.00901019410643 0.0193968442728 0.0197005921155 
0.0259721184581 0.0191057370756 0.00488964009717 0.00207083367343 0.03349392767 0.00978914079248 0.0141736537926 0.0127563694418 0.00502531244535 0.0131572461043 0.0230520803718 0.0194176059095 0.0146353271211 0.0173077489857 0.0173067905392 -0.00664754161169 0.0251764430786 0.028844494314 0.0120544519768 -0.0209444969752 0.0248781784482 0.013150752594 0.0172586681577 -0.0140935535992 0.0257552283499 0.00296862481415 0.00147484165518 0.0220001336721 0.0217271500905 0.0121897158126 -0.0241632459891 0.0251056738498 0.0307584422607 0.0101241283341 -0.000846699717104 0.0161031030996 0.00221229863802 0.00700430508956 0.015466253997 0.0326712540441 -0.00331538568808 0.0120513532234 0.279225332363 0.0208258573604 0.00556400103339 0.0131515429675 0.0372772028521 0.000203011897191 0.0186633330353 -0.00200858599983 
0.0139929888567 0.018119993434 0.0212255741257 0.00555357733971 0.0228563217912 0.0224143952891 0.000949420495864 0.0105871406234 0.0186499578876 -0.0140429905094 0.0146314892858 0.00653071479957 0.00428791826927 0.00568169069596 0.023893792129 0.00823619288149 0.00439727703204 0.0299797292312 2.58799965866e-05 0.0129804701572 0.0239806077056 0.0600020916198 0.0263160320598 0.00734856637496 0.0203568843484 0.0230225603384 0.00973036495977 0.0373056636086 0.0306085877368 0.0071824896051 0.0127723516907 0.000915320098105 -0.00422418965455 0.00933280928758 0.00194046984692 0.0210933929019 0.0203146841375 0.0135560207835 -0.0170776329111 -0.000663439288097 0.0167754955596 0.0327540738188 0.0208258573604 0.176211216545 0.00738532364517 0.0377733855752 0.0150326440939 0.000740311314336 0.0557011880263 0.015131340609 
0.00516354642686 0.0103588331653 0.0166068656421 0.00697367239561 0.00122087839386 0.0316389540283 0.00122995933362 0.0267062524729 0.0202763228885 -0.00801454371645 0.00688224632727 -0.0103866082639 -0.0102830515341 0.0197599501322 0.0203196025668 0.0230488976386 0.00234565240998 0.00448749298017 -0.000939438721686 0.0152716320859 0.0263194077478 0.0126546805617 -0.0141650875477 0.0370576594581 0.0298266270969 0.0185310414568 0.0647601605111 -0.00251256061572 0.0106080252529 0.0298552174333 0.0283118857654 0.00916113561843 0.1035639117 0.00231087453708 0.0282363943387 0.00755726027178 0.000337122610093 0.00824772803219 -0.00852635093657 0.00546635515731 -0.00358840435195 0.0258003829452 0.00556400103339 0.00738532364517 0.425691356628 0.041283253638 0.019204813488 0.00447665403173 -0.000568745014027 -0.00318315027997 
0.0106723027704 0.00237935207484 -0.0298707234252 0.00487305756243 0.0100197830937 -0.00462436924777 -0.0144767014238 -0.00553971559933 0.0336835973898 0.00329371373323 -0.00676856328549 0.0512532871142 -0.0192657126514 0.0177363647412 0.0202691249657 -0.00625449911251 0.00689127129951 0.0302675789925 -0.019284634173 0.00933518427583 -0.000295922038961 0.0331340837074 0.0470017193486 0.00989661577035 0.0167979236095 0.0153437872384 0.00972029108396 0.0507696448105 0.201969317622 -0.00870649923749 0.00249323953394 0.00372434212557 0.0350282504649 0.0114584312023 0.0507662784103 -0.00579616667074 0.00843207346018 -0.0275567176848 -0.00933666426955 -0.0210602847353 0.00328762220148 0.0446442728499 0.0131515429675 0.0377733855752 0.041283253638 0.392969626767 0.0179108661754 -0.0134869860768 0.0411645084558 -0.00401405825853 
0.0146676183167 0.0207311967749 0.0050184280046 0.0131270041136 0.027185883322 0.0209336325272 0.0028764873927 -0.0123035651662 0.00377540073851 0.0139430296847 0.0122354884542 0.0167080824214 0.0088146791252 0.0112988256859 0.017890826515 0.0623903498272 0.0315978247479 0.0329128632973 -0.0119778172104 0.00304191541724 0.0100140137901 0.0238387550507 0.0137849334388 0.004027175833 0.0210565277851 0.0283063319557 0.00698688969699 0.0304722633755 0.0262263930216 0.0187634798624 0.0166451739878 0.0226301896317 0.0270614823808 0.0268202695765 -0.027839276406 0.0141243046236 0.0147496059375 0.0206686176795 0.017590330651 0.0304384075488 0.00638530918435 0.00501175930474 0.0372772028521 0.0150326440939 0.019204813488 0.0179108661754 0.216185464325 0.0149766398519 0.0184511436044 0.0211729870083 
