50
0.0801839086902 0.39235550597 0.0795042219188 0.0521298167044 0.0907505897935 0.0269248151276 0.0347685991573 0.16701162673 0.0242911243805 0.100220943784 0.00154943769328 0.0316067218978 0.0495038718221 0.037281538924 0.099400173405 0.148588071013 0.0519302207626 0.0559799775446 0.0268374832388 0.135848421796 0.070995024039 0.09797045465 0.0166595463284 0.0674926048947 0.0309991269713 0.171628318037 0.109959402945 0.0291549562933 0.117315051398 0.10004428458 0.0571686925308 0.134016582451 0.0176756211385 0.0571643700905 0.0615160923796 0.0479071153807 0.0524718958424 0.0485380268731 0.134627172929 -0.00953493093171 0.0540494724418 0.0172523696575 0.0962618702605 0.0413413845105 0.0466490289559 0.0785253906611 0.0477990277318 0.0449819155318 0.0407864154506 0.0952470994091 
0.297167682909 0.477058991592 0.0279672802901 0.021366422703 0.0290430956478 0.00515021326354 -0.0106407799239 0.0291698943672 0.00828015846498 -0.0138218447585 0.00398461724175 0.013360821955 -0.00120551316194 0.00543582513329 0.0371454307731 0.0225266561965 0.0179629083429 0.04220397184 0.00577155910598 0.0177947358156 0.00161002082114 0.122315121988 0.0141484711972 -0.00610008938489 -0.00509579183363 -0.0100495011582 0.020331106731 0.0138294847887 0.0288541109033 0.0207991998371 -0.00130589589783 0.0194051327724 0.0247843793517 0.013044963344 0.0122236764539 0.00417150233284 0.00017242040203 0.0111754040235 -0.00450775551953 -0.00816884389261 0.0133357651391 0.0127288829511 -0.00456105375149 0.00072780659574 0.0124796232068 0.00339925901276 0.0227979659963 0.0110510492086 0.0167263332122 0.0264182845926 
0.477058991592 3.0681032595 0.00159513664529 0.00758713620281 0.0217718251412 -0.0247370024171 -0.0154676648027 0.0458789566589 0.0138788132448 0.00430191294117 0.00450263182094 0.0226100900248 -0.025603554986 -0.0101929536267 -0.00785976164465 0.0569163282846 -0.00394831269011 0.0894747563357 -0.0106242373014 -0.00897064316545 -0.0523770720315 0.776269419915 0.0487955791317 -0.0313365702371 -0.00385958529251 -0.0509289483711 0.022033782959 0.0349410721714 0.0172001270786 -0.0771499613135 -0.0166624152705 0.0344432326066 0.0331477182195 0.0568235998649 0.0460706828834 0.05633160286 0.0842906202143 0.0307985478324 -0.0321049460822 -0.0123336570576 -0.0127312737434 0.00337256627559 -0.00777746922547 0.00689072343445 -0.00617333518357 -0.00883477760429 0.0457820188008 0.0222668471547 0.0187882908234 0.0442673888698 
0.0279672802901 0.00159513664529 0.262222783298 0.0190534722775 0.0183803429466 0.00675602966265 0.0172371575881 0.00461567623501 0.0324617633887 -0.0379288979676 0.0176293605274 0.013862454399 -0.00487478011159 0.010142840011 0.0298297488548 0.0416086313021 0.0232944054341 0.0135817586169 0.00600174133492 0.00288735337409 0.046220643933 0.0137000074204 0.0236544128583 0.0115088343777 0.017842318302 0.0227729745346 0.0184087607785 -0.00530010744601 0.000612246323844 0.0153535416033 0.0391325805966 0.0157107196461 -0.000291763427481 0.00197879932393 0.0024215918532 0.00411497697518 0.00164111522697 0.00926658839718 0.00797397429274 -0.00232280712002 0.0335440618227 0.00606121594603 0.0322654363238 0.00984325486498 0.0151682974152 0.0166322493926 0.0129850621854 0.0111614992578 0.0232968439381 0.0355835252911 
0.021366422703 0.00758713620281 0.0190534722775 0.132853255661 0.0402387071859 0.00357811786422 0.00474079925295 0.0109338975299 0.0134987445408 -0.000202777046633 0.00776250484223 0.0342251841639 0.0061543565689 0.0019870151444 0.0212698266302 0.0194484743535 -0.00119895325893 0.0112980177093 0.0186604412745 0.00520558640399 0.0231023275578 0.0100390655708 0.0105705008333 -0.00115392243497 0.0222229116881 0.0141849629205 0.00718959531208 0.014427875766 -0.00517509265257 0.0293657006181 0.0251407452927 0.0487182100969 0.0117313959977 0.0261438833183 0.0241777875759 0.00377263029139 0.0158047322711 0.0329110574875 0.00826909737312 0.0370766282832 0.00951690349221 0.0291107848182 -0.0247003429541 0.011369634725 0.0248890239537 0.0270006823833 0.016168324668 0.041498885735 0.0161801033844 0.0181365553471 
0.0290430956478 0.0217718251412 0.0183803429466 0.0402387071859 0.330752078856 0.00379948505887 -0.0177726452957 0.0101140249422 0.00531641520545 0.0152252915104 0.0289881533569 0.0191760340208 0.0258806262685 0.000136448731222 0.01190141548 0.0130460782574 0.0115635735424 0.035471886707 0.00847803831086 0.00701035167539 0.0266333383517 0.0104993639339 0.00427210604798 0.00865322679395 0.0240684376845 0.023801039265 0.0302478780017 0.00932606361596 -0.000851017277525 0.036309498087 0.00338304352431 0.0203230249068 -0.00059862889885 0.0508347432593 0.0237055849738 0.0106121293075 0.0293511644965 0.013636703359 -0.00456426880835 0.00544076601087 0.0142808462833 0.00121754988131 0.000542741929298 0.0144228093599 0.0193402975443 -0.0125032750011 0.0260867172362 0.0223525665662 0.0469769153378 0.0263103520896 
0.00515021326354 -0.0247370024171 0.00675602966265 0.00357811786422 0.00379948505887 0.205552124774 0.0635861038753 0.00463333767991 0.0230679260046 0.00649855289551 0.00968382228027 0.0295540824878 0.00317738700792 0.00525656074029 0.00129389625206 0.0207731979166 0.0570699224165 0.0248706717692 0.00569232631193 0.01812873924 0.011743980704 -0.0132904949762 0.0246534926574 0.0202284467722 -0.00831715784524 0.00630038668208 -0.00233849142689 -9.35209948932e-06 0.00685878537022 0.0137314436788 -0.00680940428075 0.0030672117634 -0.00292390731863 0.0331469709412 0.0144772595998 0.0151392430893 0.00545043990199 0.00625490605225 0.0213270425124 -0.003615758734 0.0301067691042 0.00874965285436 0.0329505677603 -0.00356732387962 -0.0158770440612 0.00576256065068 0.0143199374266 0.0136635100494 0.00733004489761 0.0207043888315 
-0.0106407799239 -0.0154676648027 0.0172371575881 0.00474079925295 -0.0177726452957 0.0635861038753 0.263255421972 -0.00119250270985 0.0239689305061 0.0105309613471 0.0241015433515 0.00326959455635 0.00973301314875 -0.0012215757285 0.0361454528793 -0.0114991117617 0.044296256952 0.0151354389553 -0.000527145270602 0.00572690537242 0.0146653922118 -0.00847002108109 0.0422627561788 0.025644094309 0.0101362263305 0.0199214546877 0.0325871688233 0.016731127285 0.00139653124095 0.0233455017809 0.00175657066941 0.00721696660613 0.0203162771431 0.0225876975782 0.00911918298258 0.0129046773096 -0.0105591985748 -0.000795821479559 0.00943739248878 0.000459124543332 0.0225870340271 0.0124159665615 0.0262724385397 0.0239042327827 -0.00702955527625 -0.0101602511955 -0.000831849782861 0.0168909146297 0.0154884782897 0.02450761697 
0.0291698943672 0.0458789566589 0.00461567623501 0.0109338975299 0.0101140249422 0.0046333376799 -0.00119250270985 0.498638882992 0.00944371772005 -0.0499019048459 0.0371695820386 0.00758554958128 0.0328476936809 0.00217738250927 0.0246415634222 -0.00389177244088 -0.00985439756008 0.0283960292094 0.00402644044083 -0.0173304326093 0.00246935580469 0.0129425656888 0.0162917904356 0.0120108484501 0.0278618881643 0.028867440445 0.0304819768088 0.010668413431 -0.0211795358377 0.0240165783849 0.0125881227677 0.00821498411444 0.0144598819488 0.0286032777715 -0.000460366545027 -0.0154911073222 -0.00760336292174 0.0125919723371 0.0303961085295 0.0151130791114 0.0238265210271 -0.0158620068723 0.0197237428492 0.0354076960906 0.0444813741927 0.0230843536585 -0.0231064046277 -0.00240091364546 0.0260320408086 0.0218906215017 
0.00828015846497 0.0138788132448 0.0324617633887 0.0134987445408 0.00531641520544 0.0230679260046 0.0239689305061 0.00944371772005 0.22856361649 0.0169209899087 0.00655454582842 0.0368981682391 0.0111656554982 0.0369926445587 0.00895108665193 0.0230692964012 0.0492090014582 -0.00728766815909 0.00397893090116 0.0100733204942 0.0473153525513 0.00673292280737 0.037320176385 0.00845307301375 0.00923212336078 0.0163193134889 0.0404397777151 0.032664789012 0.015355908136 0.0235884703864 0.011258257328 0.0230579700765 0.0406661189632 0.0119414091163 0.0326025187708 0.0319050894448 0.00158455754609 0.0208242684461 0.0169576468626 0.0209321156984 0.0561683804329 0.0133214453723 0.0184188508501 0.0245916299915 0.0244040835767 0.0320493285041 0.0228701564959 0.0359831438194 0.0160379396074 0.0283538929811 
-0.0138218447585 0.00430191294117 -0.0379288979676 -0.000202777046633 0.0152252915104 0.00649855289551 0.0105309613471 -0.0499019048459 0.0169209899087 1.09858597432 0.0159461219427 0.0100145497331 0.00496640804676 -0.00294498699302 -0.0108826002172 0.0250985948728 0.00683157402023 0.0186683136155 0.019785102734 0.0519481002088 0.037224453042 -0.00430925457916 -0.0067329291354 -0.00733980645392 0.178828756999 0.0282897081636 0.00562872785115 -0.0145107038791 0.000929833637062 0.031995676723 0.00361282390023 -0.0105123019618 0.00398247232933 -0.00618260867601 -0.0115655913319 0.0614811385508 0.00984851208492 0.00115761641594 0.00753002841454 0.0443961012188 0.0262294588373 0.0371000279505 -0.00417156949116 0.0117334227381 -0.0246140451006 -0.00975435341009 0.023658036888 -0.0183925079576 0.0083690854754 -0.00772530424054 
0.00398461724175 0.00450263182094 0.0176293605274 0.00776250484224 0.0289881533569 0.00968382228027 0.0241015433515 0.0371695820386 0.00655454582842 0.0159461219427 0.286379902197 -0.00347600735739 0.0220322181073 0.00125647181005 0.0163204807234 0.00642266650616 -0.000731692752327 -0.00394680043663 0.00869436880515 0.00987584331444 0.008400141872 0.00609207156682 -0.0025992487506 0.0250178706809 0.010269139522 0.00934420465861 0.00835128302253 -0.0113196834717 0.00542335598847 0.0589749842003 0.0137029518538 -0.00495325424005 0.00217885606627 -0.00855969955369 0.00142466640155 -0.00445351717979 0.0117888383907 0.022630440886 0.021053851984 7.48348698055e-05 0.0218375348275 -0.0109532658236 0.00864448392942 0.0112739598891 0.0172180852026 0.00299800570368 0.00408482091698 0.0167022974833 0.00514594639728 0.0164906475535 
0.013360821955 0.0226100900248 0.013862454399 0.0342251841639 0.0191760340208 0.0295540824878 0.00326959455635 0.00758554958128 0.0368981682391 0.0100145497331 -0.00347600735739 0.118794574798 0.00496541032965 0.0032277495703 0.0164229879493 0.0250594540581 0.00893636373029 0.00435136224322 0.00517051212474 0.0201681682007 0.0173875503533 0.00995079240504 0.00696922291207 0.0170824946789 0.0092935358462 0.0266993611261 0.0339766807516 0.00835107825028 0.0157345236875 0.0315399864135 0.0135180801199 0.0266709422167 0.0210816987721 0.0220699090072 0.0211925776061 0.00254477376366 0.0232361354144 0.049145558659 0.017003431622 0.0151233185007 0.0334753009661 0.0243785998291 0.00887827263186 0.0141083969917 0.0196012486166 0.0289972294814 0.0131285429014 0.043954261115 0.022621312772 0.0179597996902 
-0.00120551316194 -0.025603554986 -0.00487478011159 0.0061543565689 0.0258806262685 0.00317738700792 0.00973301314875 0.0328476936809 0.0111656554982 0.00496640804676 0.0220322181073 0.00496541032965 0.322128411735 0.0392401223039 -0.00811028235333 0.0136296868686 0.00530341163404 0.0152727128991 0.00703404938385 0.00249239375155 -0.00419827297034 0.0172462409635 0.00264597833571 -0.00521584950887 0.00689987303535 -0.00631696394957 0.043328635852 0.019911262997 -0.00093346849875 0.0243814413663 0.00692071879273 -0.00288319636445 0.0158889430528 0.00684664838629 -0.00109511131601 -0.00759602819748 -0.00604925283515 0.0148530053786 -0.00202750561208 0.0149892554451 0.0265987449697 -0.00910637442632 0.0387865754437 0.0022845500727 -0.000123453664495 0.0283216966043 -0.000378958665737 0.018850520606 0.0250110930519 0.00749339585525 
0.00543582513329 -0.0101929536267 0.010142840011 0.0019870151444 0.000136448731223 0.00525656074029 -0.0012215757285 0.00217738250926 0.0369926445587 -0.00294498699302 0.00125647181005 0.0032277495703 0.0392401223039 0.373041872149 0.0361729983202 0.0206534481446 0.0142278806854 0.0163906328981 0.0082010319247 -0.00177992125539 0.0346757358545 0.033873456141 0.0153133814943 0.00469108234231 0.00457672530432 0.0135354823785 0.0716493208561 0.0188403806679 0.0283389026886 0.0522554293256 -0.00657088037325 0.00703806019164 -0.00398422114566 0.0202628027133 0.0161574389343 0.00759335141531 0.0175477463976 0.00331388234958 0.00370199224919 9.78897101723e-05 0.00320059604293 -0.0187733553137 0.0724445677452 -0.0174447595951 0.0129201477218 0.0447051252503 0.0136590209597 0.0128525577465 0.0299880065053 -0.000804106670495 
0.0371454307731 -0.00785976164465 0.0298297488548 0.0212698266302 0.01190141548 0.00129389625206 0.0361454528793 0.0246415634222 0.00895108665193 -0.0108826002172 0.0163204807234 0.0164229879493 -0.00811028235333 0.0361729983202 0.336485226087 0.0237679645619 0.0133430880938 0.016452715075 0.00725319744123 -0.00330487597431 0.0208703762157 0.0153055772564 0.0381712665406 0.0422682530387 0.00282465995708 0.020821169206 0.0394015419911 0.010206794256 0.0363680563321 0.0670397810427 0.0394484386994 0.0053528635729 0.0176814424841 0.0300409984605 0.0266002349508 0.00111364621446 -0.000438183067933 0.0180064997463 0.0718979289257 0.0216294410192 0.00424348250095 0.0168328465954 0.0343266394523 0.0135454731994 0.0194172233568 0.0684773666703 0.00864828014995 0.0134871273041 0.0178789109637 0.063593126429 
0.0225266561965 0.0569163282846 0.0416086313021 0.0194484743535 0.0130460782574 0.0207731979166 -0.0114991117617 -0.00389177244088 0.0230692964012 0.0250985948728 0.00642266650616 0.0250594540581 0.0136296868686 0.0206534481446 0.0237679645619 0.469179999001 0.00187548866766 0.00303603106806 0.00367955942428 0.00794345221854 0.0360790716917 0.0306921036247 0.028754271334 -0.0195129325667 -0.0052878935125 0.0149484304187 0.0268127734267 -0.000478056734294 0.0188473298373 0.00701703486908 -0.0155421889774 0.0193961540489 0.00345129110817 0.0333658508116 0.043810104145 -0.0110624223434 0.0176444547737 0.0043662624819 0.0376067621536 0.0299058880653 0.051051516796 0.0329396321719 0.00990369444165 0.0281979194794 0.0163771585464 0.0348113051878 0.0323360655769 0.0300051811783 0.0212391763055 0.0278235578381 
0.0179629083429 -0.00394831269011 0.0232944054341 -0.00119895325893 0.0115635735424 0.0570699224165 0.044296256952 -0.00985439756008 0.0492090014582 0.00683157402023 -0.000731692752328 0.00893636373029 0.00530341163404 0.0142278806854 0.0133430880938 0.00187548866766 0.260559720986 0.0175207073885 -0.00071793840401 0.0128223466542 0.046344612765 -0.0209744391563 0.0545857170616 0.0474391125066 0.0021714959888 0.030582974701 0.0187757330423 0.00182624768159 0.0196096433268 0.0145409110353 -0.00403787894506 0.0230492545078 0.0175117521509 0.0153349505408 0.0190321176513 0.0238448427274 0.013023902513 -0.00992429601695 -0.00545401107547 0.00296115753348 0.0267509122324 0.0219117783115 0.0352738759988 0.0103810226365 0.00306620313091 0.0151541444734 0.0385975548775 0.0217186419344 0.0237727232898 0.0268802426009 
0.04220397184 0.0894747563357 0.0135817586169 0.0112980177093 0.035471886707 0.0248706717692 0.0151354389553 0.0283960292094 -0.00728766815909 0.0186683136155 -0.00394680043662 0.00435136224322 0.0152727128991 0.0163906328981 0.016452715075 0.00303603106806 0.0175207073885 0.228410412605 0.0125255951061 -0.0306879767817 0.0220768013951 0.0181478583956 0.0137763028853 0.0295563733215 -0.0013735244813 -0.00120374275553 0.0116577366729 0.0159787285531 0.0224690315198 0.0175437220204 -0.00283228493886 0.00447738448862 0.00753061391678 0.0249398366478 0.00181751353075 0.0120951144745 0.0147527612104 0.0114683607104 0.0151257465259 0.00569966535334 0.000387289006908 -0.0125235836627 -0.0110881909474 0.0201838367004 0.00436735756169 0.036540878153 0.00423274382254 0.0106303740119 0.0354671136341 -0.0100515044425 
0.00577155910599 -0.0106242373014 0.00600174133492 0.0186604412745 0.00847803831086 0.00569232631193 -0.000527145270599 0.00402644044083 0.00397893090115 0.019785102734 0.00869436880515 0.00517051212475 0.00703404938385 0.0082010319247 0.00725319744123 0.00367955942428 -0.000717938404013 0.0125255951061 0.157923265791 -0.00860156304777 0.0318769293285 -0.00635111772961 0.00919539371955 -0.00787380130261 0.0172378239607 0.00293374345102 0.0189433737783 0.0167145894347 -0.000311645541532 0.0172699664103 0.0121619464277 0.00711043030887 0.00391377027478 0.0155519738178 0.0196784491759 0.0131859104418 0.00130149652686 0.0103266420848 0.000636067453207 0.00855044598536 -0.00335449345448 0.00721203343079 0.0193275518278 0.0131951075263 0.021203373729 0.0279135180486 0.0125156417079 0.0249437802517 0.00946655923557 0.000173444908903 
0.0177947358156 -0.00897064316545 0.00288735337409 0.00520558640399 0.00701035167539 0.01812873924 0.00572690537242 -0.0173304326093 0.0100733204942 0.0519481002088 0.00987584331444 0.0201681682007 0.00249239375156 -0.00177992125539 -0.00330487597431 0.00794345221854 0.0128223466542 -0.0306879767817 -0.00860156304776 0.60180147956 -0.00828579843803 -0.008277439372 0.0125570296946 0.00305968950943 0.185343848624 0.0187683040573 0.0450590030523 -0.00407706220884 0.0253422433374 0.0242058502485 0.00512933018271 0.0192302361943 0.0023710258544 -0.0160503809138 0.0305336259181 0.00703897841479 0.00933127974873 0.0326394022935 0.0178531305629 -0.0202913945177 0.0292998149613 0.0144733475172 -0.00387918188688 0.0268254382848 0.0109777295078 -0.0156553910899 0.00777943636138 0.00158621220419 0.00888317452118 0.0306593155884 
0.00161002082114 -0.0523770720315 0.046220643933 0.0231023275578 0.0266333383517 0.011743980704 0.0146653922118 0.00246935580469 0.0473153525513 0.037224453042 0.008400141872 0.0173875503533 -0.00419827297034 0.0346757358545 0.0208703762157 0.0360790716917 0.046344612765 0.022076801395 0.0318769293285 -0.00828579843803 0.362026696105 -0.0389726029779 0.00621521180925 0.00459191383514 0.0243412032032 0.00971132317309 -0.00612210425498 0.0187296616211 0.016763625506 0.0346350838164 0.0374391159014 0.0169697175559 -0.0137802975112 0.00620830821807 0.0312410889578 0.0237232310004 0.0183233921289 0.00852012252478 0.0135243368309 0.0032715659081 0.0160707973646 0.0164273101847 0.0234481319939 0.0141487236614 0.00488238160907 0.030407836012 0.0487243964296 0.0413668957532 0.006816982995 0.0267451490523 
0.122315121988 0.776269419915 0.0137000074204 0.0100390655708 0.0104993639339 -0.0132904949761 -0.00847002108109 0.0129425656888 0.00673292280737 -0.00430925457916 0.00609207156682 0.00995079240504 0.0172462409635 0.033873456141 0.0153055772564 0.0306921036247 -0.0209744391563 0.0181478583956 -0.00635111772961 -0.008277439372 -0.0389726029779 0.549278477485 0.0265747635117 -0.0501196330201 -0.0117350453049 -0.0163364001116 0.0178541407189 0.00469025264183 -0.0175511800869 -0.0100183898462 0.0893477855166 0.00065114656994 -0.00670055401686 0.0210602263064 0.0340006945662 -0.00480739982237 0.0378233335445 0.009860253499 0.0417061690839 -0.00371924106534 0.00393000437527 -0.00138609151042 0.012611422449 0.00855101091569 -0.0114709026835 0.0274156874284 0.00910253524969 0.00585604041877 -0.00177614356305 -0.00650800016616 
0.0141484711972 0.0487955791316 0.0236544128583 0.0105705008333 0.00427210604798 0.0246534926574 0.0422627561788 0.0162917904356 0.037320176385 -0.0067329291354 -0.0025992487506 0.00696922291207 0.00264597833571 0.0153133814943 0.0381712665406 0.0287542713341 0.0545857170616 0.0137763028853 0.00919539371954 0.0125570296946 0.00621521180925 0.0265747635117 0.194684367844 0.0313210534907 0.00466181368426 0.0180680845661 0.043065597674 0.00644347311734 0.00697542476031 0.0233091096436 0.0104926771074 0.0115691382266 -0.00133059955681 0.0248544517497 0.0224352831708 0.00307426224985 0.00740384114549 0.00515334066047 0.00773191282606 0.0154827845207 0.0121968944349 0.0163830085806 0.0297452638093 0.0229109147818 0.01345012797 0.00503000859144 0.00623180857255 0.00259515253906 0.0123542039593 0.0339670112298 
-0.00610008938489 -0.0313365702371 0.0115088343777 -0.00115392243497 0.00865322679395 0.0202284467722 0.025644094309 0.0120108484501 0.00845307301375 -0.00733980645392 0.0250178706809 0.0170824946789 -0.00521584950887 0.00469108234231 0.0422682530387 -0.0195129325667 0.0474391125066 0.0295563733215 -0.00787380130261 0.00305968950943 0.00459191383514 -0.0501196330201 0.0313210534907 0.338494281212 -0.0053251686177 0.0183217578072 0.0192954781413 0.0246641675931 0.0127492038449 0.0214806172557 -0.00129882199276 0.00319303000094 0.0250739934332 0.0263556795906 0.0222989519778 0.0163949462593 0.00949685342053 0.0163283690861 0.0255106350119 0.0187369232258 0.0310826751267 -0.00846583227467 0.0144709681385 0.021094064971 0.0031665606545 0.00754963436967 0.0283010987267 0.0185277807775 0.00420882867994 0.0257246542477 
-0.00509579183363 -0.00385958529251 0.017842318302 0.0222229116881 0.0240684376845 -0.00831715784524 0.0101362263305 0.0278618881643 0.00923212336078 0.178828756999 0.010269139522 0.0092935358462 0.00689987303535 0.00457672530432 0.00282465995708 -0.0052878935125 0.0021714959888 -0.00137352448129 0.0172378239607 0.185343848624 0.0243412032032 -0.0117350453049 0.00466181368425 -0.0053251686177 0.410008744091 -0.0029397002757 0.000255097906094 0.00917343269911 0.0154959184517 0.0490108617129 0.0150655036235 -0.00528133973712 -0.00355140578042 0.0144781402093 0.0170018121479 -0.00478668196365 0.00803854773574 0.0089243621828 0.00743402347189 0.0223980656185 0.0124469069703 0.00722378046029 -0.0298279939363 0.0290899489847 -0.0097712930347 -0.00213116350316 -0.016887040816 0.00268640069866 0.00396858963597 -0.0311731716844 
-0.0100495011582 -0.0509289483711 0.0227729745346 0.0141849629205 0.023801039265 0.00630038668208 0.0199214546877 0.028867440445 0.0163193134889 0.0282897081636 0.00934420465861 0.0266993611261 -0.00631696394957 0.0135354823785 0.020821169206 0.0149484304187 0.030582974701 -0.00120374275553 0.00293374345102 0.0187683040573 0.00971132317309 -0.0163364001116 0.0180680845661 0.0183217578072 -0.0029397002757 0.262048678766 0.0205430372454 0.039026608129 0.00652127499559 0.0670928975083 0.0270655688827 0.00894264735781 0.0202468188946 0.0150292963912 0.010888855758 0.0394876706108 0.00247103981946 0.0166461149809 0.0106196732394 0.0170738129993 -0.00813466184568 0.0134584709961 0.0416321370189 0.0302428629043 0.0248837380982 0.0107285886343 0.008385835867 0.0169968403913 0.0256244712611 0.0130960191487 
0.020331106731 0.022033782959 0.0184087607785 0.00718959531208 0.0302478780017 -0.00233849142689 0.0325871688233 0.0304819768088 0.0404397777151 0.00562872785115 0.00835128302253 0.0339766807516 0.043328635852 0.0716493208561 0.0394015419911 0.0268127734267 0.0187757330423 0.0116577366729 0.0189433737783 0.0450590030523 -0.00612210425498 0.0178541407189 0.043065597674 0.0192954781413 0.000255097906096 0.0205430372454 0.382628661522 -0.00138963080786 0.00702894231649 0.00258637881811 -0.000417567751476 0.0477382774905 0.0178175609099 0.0206474217557 0.0412782895205 0.0184575793705 0.00027966545811 0.0339639642311 0.0256268117865 -0.00038693142075 0.000838319118252 -0.00933797451602 0.0715935600511 0.0113485927194 0.0128672855639 0.0407887602647 0.0253101183693 0.0216431431601 0.0301725380161 0.0922781873102 
0.0138294847887 0.0349410721714 -0.00530010744601 0.014427875766 0.00932606361596 -9.35209949015e-06 0.016731127285 0.010668413431 0.032664789012 -0.0145107038791 -0.0113196834717 0.00835107825028 0.019911262997 0.0188403806679 0.010206794256 -0.000478056734293 0.00182624768159 0.0159787285531 0.0167145894347 -0.00407706220884 0.0187296616211 0.00469025264183 0.00644347311735 0.0246641675931 0.00917343269911 0.039026608129 -0.00138963080786 0.242507334876 -0.0150270077621 0.0190541462706 0.00711215133384 0.0108343965068 0.0502612824545 0.0101057740442 0.0158430677958 0.00672817792666 0.0184942362688 0.00419528488964 0.00853490962138 0.00903831483078 -0.0147040890003 0.00130407625292 0.00631813214473 -0.000563063306966 0.00674548553626 0.00448154757621 0.000476042094493 0.0172662127714 0.0287990889633 0.0258848381557 
0.0288541109033 0.0172001270786 0.000612246323843 -0.00517509265257 -0.000851017277524 0.00685878537022 0.00139653124095 -0.0211795358377 0.015355908136 0.000929833637062 0.00542335598847 0.0157345236875 -0.000933468498749 0.0283389026886 0.0363680563321 0.0188473298373 0.0196096433268 0.0224690315198 -0.000311645541535 0.0253422433374 0.016763625506 -0.0175511800869 0.00697542476032 0.0127492038449 0.0154959184517 0.00652127499559 0.00702894231649 -0.0150270077621 0.363708890001 0.00786065269489 -0.00139252990612 0.00550174042458 0.0111332271013 0.0432945001038 0.00349548453167 0.0274213251979 0.00970614786072 0.00393845177183 -0.0210014572175 0.0139552816973 -0.00185028957909 0.0206490230586 0.0343586947162 0.0130265187562 0.0350907659353 -0.0133804506526 0.0475396216438 0.0192164360074 0.0105101367322 0.00461276848878 
0.0207991998371 -0.0771499613135 0.0153535416033 0.0293657006181 0.036309498087 0.0137314436788 0.0233455017809 0.0240165783849 0.0235884703864 0.031995676723 0.0589749842003 0.0315399864135 0.0243814413663 0.0522554293256 0.0670397810427 0.00701703486908 0.0145409110353 0.0175437220204 0.0172699664103 0.0242058502485 0.0346350838164 -0.0100183898462 0.0233091096436 0.0214806172557 0.0490108617129 0.0670928975083 0.00258637881811 0.0190541462706 0.00786065269489 0.492150113419 0.059602339009 0.0246655251633 0.0286155691488 0.0179071168164 -0.0135166445183 0.0252411940944 0.0224704667331 0.0184546859467 -0.0112828337235 0.0136084285868 0.0232346262868 0.0112183453842 0.0114383033954 0.0530861244852 0.0269569632682 0.0691713588437 0.0285718265844 0.00924382049994 0.0366638734505 -0.00119626603642 
-0.00130589589783 -0.0166624152705 0.0391325805966 0.0251407452927 0.00338304352431 -0.00680940428075 0.00175657066941 0.0125881227677 0.011258257328 0.00361282390023 0.0137029518538 0.0135180801199 0.00692071879273 -0.00657088037325 0.0394484386994 -0.0155421889773 -0.00403787894506 -0.00283228493886 0.0121619464277 0.00512933018271 0.0374391159014 0.0893477855166 0.0104926771074 -0.00129882199276 0.0150655036235 0.0270655688827 -0.000417567751478 0.00711215133384 -0.00139252990612 0.059602339009 0.351493232422 0.00720152603825 0.0221301936694 0.0193903698328 0.0287677557144 0.0108171577563 0.0159441780608 0.0222877352428 0.0287221819742 0.0282879148441 0.0233406122119 0.0159748672051 0.0180004255212 0.0308921449987 0.0049512201278 0.0424350988885 0.0223503400186 0.00397501049782 0.0171637512767 0.02294269668 
0.0194051327724 0.0344432326066 0.0157107196461 0.0487182100969 0.0203230249068 0.0030672117634 0.00721696660613 0.00821498411444 0.0230579700765 -0.0105123019618 -0.00495325424005 0.0266709422167 -0.00288319636445 0.00703806019164 0.0053528635729 0.0193961540489 0.0230492545078 0.00447738448861 0.00711043030887 0.0192302361943 0.0169697175559 0.000651146569938 0.0115691382266 0.00319303000094 -0.00528133973712 0.00894264735781 0.0477382774905 0.0108343965068 0.00550174042458 0.0246655251633 0.00720152603825 0.211686862312 0.0119208008694 0.0241623794037 0.0216970100982 0.0170596676804 0.00564091168647 0.0262316482907 0.0197270369406 -0.00185691623042 0.012589284079 0.0249085179052 0.0207873191911 0.00451047845804 0.00039001138499 0.0202441541212 0.00763748929771 0.050484491425 0.00467408826821 0.026204541302 
0.0247843793517 0.0331477182195 -0.000291763427478 0.0117313959977 -0.000598628898852 -0.00292390731863 0.0203162771431 0.0144598819488 0.0406661189632 0.00398247232933 0.00217885606627 0.0210816987721 0.0158889430528 -0.00398422114566 0.0176814424841 0.00345129110817 0.0175117521509 0.00753061391678 0.00391377027478 0.0023710258544 -0.0137802975112 -0.00670055401686 -0.00133059955682 0.0250739934332 -0.00355140578042 0.0202468188946 0.0178175609099 0.0502612824545 0.0111332271013 0.0286155691488 0.0221301936694 0.0119208008694 0.171281316641 0.0200735851219 0.0166349744211 0.0106184642884 0.0103771143218 0.029833011141 0.0140920842835 0.00549175792249 -0.00169922999986 0.0196424316593 0.00571617385713 0.0366296553114 0.033690405953 -0.00552217309877 0.00334472368629 0.00879114071994 0.0302108294074 0.0204167108844 
0.013044963344 0.0568235998649 0.00197879932394 0.0261438833183 0.0508347432593 0.0331469709412 0.0225876975782 0.0286032777715 0.0119414091163 -0.006182608676 -0.00855969955369 0.0220699090072 0.00684664838629 0.0202628027133 0.0300409984605 0.0333658508116 0.0153349505408 0.0249398366478 0.0155519738178 -0.0160503809138 0.00620830821807 0.0210602263064 0.0248544517497 0.0263556795906 0.0144781402093 0.0150292963912 0.0206474217557 0.0101057740442 0.0432945001038 0.0179071168164 0.0193903698329 0.0241623794037 0.0200735851219 0.176144152571 0.0294744643312 0.00260125448298 0.0242186230131 0.0254815711529 0.0180890630448 0.0181404902711 0.00130742417718 0.000698112556568 0.0356038996071 0.0148637412005 0.0257685053951 0.0103633118265 0.00873869425589 0.0251134709126 0.0386095849014 0.0500039009156 
0.0122236764539 0.0460706828834 0.0024215918532 0.0241777875759 0.0237055849738 0.0144772595998 0.00911918298258 -0.000460366545025 0.0326025187708 -0.0115655913319 0.00142466640155 0.0211925776061 -0.00109511131601 0.0161574389343 0.0266002349508 0.043810104145 0.0190321176513 0.00181751353074 0.0196784491759 0.0305336259181 0.0312410889578 0.0340006945662 0.0224352831708 0.0222989519778 0.0170018121479 0.010888855758 0.0412782895205 0.0158430677958 0.00349548453167 -0.0135166445183 0.0287677557144 0.0216970100982 0.016634974421 0.0294744643312 0.166018685109 0.0131918141795 0.0185890552005 0.0115172754741 0.0170008781505 0.0181818959872 0.0210247583574 0.00352178216399 0.0204214742376 0.0143032518745 0.0136448161594 0.036584489245 0.00804351736471 0.0307710918617 0.0206218722295 0.0454603430223 
0.00417150233284 0.05633160286 0.00411497697518 0.00377263029139 0.0106121293075 0.0151392430893 0.0129046773096 -0.0154911073222 0.0319050894448 0.0614811385508 -0.00445351717979 0.00254477376366 -0.00759602819749 0.00759335141531 0.00111364621446 -0.0110624223434 0.0238448427274 0.0120951144745 0.0131859104418 0.0070389784148 0.0237232310004 -0.00480739982237 0.00307426224984 0.0163949462593 -0.00478668196365 0.0394876706108 0.0184575793705 0.00672817792666 0.0274213251979 0.0252411940944 0.0108171577563 0.0170596676804 0.0106184642884 0.00260125448298 0.0131918141795 0.223918921333 0.0202100569939 -6.98496520796e-05 0.0254881301652 0.0129694631845 0.00267599793357 -0.00285614801878 0.0245546134364 0.00983061385398 -0.00682547169384 0.00576273741497 0.0375941572182 0.0193035431039 0.0163007547459 0.00915445108099 
0.000172420402033 0.0842906202143 0.00164111522696 0.0158047322711 0.0293511644965 0.00545043990198 -0.0105591985748 -0.00760336292174 0.00158455754611 0.00984851208492 0.0117888383907 0.0232361354144 -0.00604925283515 0.0175477463976 -0.000438183067933 0.0176444547737 0.013023902513 0.0147527612104 0.00130149652684 0.00933127974873 0.0183233921289 0.0378233335445 0.0074038411455 0.00949685342053 0.00803854773574 0.00247103981946 0.000279665458108 0.0184942362688 0.00970614786071 0.0224704667331 0.0159441780608 0.00564091168647 0.0103771143218 0.024218623013 0.0185890552005 0.0202100569939 0.177670351788 0.0242047493194 0.00946450313883 0.0127827040507 0.0057582838958 0.00405142285527 0.0142620165305 0.0109966482543 0.0180523223601 0.0192496277536 -0.000896403462727 0.0179542970479 0.0273234543461 0.0286199850092 
0.0111754040235 0.0307985478324 0.00926658839718 0.0329110574875 0.013636703359 0.00625490605225 -0.00079582147956 0.0125919723371 0.0208242684461 0.00115761641594 0.022630440886 0.049145558659 0.0148530053786 0.00331388234958 0.0180064997463 0.00436626248189 -0.00992429601694 0.0114683607105 0.0103266420848 0.0326394022935 0.00852012252478 0.00986025349901 0.00515334066047 0.0163283690861 0.0089243621828 0.0166461149809 0.0339639642311 0.00419528488964 0.00393845177183 0.0184546859467 0.0222877352428 0.0262316482907 0.029833011141 0.0254815711529 0.0115172754741 -6.98496520796e-05 0.0242047493194 0.181030293766 0.00492578264517 0.00334292439582 0.0135403710656 0.0309744156469 -0.00399930042877 0.0110789539052 0.00890314333109 0.0118569271887 0.00699475169452 0.0273955752694 0.0257646971102 0.0226738877488 
-0.00450775551953 -0.0321049460822 0.00797397429274 0.00826909737312 -0.00456426880835 0.0213270425124 0.00943739248878 0.0303961085295 0.0169576468626 0.00753002841453 0.021053851984 0.017003431622 -0.00202750561208 0.00370199224919 0.0718979289258 0.0376067621536 -0.00545401107547 0.0151257465259 0.000636067453206 0.0178531305629 0.0135243368309 0.0417061690839 0.00773191282606 0.0255106350119 0.00743402347189 0.0106196732394 0.0256268117865 0.00853490962138 -0.0210014572175 -0.0112828337235 0.0287221819742 0.0197270369406 0.0140920842835 0.0180890630448 0.0170008781505 0.0254881301652 0.00946450313883 0.00492578264517 0.735645131252 0.015549851154 -0.000638299991022 0.00622792139038 0.021742782946 0.00925692307483 0.0288636103941 0.0432678128158 0.0339988140242 0.0165078421673 0.0197627442985 -0.00260946756132 
-0.00816884389261 -0.0123336570576 -0.00232280712002 0.0370766282832 0.00544076601087 -0.003615758734 0.000459124543332 0.0151130791114 0.0209321156984 0.0443961012188 7.48348698048e-05 0.0151233185007 0.0149892554451 9.78897101725e-05 0.0216294410192 0.0299058880653 0.00296115753348 0.00569966535333 0.00855044598536 -0.0202913945177 0.0032715659081 -0.00371924106534 0.0154827845207 0.0187369232258 0.0223980656185 0.0170738129993 -0.000386931420749 0.00903831483078 0.0139552816973 0.0136084285868 0.0282879148441 -0.00185691623042 0.00549175792249 0.0181404902711 0.0181818959872 0.0129694631845 0.0127827040507 0.00334292439582 0.015549851154 0.222124550621 0.00411401598977 0.0127067613322 -0.00811486965677 0.0114032800939 0.0126815723469 -0.00144212410944 -0.0144244632764 0.0107467696121 -0.00165698682322 0.00100089191937 
0.0133357651392 -0.0127312737434 0.0335440618227 0.00951690349221 0.0142808462833 0.0301067691042 0.0225870340271 0.0238265210271 0.0561683804329 0.0262294588373 0.0218375348275 0.0334753009661 0.0265987449697 0.00320059604293 0.00424348250095 0.051051516796 0.0267509122324 0.000387289006905 -0.00335449345448 0.0292998149613 0.0160707973646 0.00393000437527 0.0121968944349 0.0310826751267 0.0124469069703 -0.00813466184568 0.000838319118253 -0.0147040890003 -0.00185028957909 0.0232346262868 0.0233406122119 0.012589284079 -0.00169922999987 0.00130742417718 0.0210247583574 0.00267599793357 0.00575828389581 0.0135403710656 -0.000638299991022 0.00411401598976 0.259367209346 0.0212572757311 0.0380012707662 0.00864648718707 -0.00779136710564 0.0190717823262 0.0152723211263 0.0161690322409 0.0144642095678 0.0213532658256 
0.0127288829511 0.00337256627559 0.00606121594603 0.0291107848182 0.0012175498813 0.00874965285436 0.0124159665615 -0.0158620068723 0.0133214453723 0.0371000279505 -0.0109532658236 0.0243785998291 -0.00910637442632 -0.0187733553137 0.0168328465954 0.0329396321719 0.0219117783115 -0.0125235836627 0.0072120334308 0.0144733475172 0.0164273101847 -0.00138609151042 0.0163830085806 -0.00846583227467 0.00722378046028 0.0134584709961 -0.00933797451602 0.00130407625293 0.0206490230586 0.0112183453842 0.0159748672051 0.0249085179052 0.0196424316593 0.000698112556571 0.003521782164 -0.00285614801878 0.00405142285526 0.0309744156469 0.00622792139038 0.0127067613322 0.0212572757311 0.186456491106 -0.00510129448607 0.00312395653067 0.0214061608778 0.00494862108005 -0.0186657730666 0.0126408978199 0.00466434903043 0.0127129575315 
-0.00456105375149 -0.00777746922547 0.0322654363238 -0.0247003429541 0.000542741929298 0.0329505677603 0.0262724385396 0.0197237428492 0.0184188508501 -0.00417156949117 0.00864448392942 0.00887827263186 0.0387865754437 0.0724445677452 0.0343266394523 0.00990369444165 0.0352738759988 -0.0110881909474 0.0193275518278 -0.00387918188688 0.0234481319939 0.012611422449 0.0297452638093 0.0144709681385 -0.0298279939363 0.0416321370189 0.0715935600511 0.00631813214473 0.0343586947162 0.0114383033954 0.0180004255212 0.0207873191911 0.00571617385713 0.0356038996071 0.0204214742376 0.0245546134364 0.0142620165305 -0.00399930042877 0.021742782946 -0.00811486965676 0.0380012707662 -0.00510129448606 0.378400774985 -0.0129954015519 0.00913038140076 0.0126194933847 0.0168173279273 0.0101700251018 0.028308824654 0.0466729514243 
0.000727806595745 0.00689072343445 0.00984325486498 0.011369634725 0.0144228093599 -0.00356732387962 0.0239042327827 0.0354076960906 0.0245916299915 0.0117334227381 0.0112739598891 0.0141083969917 0.0022845500727 -0.0174447595951 0.0135454731994 0.0281979194794 0.0103810226365 0.0201838367004 0.0131951075263 0.0268254382848 0.0141487236614 0.00855101091569 0.0229109147818 0.021094064971 0.0290899489847 0.0302428629043 0.0113485927194 -0.000563063306967 0.0130265187562 0.0530861244852 0.0308921449987 0.00451047845803 0.0366296553114 0.0148637412005 0.0143032518745 0.00983061385398 0.0109966482543 0.0110789539052 0.00925692307483 0.0114032800939 0.00864648718707 0.00312395653067 -0.0129954015519 0.233839075053 0.00924072947527 0.0167452455877 0.0173760710611 0.018322125057 0.0312986826952 0.0319379030846 
0.0124796232068 -0.00617333518357 0.0151682974152 0.0248890239537 0.0193402975443 -0.0158770440612 -0.00702955527626 0.0444813741927 0.0244040835767 -0.0246140451006 0.0172180852026 0.0196012486166 -0.000123453664497 0.0129201477218 0.0194172233568 0.0163771585464 0.00306620313091 0.0043673575617 0.021203373729 0.0109777295078 0.00488238160907 -0.0114709026835 0.0134501279699 0.0031665606545 -0.0097712930347 0.0248837380982 0.0128672855639 0.00674548553626 0.0350907659353 0.0269569632682 0.0049512201278 0.000390011384991 0.033690405953 0.0257685053951 0.0136448161594 -0.00682547169384 0.0180523223601 0.00890314333109 0.0288636103941 0.0126815723469 -0.00779136710564 0.0214061608778 0.00913038140076 0.00924072947527 0.224093189315 0.0272471106723 0.0245784295532 0.020435665347 0.0445179987337 -0.00144403442659 
0.00339925901277 -0.00883477760429 0.0166322493926 0.0270006823833 -0.0125032750011 0.00576256065068 -0.0101602511955 0.0230843536585 0.0320493285041 -0.00975435341009 0.00299800570368 0.0289972294814 0.0283216966043 0.0447051252503 0.0684773666703 0.0348113051878 0.0151541444734 0.036540878153 0.0279135180486 -0.0156553910899 0.030407836012 0.0274156874284 0.00503000859144 0.00754963436967 -0.00213116350316 0.0107285886343 0.0407887602647 0.00448154757621 -0.0133804506526 0.0691713588437 0.0424350988886 0.0202441541212 -0.00552217309877 0.0103633118265 0.036584489245 0.00576273741497 0.0192496277536 0.0118569271887 0.0432678128158 -0.00144212410944 0.0190717823262 0.00494862108005 0.0126194933847 0.0167452455877 0.0272471106723 0.309067880812 0.0110579616367 0.0213160246098 -0.00308129795976 0.0380059304722 
0.0227979659963 0.0457820188008 0.0129850621854 0.016168324668 0.0260867172362 0.0143199374266 -0.000831849782862 -0.0231064046277 0.0228701564959 0.023658036888 0.00408482091698 0.0131285429014 -0.000378958665737 0.0136590209597 0.00864828014995 0.0323360655769 0.0385975548775 0.00423274382254 0.0125156417079 0.00777943636138 0.0487243964296 0.00910253524969 0.00623180857255 0.0283010987267 -0.016887040816 0.008385835867 0.0253101183693 0.000476042094493 0.0475396216438 0.0285718265844 0.0223503400186 0.00763748929771 0.0033447236863 0.00873869425589 0.00804351736471 0.0375941572182 -0.000896403462731 0.00699475169452 0.0339988140242 -0.0144244632764 0.0152723211263 -0.0186657730666 0.0168173279273 0.0173760710611 0.0245784295532 0.0110579616367 0.258273006876 0.03137470352 0.0370903265592 0.0339235239672 
