60
-0.00953493093171 0.0408960175479 0.0214629747746 0.0766259396051 0.0202129727645 -0.0108233812146 0.0493934577213 0.0773544805674 0.119808933935 0.0368602928082 0.259768981863 0.142251168296 0.0826231173305 0.0300764430792 0.275152850517 0.0436793340255 0.185813705736 0.0146033592013 0.100886603299 0.09797045465 0.0905831054983 0.204332601919 0.0590120409917 0.0697795953642 0.0771685990004 0.0585004976968 0.123331646141 0.0896854693356 0.187838769987 0.11775000089 0.0121413644826 -0.00168409401267 0.0464034886179 0.0637259516476 0.170228010564 0.0714432896303 0.0136100125143 0.12825177486 0.0798623823862 0.0414486045552 0.0499403633474 0.151477321577 0.0695206157777 0.00238062118955 0.0901624306535 0.28152338764 0.025637758891 0.0385950792128 0.357744060202 0.161692830297 0.0135435889675 0.0392369654355 0.13534553156 0.0571686925308 0.0206658862902 0.1366928931 0.134360436546 0.00851722536111 -0.0290439391383 0.176756138136 
0.205476873526 -0.000153285684041 0.0125718369421 0.0265167734401 0.0167401507857 -0.00871603712862 0.0262924045874 0.0218033399621 0.007544646018 -5.23020613318e-05 -0.0131651396509 0.0226713411739 0.0149277468941 0.011186470345 -0.000161893283846 0.0188555641363 0.02730143406 0.00936855102877 0.0092273040111 -0.0100412967835 0.00307341063762 0.00308210389243 0.00204078876605 -0.0102268930917 0.0193974092809 0.00781166757454 0.00557076223327 0.0312282879975 -0.00668703228019 0.0163516754937 0.00267473556646 0.00647133942194 0.0226544397341 0.0119543797603 0.00953586169875 0.0360835352018 0.00395105154097 0.0067143562367 -0.00460953000289 -0.00160249039728 0.000146861126143 -0.00445920526687 0.0189355895416 0.00106106795897 -0.000247533905522 0.00537319334855 0.0248968115264 -0.000348960944527 0.0328361595808 -0.00881225223445 0.0540496935635 0.0262161660958 -0.00503394514055 0.0269653825846 -0.00539463514978 0.0080312291786 0.0534226147805 0.00137358803914 0.000888394239751 -0.0118247748112 
-0.000153285684044 0.175458584242 0.0233574940427 0.0366352267206 0.0170612042321 0.0115631794809 0.00926610076527 0.0429113960122 0.00586926900875 0.0146062272472 0.0218249022635 0.000459370793858 0.0146090212618 -0.00466313464802 0.0212467235621 0.0146741022015 0.0639786343017 -0.00499266089739 -0.0153803115676 0.0224812640513 0.00620324943874 0.00989258511577 -0.00132262051192 0.000638850964712 0.00991848453035 0.0213141969557 0.047618984247 0.0194528041606 0.0156422587201 0.011643728699 -0.00285649030103 0.00810941110278 0.000958935782385 0.000863647506396 -0.00594297192135 -0.00917604146704 0.0110902414448 -0.00990231392357 0.00723948656663 0.0192296707776 0.00814422334929 0.0180566172621 0.00866800810855 0.0144640662964 0.0161681979745 0.00268162166863 0.0198170752137 0.0359261477235 0.0776409656263 0.00510580720173 0.00619176614499 0.00926079011177 0.00951639821405 0.0114949149112 0.0134808459628 0.0237092476948 -0.00169625195357 0.00742633439044 0.00877252910462 -0.058109512341 
0.0125718369421 0.0233574940427 0.143977363955 0.010383308894 0.0183797001437 0.0208952634328 0.00299951935089 0.00701430091329 -0.0136416304177 0.00748149972277 -0.00625465104455 0.00253348482932 -0.00267473975009 0.00355962204992 0.0106216938803 0.0258791139839 0.0133221798359 -0.00100360947119 0.00159470612952 -0.0178015030283 -0.00530719732549 -0.01023271331 0.0127174079482 0.0439979313046 0.0163948432848 0.019642428421 -0.00223731776413 0.00881235708679 0.0251327551473 0.0354543216359 0.00993987871664 0.0118309418108 0.0039026007886 0.00404086239284 0.00824620492709 -9.95177472938e-05 0.0106270162898 0.020191191954 0.0298680179305 0.013752727179 0.0320298992661 0.0179433396503 0.0401350954347 0.0294228101673 0.00721325309336 0.015027148824 0.00887914109874 0.008873352078 0.0203210594784 0.0288286505954 0.0240899545038 0.015062196786 0.0103965405963 -0.00577927131645 0.0226738992927 -0.00357265491451 0.0211462591122 0.000277146560886 -0.00391511751382 0.00585808029596 
0.0265167734401 0.0366352267206 0.010383308894 0.242196558509 0.0188586048794 0.0141287076925 0.00967551793764 0.0341290776504 -0.00259004056162 0.00682805717003 -0.00914075650271 0.00922026944523 0.0115578313318 0.0203652288899 -0.00653814685349 0.00990870456835 0.0459783340977 -0.00719186056608 0.020772717692 0.012121176391 0.00371144602387 -0.00153672014005 0.0153469613805 0.0211916584846 0.00361532027659 -0.00203061889069 0.0437292484019 0.0186524140862 0.00815445969392 0.0274692604963 0.0150029713551 0.00810912286642 0.0126423681408 0.0157484125956 0.0102152664225 -0.0101287754552 0.022359863499 0.0140904587768 0.00960802074905 0.0234861108869 0.0138590615056 0.00117234445036 -0.00169388175671 -0.000323945898112 0.0506144699697 -0.0108367399409 0.0370325762797 0.0363136046244 -0.00730553526312 0.0332514344949 0.0065376157949 0.0447872767254 0.0452881905553 0.0357089776748 0.0179319201004 -0.018159599642 0.00527059917895 0.0281839097014 -0.00624979284353 0.00207046151739 
0.0167401507857 0.0170612042321 0.0183797001437 0.0188586048794 0.185444995123 0.00714896095212 0.0222489596391 0.0374260846835 -0.00759555961293 0.0104346279775 0.0520055776172 0.027345929224 0.0254199309242 0.0162427400546 -0.00781292018164 0.00443821820828 0.0503368100461 0.0144782087894 -0.00689018411727 0.000823747295858 0.00632818510213 0.00305358237171 0.00585781617647 0.0318048400987 0.0219015360485 0.0185553014236 0.0184977436617 0.0346956642207 0.00875125950857 0.0279944064644 0.00992593663218 0.0120158207382 0.00853151926302 0.0191711497612 0.0202604526954 0.0263741802749 0.00432416455466 0.00474452733455 0.00764448735495 0.0230657851083 0.0168720193304 0.0316869956153 0.0185345927653 0.00513098286863 0.0153742377967 -0.0165727750076 0.0395073533406 0.0135166013134 0.0414938082495 0.00326538027845 0.00894116593938 0.0175852169098 0.0409985670922 0.038430666331 0.0264315451295 0.00646833438604 0.0168866875618 0.0167460447776 0.0147500981137 -0.0225265679791 
-0.00871603712862 0.0115631794809 0.0208952634328 0.0141287076925 0.00714896095212 0.185916975585 0.00628843781447 0.00610952069721 0.00707675635656 0.00323482381446 0.00145715240557 0.00295235155439 0.023845079879 0.00965230763241 0.0130609314853 0.0495113726391 0.0242234655991 0.00755877859606 0.0154236451877 0.0122075068512 0.00764471793814 -0.00900904885707 0.0268854608411 0.0678311319171 0.0238376384748 0.0107955243953 0.00271710488553 -0.00382683588673 0.050391927757 0.0335420172127 0.00987488914986 0.0123441285104 -0.0113251508783 0.0162344161315 0.00980112611134 -0.0132287150729 0.00517888931946 0.0230304337868 0.029293003212 0.016691255948 0.0329125324853 0.0198047392283 0.0218752646248 0.0404198226081 -0.00644360626116 -0.00841313643321 0.0175882728786 0.0220951915444 -0.0299978638727 0.0409701902885 0.0214672617773 0.0235423134944 0.0176542063814 0.010621858409 0.014641280457 0.0190161368478 0.0332753375757 0.0300586860866 -0.00131858608863 0.0165074420255 
0.0262924045874 0.00926610076527 0.00299951935089 0.00967551793764 0.0222489596391 0.00628843781447 0.151929670413 0.0136229554686 0.0112343040562 0.00220026841327 0.0315104757306 0.0280677183276 0.00345451198434 -0.00471217957445 0.00240204374716 0.0262117577068 0.00930544296481 0.00812741413034 -0.017872452651 0.00836989203112 0.0253578720326 -0.0199198076557 0.0109419376488 0.014681734616 0.018875983446 0.00722743970513 0.022116129958 0.0287105558098 -0.00171418844845 0.00472743762765 -0.00428886531782 0.0145703167469 0.00755826543006 0.00632498261687 0.0338810293443 0.00216082316306 -0.00565652463123 0.00318605438921 0.00953347788953 0.00905125709094 0.0242280875854 0.0123748212739 0.000997360097983 0.0054592763002 -0.00102264242304 0.0228473407248 0.0152711617773 0.0325169392167 -0.0019140831533 0.0175744432049 0.00680954206507 0.0278750738786 0.0252429574474 0.0201185643578 0.0161019427393 0.0172842799162 0.0242147464276 0.0160316245923 -0.00518907806926 0.0245779177838 
0.0218033399621 0.0429113960122 0.00701430091329 0.0341290776504 0.0374260846835 0.00610952069721 0.0136229554686 0.265967577487 0.0127135520816 0.0135719577602 -0.0048075501749 0.0370605578054 0.0250933866891 0.0205085429785 -0.017493794621 0.0197506348548 0.0674159404207 -0.00517751516506 0.00540500412037 0.0195614310298 0.0253998245196 -0.00326030650166 0.0112150291367 -0.00438793768446 0.0360662971683 0.0578966392349 0.0529138023278 0.042648455401 -0.0217124642675 0.026477721999 0.0125844806871 0.0101212122375 0.0018763000779 0.0264574685247 0.015539685759 0.00926330857701 0.0180571546929 -0.00719994678501 0.00605915801241 0.0410458826801 0.00399242183658 0.0138772343089 -0.00564177568939 0.00651975321821 0.0579622766036 -0.0138826742521 0.00737428101624 0.0297199624853 0.0289417241176 0.00062965482642 0.0082415132385 0.0311051160767 0.0186503158785 0.0142587283226 0.0308368419963 0.012628355859 -0.0199634778523 0.0102153123002 0.041100389702 0.0173621415182 
0.007544646018 0.00586926900875 -0.0136416304177 -0.00259004056162 -0.00759555961292 0.00707675635656 0.0112343040562 0.0127135520816 0.629173360726 0.0355788204017 0.0423258826886 -0.00557996510632 -0.003201166421 -0.0175068990836 -0.0206287924648 0.0125553908663 -0.0326494363715 -0.00547030916839 0.0347911346933 -0.037058709208 0.00503800818919 0.0472171217561 0.0204667934788 0.0250897345169 0.0105873544327 0.0197045382483 0.0132885143984 -0.00839476611219 0.0053924248144 -0.0152612463988 -0.0156869288647 -0.00238795817821 0.014353984314 -0.00979610386413 0.0209835994114 0.0215806550653 0.0160972553418 0.00940584812306 0.0112552872048 0.0105250899532 0.0132126713987 0.0235533611827 0.013728548112 0.0155220617493 -0.0323524753453 -0.0345557259475 -0.0217652322107 -0.00499615151948 0.0819319667255 -0.0212774970617 -0.00653303598289 -0.00520948674933 -0.00451795904496 -0.0146577750149 0.012750012975 0.0302432805925 0.0548539458947 0.00582776884526 0.0073756783428 -0.0267522871996 
-5.2302061332e-05 0.0146062272472 0.00748149972277 0.00682805717003 0.0104346279775 0.00323482381446 0.00220026841327 0.0135719577602 0.0355788204017 0.32460487895 0.0126274543184 0.0118253701456 0.00576734699421 -0.000375548622156 -0.0199102938434 0.0225306420946 0.015704630492 0.0117963242313 -0.00630595588276 -0.0012703386464 -0.0192107437859 -0.00194721206942 -0.00722825862003 0.0127493167987 0.00439639445164 0.0249954824509 0.00124477396377 0.0138409178936 -0.0108965086169 -0.00475894760101 0.000190258624219 0.00908275168667 0.00419987010873 -0.012143794737 0.0368728491612 -0.00106945321916 0.00626077528681 -0.0163112801389 -0.000706165369567 0.0143376411996 -0.00816629253469 -0.0131900244671 -0.00382052636671 -0.00614736103665 0.021279547087 -0.0153998915654 -0.00136214356934 0.01342559096 0.035218381062 0.0204875516971 -0.00778899424887 0.000123870502564 0.000249429056622 0.00950323284514 0.0129302892139 -0.0137374366993 0.0121331439386 0.0192355270144 0.0276084634228 -0.00105692718296 
-0.0131651396509 0.0218249022635 -0.00625465104455 -0.00914075650271 0.0520055776172 0.00145715240557 0.0315104757306 -0.0048075501749 0.0423258826886 0.0126274543184 0.551659192523 0.0282723885582 0.0515262890098 0.00943896414517 0.0363998580706 -0.00410513797086 0.00315511502665 -0.00483365606562 -0.00790529158323 0.0672845608773 0.010617965198 0.0563516473139 0.0156869429357 -0.00815691426095 0.0380216498237 -0.0170673634478 0.0300048749272 0.00843417849061 0.0674491243001 -0.0234913405923 0.0150183144502 0.0238475968661 -0.00404517269186 0.0338488648736 0.0609214275554 0.00171920917178 0.0187515181381 0.0282754890324 0.0396391388416 0.04593419797 0.00997543804504 0.124200313036 0.0078484821322 0.0166207675488 0.0770091540107 -0.024129385235 0.0672958452007 0.0300553612892 0.142698713187 0.00825903736393 0.0304380949877 0.0275896449586 0.013093523584 0.017957062426 0.0135409771293 0.11155661512 0.0388973145569 0.0113931185952 0.0230381509413 0.0188128086011 
0.0226713411739 0.000459370793858 0.00253348482932 0.00922026944523 0.027345929224 0.00295235155439 0.0280677183276 0.0370605578054 -0.00557996510632 0.0118253701456 0.0282723885582 0.734881437742 0.00379008534603 0.0271506480722 0.00329639035569 -0.00531647422788 0.0444398071158 0.0139988152486 0.0165008128425 0.000380283995252 0.00866846071089 0.0196668652683 0.00902871471435 0.0253246702349 0.0464941272228 0.0175156604283 0.0183683138343 0.00296853216288 -0.0329414865045 0.0731322993779 -0.0076884581883 0.012161724936 0.0137598112439 0.00348679683224 0.00390291958737 -0.00279647286797 0.0632186581483 -0.0106157615186 -0.0240367033586 -0.000181045419224 -0.00104637964046 0.00573922585131 0.00492795264156 0.0200823536674 0.00989561676944 -0.0236345760143 -0.0143260757563 0.0107824283572 0.0122005709657 0.320273752353 0.0128388189507 0.0164876583218 0.002846707896 0.0258175678292 0.00470906973198 -0.00772659755606 -0.00787174082181 0.00593250262391 0.0156663825955 0.0049666481248 
0.0149277468941 0.0146090212618 -0.00267473975009 0.0115578313318 0.0254199309242 0.023845079879 0.00345451198434 0.0250933866891 -0.003201166421 0.0057673469942 0.0515262890098 0.00379008534603 0.181694776451 0.0263141468526 0.00763611307614 -0.0197378974989 0.0531757303571 0.00707522890758 -0.00316279340779 -0.005873400736 0.0110205668105 0.010810740562 0.00437038238055 0.00560895992503 0.0127697644988 0.00718474155977 0.0386441012078 0.002338273023 0.0227218937152 0.0332854131425 0.0170668068597 0.0163666406474 0.00851757397467 0.0158862787364 0.00103327549442 0.020455092112 0.00150058894462 0.00439827529743 -0.00358570373135 0.0153678667397 0.0116149232237 -0.0123540754895 0.00969017724759 0.00889011883119 0.0376146275946 -0.0110964418359 0.0226169557839 0.00781402452966 -0.0274787105368 -0.0124692532093 0.00337181490287 0.00439266743084 0.00243171232858 0.0144177084031 0.0166744330293 0.0214689488599 0.0363231205789 0.0130682661522 0.00825697456591 0.00541009938817 
0.011186470345 -0.00466313464802 0.00355962204992 0.0203652288899 0.0162427400546 0.00965230763241 -0.00471217957445 0.0205085429785 -0.0175068990836 -0.000375548622157 0.00943896414517 0.0271506480722 0.0263141468526 0.36256961786 -0.013528001328 -0.00379841577481 0.0326031454945 0.00627608977538 0.00668069375249 0.0148440756052 0.00443511483757 -0.0123690019238 -0.00495855476009 0.00104087219363 0.0246809525764 0.00582611432545 -0.00935224714556 0.0100486200637 0.0290335012608 0.028698771677 0.018715839748 0.0207817021124 0.00496997252599 0.00499571555537 0.00908966371647 -0.000693994023038 0.0220410976834 -0.0119313196208 -0.00776288589108 -0.00229300833926 -0.00880863175911 0.0143918185223 0.0357720501162 0.0107204243209 0.0195580307336 -0.00543544333152 0.0383259111204 -0.000338547578736 -0.00673107311155 -0.00515016303192 -0.00727291949774 0.0223075557474 0.0211012039253 0.0197599760044 0.0312823424482 0.0259380248499 0.00779455490312 0.00956012729536 0.0255727644598 0.06661816956 
-0.000161893283846 0.0212467235621 0.0106216938803 -0.00653814685348 -0.00781292018164 0.0130609314853 0.00240204374716 -0.017493794621 -0.0206287924648 -0.0199102938434 0.0363998580706 0.00329639035569 0.00763611307614 -0.013528001328 2.47599302618 -0.00978583348839 -0.0353246694777 0.0321922914788 -0.0224910231111 -0.000392690847519 0.0155261420946 1.11651031354 0.0103489775581 0.0104898864627 -0.0104592376296 -0.0596050346759 -0.0320932631381 0.0236538266649 0.0337792887811 -0.0256665534677 -0.019444198378 0.000661280170482 -0.0136820260743 -0.00574599317904 -0.0341238687055 -0.0185627693399 0.00241742027175 0.0109619722602 0.0528544912007 0.00415472549291 0.000945663473055 -0.0041186244956 -0.0129368361068 -0.0113698006901 0.0468750108916 -0.0259567528009 -0.0187741924129 0.0142595230913 -0.018222457608 -0.00937615758189 -0.000762687763194 -0.0109703089316 -0.0109629841411 0.00453146145706 0.0188342539751 0.00480511105547 -0.0294233267671 0.0306587708941 -0.0325533311354 -0.0151012789041 
0.0188555641363 0.0146741022015 0.0258791139839 0.00990870456835 0.00443821820828 0.0495113726391 0.0262117577068 0.0197506348548 0.0125553908663 0.0225306420946 -0.00410513797086 -0.00531647422788 -0.0197378974989 -0.00379841577481 -0.00978583348839 0.169029024295 0.00493691880991 0.000597317249682 0.0138706097323 -0.0125331883802 0.0173131630358 0.00381024118925 0.00845523660347 0.0350357411042 0.0270825968584 0.0259905453648 0.0113433462676 0.0222372615207 -0.0111653850425 0.0617217509987 0.0267571581154 0.0115306337872 -0.00765286772913 0.0111992837201 0.00265100572263 -0.0198515153437 0.0107793379767 0.0177725800052 0.0515500298546 -0.00231496442159 0.0548036022121 0.0332139177004 -0.00202991430089 0.0226894674462 0.00869038561389 0.00331008605452 -0.00848225472818 0.0207873019725 0.0256981116087 0.0223547466061 0.00626387685393 0.0155323477217 0.0230651692584 -0.00380542899586 0.0338387304928 0.00103953537347 0.0480488213085 0.0146057923609 0.00944536015528 0.035696415847 
0.02730143406 0.0639786343017 0.0133221798359 0.0459783340977 0.0503368100461 0.0242234655991 0.00930544296481 0.0674159404207 -0.0326494363715 0.015704630492 0.00315511502665 0.0444398071158 0.0531757303571 0.0326031454945 -0.0353246694777 0.00493691880992 0.569790668291 0.0238815047707 0.000892030477198 0.0153111238153 0.0420335703345 -0.013493756035 0.0178076180492 0.0475436337315 0.0595383227573 0.0497220486335 0.0971466747679 0.0444372120744 0.102506538808 0.0532784596153 0.036750980098 0.0111175586266 0.0158601304971 0.043542826075 0.0912496092296 0.0666220463888 0.00299549196239 0.0306703436452 0.0681861006314 0.00526332063114 0.0223607108307 0.0175687552577 0.0134745179394 0.0309068103456 0.069314711161 -0.0170379051927 0.00798223027901 0.0456253906544 0.0399668834476 -0.0102669539825 0.0220590857018 0.0429849563921 0.0503977037828 0.0373539737752 0.0605836498397 0.0295314244711 0.0303993157779 0.0281742702644 -0.0116197510263 0.0288051240834 
0.00936855102877 -0.00499266089739 -0.00100360947119 -0.00719186056608 0.0144782087894 0.00755877859606 0.00812741413033 -0.00517751516506 -0.00547030916839 0.0117963242313 -0.00483365606562 0.0139988152486 0.00707522890759 0.00627608977537 0.0321922914788 0.000597317249683 0.0238815047707 0.154951781236 -0.00959871264701 0.0209715356373 0.00616295508502 0.0349233070113 0.00817550725049 0.0293866750357 0.0058787109524 0.0194303424632 0.00851039078168 -0.0132016440069 0.00819389263507 -0.0251097795762 0.00112251178214 0.000514671139845 -0.00195293603297 0.0101611823089 0.0198994951146 0.0278896623274 0.0114911983028 0.00132871962347 0.00148316675547 0.00142307259191 0.00849266938153 0.0246675469096 0.00600271627489 0.0114351399567 -0.0132614178976 -0.00109793436167 0.00929003892894 0.00187950567125 0.0501928975049 -0.0030804188396 0.00144873543416 0.0140543925382 0.00581925094384 0.00505798586509 0.00768749329506 0.00456212838064 -0.00298729124013 -0.00365583856324 0.00881123012461 0.0282327710144 
0.0092273040111 -0.0153803115676 0.00159470612952 0.020772717692 -0.00689018411726 0.0154236451877 -0.017872452651 0.00540500412037 0.0347911346933 -0.00630595588276 -0.00790529158323 0.0165008128425 -0.00316279340779 0.00668069375249 -0.0224910231111 0.0138706097323 0.000892030477202 -0.00959871264701 0.366299417629 0.0126617415579 0.0232283089619 -0.00868028276303 3.22356149751e-05 0.0115847404386 0.0102494302921 0.00991982059283 -0.0036673166237 0.0266370278428 0.00886286100942 0.00793997938101 -0.000166315143189 0.00247302397727 0.00453732713326 -0.0203040259661 -0.00674652633951 0.0228368909042 0.0038046595894 0.00988794550726 -0.00688876003111 0.0135597475804 0.00769069103935 0.00892143479223 -0.0175923280311 0.00648666394786 -0.00857506549133 -0.00423744640389 0.00974164617913 -0.000807387238597 -0.00234377755152 -0.0168199993074 0.0216902352733 0.0102931890731 0.0268902955924 0.00970487121223 -0.00165245630803 -0.00263049298255 -0.000844117089378 -0.00288524176295 0.0341410399712 0.0480120473238 
-0.0100412967835 0.0224812640513 -0.0178015030283 0.012121176391 0.000823747295858 0.0122075068512 0.00836989203112 0.0195614310298 -0.037058709208 -0.0012703386464 0.0672845608773 0.000380283995251 -0.005873400736 0.0148440756052 -0.000392690847519 -0.0125331883802 0.0153111238153 0.0209715356373 0.0126617415579 0.938542328374 -0.00700832680764 -0.0129445384172 -0.0110902622273 -0.007178744186 0.0108863861172 0.0191794678355 0.0302429920797 -0.000286956808775 0.0147379088592 -0.0187902194692 -0.0212183929224 0.0174018164031 -0.00593467925059 -0.0039313470023 0.00313308252901 -0.0020683991179 0.0215320733088 -0.001339371465 -0.0194064752346 0.173101655461 -0.0197809075281 -0.00943618547683 0.00410713113644 0.00210410251627 0.0102147598143 -0.00640532970104 0.0607279798 0.0343609827081 0.00188584162222 -0.0277433832455 0.0240559312438 0.0441078807094 0.0643303727844 0.0480800108901 0.00480106516716 0.0181565988067 -0.0391367536584 -0.00222927754913 0.0552972046054 0.00378075517389 
0.00307341063762 0.00620324943874 -0.00530719732549 0.00371144602387 0.00632818510213 0.00764471793814 0.0253578720326 0.0253998245196 0.00503800818919 -0.0192107437859 0.010617965198 0.00866846071089 0.0110205668105 0.00443511483757 0.0155261420946 0.0173131630358 0.0420335703345 0.00616295508502 0.0232283089619 -0.00700832680764 0.296877066418 -0.0118195773924 0.0209443562348 0.0462188636667 0.0187301203776 0.0249567258453 0.00595083029067 0.0124249187979 0.0084605687667 0.0568127736045 0.0373814875838 0.00644564841259 0.00764132100244 0.00663175481873 -0.008549186232 -0.00333834572159 0.0214270987292 0.0350112443597 0.0122061362684 0.0381060830861 0.0259304885916 0.0455903686798 -0.00362053340858 0.023508434281 0.0163443881819 0.0296999542216 0.0140317181886 0.000969701772604 0.00308975734654 -0.00261220356267 0.0501698164407 0.00755599034035 0.0041051894622 0.0220133007003 0.0191316613433 0.0252126727066 -0.0193401974402 0.0182024244595 0.0325692966728 -0.0119675743578 
0.00308210389243 0.00989258511577 -0.01023271331 -0.00153672014006 0.00305358237171 -0.00900904885707 -0.0199198076557 -0.00326030650166 0.0472171217561 -0.00194721206941 0.0563516473139 0.0196668652683 0.010810740562 -0.0123690019238 1.11651031354 0.00381024118925 -0.013493756035 0.0349233070113 -0.00868028276303 -0.0129445384172 -0.0118195773924 0.882290578446 -0.000226469340821 0.0168667679435 -0.00878310327684 -0.0253895230916 0.00223969905989 0.00450568671877 0.00414662130287 -0.0147948289804 -0.0160948948403 0.0133597005559 -0.000932913700519 0.00270286543744 0.0335590864572 0.0101982140623 -0.00277871427442 0.0109974203398 0.00781321561919 -0.0149998011638 0.00157648637397 0.0055091494607 -0.0132071348882 -0.00249920938155 0.109903082217 -0.0244508068466 0.0100092363802 -0.00179088594421 0.0246012259592 -0.0019465130722 0.0142924312601 -0.00979210301112 -0.00944889243538 -0.00865711388802 -0.0126845156282 0.0422541792287 0.0123017945128 0.00570929479803 0.0135402933668 -0.027067503693 
0.00204078876605 -0.00132262051192 0.0127174079482 0.0153469613805 0.00585781617647 0.0268854608411 0.0109419376488 0.0112150291367 0.0204667934788 -0.00722825862003 0.0156869429357 0.00902871471435 0.00437038238055 -0.00495855476009 0.0103489775581 0.00845523660347 0.0178076180492 0.00817550725049 3.22356149736e-05 -0.0110902622273 0.0209443562348 -0.000226469340821 0.265872561243 0.00670783024664 0.0103490701082 -0.00388843654333 0.0205025837256 0.00499463657814 0.00777897229228 0.0365019270804 0.084524026512 0.0100771079724 0.000836945806778 0.0151118495427 0.00190759043299 -0.00293230215868 0.0101050350829 0.00310375620446 0.0101072820376 0.0149695805418 0.0523181716097 0.0373460119766 -0.0165835903174 0.00493035905626 0.00237271652722 -0.0115262300899 0.00264266690051 0.000294287534542 0.0179597390797 0.0335463720966 -0.00463614413508 0.020086530177 0.034109763268 -0.00442524489923 0.0223995041331 0.00408747394109 0.0152170875606 0.010620067819 -0.00551475354302 0.00239770949593 
-0.0102268930917 0.000638850964713 0.0439979313046 0.0211916584846 0.0318048400987 0.0678311319171 0.014681734616 -0.00438793768446 0.0250897345169 0.0127493167987 -0.00815691426095 0.0253246702349 0.00560895992503 0.00104087219363 0.0104898864627 0.0350357411042 0.0475436337315 0.0293866750357 0.0115847404386 -0.00717874418601 0.0462188636667 0.0168667679435 0.00670783024665 0.462059643432 0.008728315977 0.0237642944719 0.00160862202228 -0.0040468776929 0.0372334839043 -0.0123439323077 0.00347411147645 0.000102222067685 0.0160807750541 0.00829326671788 -0.00322970267713 -0.00917937284581 0.0150738572855 -0.00466335842644 0.0440318054849 0.0206229415716 0.0364964090448 -0.0118848861588 0.0110541259429 0.038299208927 -0.00140877641843 0.000460649010593 0.00777390194358 0.00699682319703 0.0547177025951 0.0117402244793 0.00452072432005 0.00802552924406 0.00708886313673 0.0195469973064 0.0238817775714 0.0145908026579 0.0303411169234 0.00933912833798 0.00560780219863 0.064301505949 
0.0193974092809 0.00991848453035 0.0163948432848 0.00361532027659 0.0219015360485 0.0238376384748 0.018875983446 0.0360662971683 0.0105873544327 0.00439639445164 0.0380216498237 0.0464941272228 0.0127697644988 0.0246809525764 -0.0104592376296 0.0270825968584 0.0595383227573 0.0058787109524 0.0102494302921 0.0108863861172 0.0187301203776 -0.00878310327684 0.0103490701082 0.008728315977 0.18331740494 0.0226391172878 0.0404945632979 0.0286434822308 0.0486162331414 0.0397358481769 0.00766047069487 0.0182374964695 0.00590798234173 0.0280598887538 0.0155956534346 -0.0092916209073 0.00094838525174 -0.0156185998337 0.0271774249532 0.0152756881423 0.0420827162863 0.0167809145876 0.035623078887 0.0260928627042 0.0223806826319 0.00520335019041 0.0114501863724 0.00883973124249 0.0317119704367 0.0417613523501 0.0187233923472 0.0278472734969 0.020342959225 0.0138962548741 0.0695302570675 0.00579045912654 0.0302966931879 0.0248868981566 -0.000414668861379 0.021205243307 
0.00781166757454 0.0213141969557 0.019642428421 -0.00203061889069 0.0185553014236 0.0107955243953 0.00722743970513 0.0578966392349 0.0197045382483 0.0249954824509 -0.0170673634478 0.0175156604283 0.00718474155978 0.00582611432545 -0.0596050346759 0.0259905453648 0.0497220486335 0.0194303424632 0.00991982059284 0.0191794678355 0.0249567258453 -0.0253895230916 -0.00388843654333 0.0237642944719 0.0226391172878 0.337543086657 0.0486269837004 0.0224600903744 0.0340158738662 0.0262052081057 -0.00482741425798 0.00744734950404 0.020164952536 0.0381704908017 0.0148705189406 0.0157030635525 0.0114170338188 0.00681908516968 0.00675436781493 0.0300949878681 -0.00537565972296 0.00920250067408 0.00646123999719 -0.00461445717136 -0.00231400775333 -0.0208023432435 0.00958206181771 0.0063218210449 0.0160918717809 -0.00335092187625 0.00880562982198 0.00682694180662 0.00776238899315 0.0290717593662 0.0258578793736 0.011908525284 0.00544908172961 0.0203115739892 0.0365333897073 0.0537529919857 
0.00557076223327 0.047618984247 -0.00223731776413 0.0437292484019 0.0184977436617 0.00271710488553 0.022116129958 0.0529138023278 0.0132885143984 0.00124477396377 0.0300048749272 0.0183683138343 0.0386441012078 -0.00935224714556 -0.0320932631381 0.0113433462676 0.0971466747679 0.00851039078168 -0.0036673166237 0.0302429920797 0.00595083029067 0.00223969905989 0.0205025837256 0.00160862202228 0.0404945632979 0.0486269837004 0.431157279553 0.0455276065837 0.0162688654238 0.0542655330849 -0.00659645925721 0.0173840135193 0.00569159791452 -0.0163084929626 0.0497906310536 0.0231504674656 0.0141190875677 -0.0219005727439 -0.000551989316094 -0.00759794882789 0.018610689525 -0.0370979391999 0.0148706426064 0.00640089068006 0.0850345332729 -0.0332904033508 0.00901250697051 0.00943317593269 0.0308635608855 -0.00344140923513 0.017110191351 0.0294669117179 0.0446796033874 0.039750258041 0.0404233571294 0.00973158270051 0.0115327973676 0.017094067499 -0.00345443127201 0.0215395300815 
0.0312282879975 0.0194528041606 0.00881235708679 0.0186524140862 0.0346956642207 -0.00382683588673 0.0287105558098 0.042648455401 -0.00839476611219 0.0138409178936 0.00843417849061 0.00296853216288 0.002338273023 0.0100486200637 0.0236538266649 0.0222372615207 0.0444372120744 -0.0132016440069 0.0266370278428 -0.000286956808775 0.0124249187979 0.00450568671877 0.00499463657815 -0.0040468776929 0.0286434822308 0.0224600903744 0.0455276065837 0.231702817413 0.00839879385 0.0041937142182 0.0121640626017 0.0194798584171 0.0204756713387 0.0167774368322 0.0236719435355 0.0223890775692 0.00908400169564 -0.00322045766851 0.0506805969469 0.00512410272076 0.0340849482666 0.0427148872525 0.0206954848322 0.00633849770276 0.00322208488536 -0.0209802239781 0.0145874017924 0.025050885065 -0.00756708373164 -0.0392821041905 0.0239835725683 0.0213164583637 0.0297684817014 0.0331268693638 0.00111927351205 -0.00690293127596 0.0228200698246 0.0155172816346 0.0228712511146 0.0129173580552 
-0.00668703228019 0.0156422587201 0.0251327551473 0.00815445969392 0.00875125950857 0.050391927757 -0.00171418844845 -0.0217124642675 0.0053924248144 -0.0108965086169 0.0674491243001 -0.0329414865045 0.0227218937152 0.0290335012608 0.0337792887811 -0.0111653850425 0.102506538808 0.00819389263507 0.00886286100942 0.0147379088592 0.0084605687667 0.00414662130287 0.00777897229229 0.0372334839043 0.0486162331414 0.0340158738661 0.0162688654238 0.00839879385 0.596337133068 0.00363403506731 -0.00783730602578 0.00159457672929 0.00241330504962 0.00784835123288 0.0235036409362 0.0129681337107 -0.0137137779261 0.112635166213 0.153561602328 -0.00431943966908 0.0262117286054 0.0798851653223 -0.00866555712815 0.0236546588228 -0.0139356097438 -0.0216033453515 0.0103595353553 0.0173251812341 0.0230689375143 -0.00453605054584 0.0102799644043 0.0121001087384 0.0352063346293 -0.0225089448499 0.032238654869 0.0131390879258 0.120382839272 0.0120173710675 -0.00456249651198 0.038662560788 
0.0163516754937 0.011643728699 0.0354543216359 0.0274692604963 0.0279944064644 0.0335420172127 0.00472743762765 0.026477721999 -0.0152612463988 -0.00475894760101 -0.0234913405924 0.0731322993779 0.0332854131425 0.028698771677 -0.0256665534677 0.0617217509987 0.0532784596153 -0.0251097795762 0.00793997938101 -0.0187902194692 0.0568127736045 -0.0147948289804 0.0365019270804 -0.0123439323077 0.0397358481769 0.0262052081057 0.0542655330849 0.0041937142182 0.0036340350673 0.877105569912 0.0336581701325 0.0265515644705 0.00734141977011 0.0165519617012 -0.00880821028235 0.0207356968815 -0.00609955989429 -0.000385556195398 0.0695912928825 0.0377376104971 0.0330341308669 0.0223993751002 -0.0353169277158 0.0306192997266 0.000617662382404 -0.0195019575496 0.0139054208688 0.0361048017791 -0.00887160315182 -0.012668624885 0.0419542297322 0.0392377826544 0.0470879131491 0.0524095581774 0.0962370900023 0.0599858877058 0.0451581592136 0.0374774336725 0.0091725547213 0.0118995483056 
0.00267473556646 -0.00285649030103 0.00993987871664 0.0150029713551 0.00992593663218 0.00987488914986 -0.00428886531782 0.0125844806871 -0.0156869288647 0.000190258624218 0.0150183144502 -0.0076884581883 0.0170668068597 0.018715839748 -0.019444198378 0.0267571581154 0.0367509800981 0.00112251178214 -0.000166315143192 -0.0212183929224 0.0373814875838 -0.0160948948403 0.084524026512 0.00347411147645 0.00766047069487 -0.00482741425798 -0.00659645925721 0.0121640626017 -0.00783730602578 0.0336581701325 0.24178649894 0.00652841204043 0.0142577896962 0.00524613641937 -0.012485998384 -0.00318335280192 0.00660263659918 -0.00376138308767 0.0096950860853 0.019392360435 0.0479540446771 -0.00139448685389 0.00382207312592 0.0239283140392 0.0114492965918 -0.0085201203075 0.00501159239815 0.0133601353607 -0.000272299557762 0.00951607987906 0.00420263602941 0.0219674700044 0.0156927849496 0.0118182679752 0.0122872987299 -0.011176474552 0.00659968775509 0.0299869501718 0.0261399568739 0.00739812459062 
0.00647133942194 0.00810941110278 0.0118309418108 0.00810912286642 0.0120158207382 0.0123441285104 0.0145703167469 0.0101212122375 -0.00238795817821 0.00908275168667 0.0238475968661 0.012161724936 0.0163666406474 0.0207817021124 0.000661280170482 0.0115306337872 0.0111175586266 0.000514671139845 0.00247302397727 0.0174018164031 0.00644564841259 0.0133597005559 0.0100771079724 0.000102222067685 0.0182374964695 0.00744734950404 0.0173840135193 0.0194798584171 0.00159457672929 0.0265515644705 0.00652841204043 0.0965531060542 0.0111226785903 0.0102617845136 0.00140083481158 -0.00606966463564 0.0172824064087 0.00641162505649 -0.0156751731987 0.00798618012081 0.0123023507806 0.0266783671545 0.00479511904397 0.00346258195713 0.0152275666452 0.00460171454695 0.0071186911704 0.013695577377 0.0249041067031 0.0106252430739 0.0141118197093 0.0178208172599 0.0118828162078 0.0111021366121 0.0269209575884 -0.00170845369669 0.00185673711985 0.0129929326016 -0.0197961837928 -0.00482629143782 
0.0226544397341 0.000958935782381 0.0039026007886 0.0126423681408 0.00853151926302 -0.0113251508783 0.00755826543006 0.0018763000779 0.014353984314 0.00419987010873 -0.00404517269186 0.0137598112439 0.00851757397467 0.00496997252599 -0.0136820260743 -0.00765286772913 0.0158601304971 -0.00195293603297 0.00453732713326 -0.00593467925059 0.00764132100244 -0.00093291370052 0.000836945806774 0.0160807750541 0.00590798234173 0.020164952536 0.00569159791452 0.0204756713387 0.00241330504962 0.00734141977011 0.0142577896962 0.0111226785903 0.182349482116 0.0139365898244 -0.000976560257249 0.00377600028853 0.00541630750309 0.0106557624582 -0.0158929586781 0.00636108203904 0.00217316812715 0.00374475359441 0.0115374179653 0.00857030097862 0.002083555871 -0.00823715545298 0.00855307615054 0.0119017723228 0.0228405535386 0.0169238530854 0.0218698021221 0.00610371251613 -0.00766032577976 0.00167958657081 0.00863312621263 -0.00295885834572 -0.0280411266548 0.0190511650242 0.00695231939797 -0.0165063449048 
0.0119543797603 0.000863647506395 0.00404086239284 0.0157484125956 0.0191711497612 0.0162344161315 0.00632498261687 0.0264574685247 -0.00979610386413 -0.012143794737 0.0338488648736 0.00348679683223 0.0158862787364 0.00499571555537 -0.00574599317904 0.0111992837201 0.043542826075 0.0101611823089 -0.0203040259661 -0.0039313470023 0.00663175481873 0.00270286543744 0.0151118495427 0.00829326671788 0.0280598887538 0.0381704908017 -0.0163084929626 0.0167774368322 0.00784835123288 0.0165519617012 0.00524613641937 0.0102617845136 0.0139365898244 0.190021656549 -0.0118035443161 -0.00247994377307 0.00759395391732 0.00526217218349 0.0109452259623 0.00958217946891 0.0404471285488 0.0169228107638 -0.00102755889611 0.0152613243391 -0.00978774813049 0.00333578052734 0.0137335247065 0.0170964122512 -0.0118907186307 -0.00165492145151 0.00988538627171 0.0111442597594 0.0107155728966 0.016431706634 0.0149237046587 0.0131224223647 0.0189572315645 0.0161221132023 0.00710292076099 0.0104083127331 
0.00953586169875 -0.00594297192135 0.00824620492709 0.0102152664225 0.0202604526954 0.00980112611134 0.0338810293443 0.015539685759 0.0209835994114 0.0368728491612 0.0609214275554 0.00390291958737 0.00103327549442 0.00908966371647 -0.0341238687055 0.00265100572263 0.0912496092296 0.0198994951146 -0.00674652633951 0.00313308252901 -0.008549186232 0.0335590864572 0.00190759043299 -0.00322970267713 0.0155956534346 0.0148705189406 0.0497906310536 0.0236719435355 0.0235036409362 -0.00880821028235 -0.012485998384 0.00140083481158 -0.000976560257249 -0.0118035443161 0.550353181704 0.0209779997562 -0.00916052315627 0.0101588496069 -0.00192746282087 -0.00842267433071 0.00902684127536 0.00244022222543 0.0391333612921 -0.00576760333876 0.0150461058482 0.155171873234 -0.00633255904455 -0.00478380948176 -0.00294710610903 0.0393057069356 -0.00115622663555 -0.000164155627329 0.0330656878685 -0.0120228637077 0.0176803299624 0.0396398032895 -0.018902878574 0.0165017023961 0.0323743134767 0.0376915594523 
0.0360835352018 -0.00917604146704 -9.95177472924e-05 -0.0101287754552 0.0263741802749 -0.0132287150729 0.00216082316306 0.00926330857701 0.0215806550653 -0.00106945321916 0.00171920917178 -0.00279647286797 0.020455092112 -0.000693994023041 -0.0185627693399 -0.0198515153437 0.0666220463888 0.0278896623274 0.0228368909042 -0.0020683991179 -0.00333834572159 0.0101982140623 -0.00293230215868 -0.00917937284581 -0.0092916209073 0.0157030635525 0.0231504674656 0.0223890775692 0.0129681337107 0.0207356968815 -0.00318335280192 -0.00606966463564 0.00377600028853 -0.00247994377307 0.0209779997562 0.36003346903 -0.0230691325991 0.0255333178881 0.03734078041 -0.0072133141759 0.00629342697764 0.0186377502519 -0.00260395956696 0.0090883950006 0.0108685744063 0.0280824247894 0.00283612358606 0.0240330741332 0.011583024839 0.0156096105902 0.0299428493324 0.00254724611846 0.00941692749793 -0.00436651760666 -0.00507017362527 -0.0100872957639 -0.0325422407626 -0.0150213031446 0.00732785719752 -0.0073675735466 
0.00395105154097 0.0110902414448 0.0106270162898 0.022359863499 0.00432416455465 0.00517888931946 -0.00565652463123 0.0180571546929 0.0160972553418 0.00626077528681 0.0187515181381 0.0632186581483 0.00150058894462 0.0220410976834 0.00241742027175 0.0107793379767 0.00299549196239 0.0114911983028 0.0038046595894 0.0215320733088 0.0214270987292 -0.00277871427442 0.0101050350829 0.0150738572855 0.00094838525174 0.0114170338188 0.0141190875677 0.00908400169564 -0.0137137779261 -0.00609955989429 0.00660263659918 0.0172824064087 0.00541630750309 0.00759395391732 -0.00916052315627 -0.0230691325991 0.125328811287 -0.00308158121642 -0.00813834518075 -0.00846121740803 0.00350476802627 0.00768889414808 0.0138282644475 0.0157649485225 -0.00299729743148 -0.0166005124254 0.0230737564957 0.00389175901062 -0.00109831169336 0.0496988192329 0.0087817869093 0.0119470398894 0.000680785833808 -0.000698362047199 0.0163200518561 -0.00803819361797 -0.00900310538364 0.00519072464375 0.0276851767487 -0.00849926718492 
0.0067143562367 -0.00990231392357 0.0201911919541 0.0140904587768 0.00474452733455 0.0230304337868 0.00318605438921 -0.00719994678501 0.00940584812306 -0.0163112801389 0.0282754890324 -0.0106157615186 0.00439827529743 -0.0119313196208 0.0109619722602 0.0177725800052 0.0306703436452 0.00132871962347 0.00988794550726 -0.001339371465 0.0350112443597 0.0109974203398 0.00310375620446 -0.00466335842644 -0.0156185998337 0.00681908516968 -0.0219005727439 -0.00322045766851 0.112635166213 -0.000385556195396 -0.00376138308766 0.00641162505649 0.0106557624582 0.00526217218349 0.0101588496069 0.0255333178881 -0.00308158121642 0.522224661912 0.0616861573563 0.00856919368674 0.039181757683 0.0769796029331 0.0316545721743 0.019136433185 -0.0100101639819 -0.00584682738445 0.0385919273706 -0.00464866437401 5.28260789265e-05 0.0514033156677 0.0241293429737 0.0239571834152 0.00194379999381 -0.00784764258864 0.015046634712 0.030472376498 0.0337363104301 0.0154794094596 -0.0099326194055 0.0129284363306 
-0.00460953000289 0.00723948656663 0.0298680179305 0.00960802074905 0.00764448735495 0.029293003212 0.00953347788953 0.00605915801241 0.0112552872048 -0.000706165369567 0.0396391388416 -0.0240367033586 -0.00358570373135 -0.00776288589108 0.0528544912007 0.0515500298546 0.0681861006314 0.00148316675546 -0.00688876003111 -0.0194064752346 0.0122061362684 0.00781321561919 0.0101072820376 0.0440318054849 0.0271774249532 0.00675436781493 -0.000551989316092 0.0506805969469 0.153561602328 0.0695912928825 0.0096950860853 -0.0156751731987 -0.0158929586781 0.0109452259623 -0.00192746282087 0.03734078041 -0.00813834518075 0.0616861573563 0.357507794135 0.00783738362607 0.0504899482625 0.0425134112886 -0.0177894051502 0.0179688323155 -0.00524073635774 -0.0229543253814 0.0259534323139 0.0239534709125 0.0406354248026 0.0315533681778 -0.00657339802907 -0.0114693126142 0.0308181375435 0.00745929850438 0.00833429208743 0.00808334269235 0.0428895193347 -0.0105254269143 -0.00419026328583 -0.026440638348 
