30
0.0445346556631 0.0367129888202 0.0328562524986 0.0202129727645 0.134360436546 0.0283464571838 0.0979044774238 0.099400173405 0.0316717201181 0.126514999345 0.035272852014 0.0101927526284 0.0363676427781 0.0861150338972 0.0625194128962 0.0347685991573 0.0217130314185 -0.00277796207049 0.0950879331279 0.0283013122104 0.106356452037 -0.00168409401267 0.0493870590102 0.00788248566947 0.0723241103927 0.0161964684659 0.034888990542 0.0300114281637 0.073470583658 0.0450347688147 
0.616119104277 0.0106708028747 -0.00717164234961 -0.00328968614519 0.0184222618006 0.0126848220457 0.0180049386488 -0.00498509382042 0.0456093588618 0.0190301879559 0.00129191919591 0.0388731916757 0.0283775257206 0.000127618532967 0.0153979681355 0.0628977836622 0.0313334543503 0.024589105635 0.036722681194 0.0171183745341 0.0675871184558 0.0264915946561 0.00709572642401 0.0409200882485 0.042499138853 -0.00884940123099 0.0235489659621 0.0288255671798 0.0690929192526 0.00321730549554 
0.0106708028747 0.288519838766 0.0566472022447 0.0467675133354 -0.00501251961024 0.0281001286452 0.0334983272148 0.02745883692 0.0225007270664 0.0346470176448 0.0264783754012 0.0148294160393 0.0393151555976 0.0252657759369 0.055236415217 0.00512679467893 -0.00146971493294 0.0149573055535 0.0359096658831 0.00176070721329 0.0256645827025 0.0180390429783 0.00546016959346 0.0200783857384 0.0419027082396 0.0269440122626 0.0213656956963 0.0423434201059 0.0255354130292 0.00315184182997 
-0.00717164234961 0.0566472022447 0.322507059374 0.0256869883246 0.0107018560338 0.0033577758609 0.0252345195119 0.0334051712478 0.0261478771222 0.0525847089331 -0.00512249386812 0.0199959679835 0.0307003894207 -0.00115883505684 0.0340578803825 0.0256538550904 0.0116335504699 0.0154110753974 0.0168614950782 0.00647961713071 0.0525355157515 0.0143325158199 0.0116728744655 0.0129209434363 0.00695724528279 0.0190776721729 0.0113800261841 0.00292456880138 0.035854891348 -0.00540572532581 
-0.00328968614519 0.0467675133354 0.0256869883246 0.210681105406 0.020773692857 0.0341114613493 0.0240742434777 0.0486428397407 0.0187396910366 0.0299295813224 0.0100975428528 0.0170406039222 0.0238786727334 0.0306742595701 0.0296090643427 0.00962808293134 0.0190706571903 0.0260945600444 0.0242152235778 0.0119092678422 0.0285568437388 0.0235645632318 0.0171268402674 0.0281689717024 0.0318373110943 0.0257937911835 0.0220579128442 0.0188609448306 0.0154103920737 0.00886585877941 
0.0184222618006 -0.00501251961024 0.0107018560338 0.020773692857 0.555985724139 0.0107229808148 -0.0161833092685 0.0205080862587 0.0320007800664 0.0587129448939 -0.000521837496004 0.0193126251641 0.00363381553444 -0.00013827689805 0.0608111887451 0.0577084401242 -0.00823690461528 -0.00641183177624 0.00520074413608 -0.00785940662886 0.0692435457721 0.00697993899195 0.0139625104507 -0.00838337449484 0.03071851361 -0.00816990610022 0.00875173579319 0.018735925995 0.0580930797536 0.0577352533416 
0.0126848220457 0.0281001286452 0.0033577758609 0.0341114613493 0.0107229808148 0.182930309917 0.0177169004593 0.0272176099575 0.0214768077515 0.0260502452951 0.0229923346115 0.0330498260215 0.00891845779781 0.017495805238 0.0494537204648 -0.00258136233458 0.0147214219392 0.0208629233361 0.0198581066766 0.0161429725108 0.0192837808853 0.00400296863285 0.00756073951352 0.0117372436382 -0.00442715615545 0.0244828228413 0.0163739909607 0.0260227838828 0.0209173026661 -0.00653623536402 
0.0180049386488 0.0334983272148 0.0252345195119 0.0240742434777 -0.0161833092685 0.0177169004593 0.519486539369 0.0149137584553 -0.0151447330946 0.00759239483258 -0.0053861253852 0.0154682755715 0.0140919720901 0.0070187148725 0.00395816077881 -0.00338700069109 0.070759225542 -0.00719903661142 0.0138233062118 0.0430855266914 -0.0252143907079 0.0179335929628 0.00796617537362 0.00746661974372 -0.00241409455326 0.00528351322735 0.0337181851005 0.0195670312028 -0.00995234464166 -0.000726678723608 
-0.00498509382042 0.02745883692 0.0334051712478 0.0486428397407 0.0205080862587 0.0272176099575 0.0149137584553 0.356856006289 0.00570155056734 0.00852722168394 0.0213320046214 0.0257422167239 0.0365786806549 0.0659308005492 0.0503289018488 0.0343335628045 0.0356803833037 0.0169725954082 0.0291338324063 -0.000586087450671 0.0431480129574 0.00283440100113 0.0187774186393 0.0254733188052 0.0422340837452 0.0132014240978 0.0206326325408 0.00562364433951 0.050616352801 -0.00533736222983 
0.0456093588618 0.0225007270664 0.0261478771222 0.0187396910366 0.0320007800664 0.0214768077515 -0.0151447330946 0.00570155056734 0.283383576377 0.0309236055019 0.00503040212144 0.0261871160708 0.0334562713717 0.00661632374604 0.0359826410277 0.0278317905198 0.0233343825567 0.01936607264 0.0151172544816 0.0127504005378 0.00663474613175 0.0166188096184 0.00632138621331 0.00618479617495 -0.0234379887804 0.013171864799 0.0101632357615 0.0155913974369 0.00887118659561 0.00783092677756 
0.0190301879559 0.0346470176448 0.0525847089331 0.0299295813224 0.0587129448939 0.0260502452951 0.00759239483258 0.00852722168394 0.0309236055019 0.254857715259 0.0158866211469 0.00797437658957 0.0141793996045 0.00637265026917 0.0281724239009 0.0252301034492 0.00920251165221 0.0214508451673 0.00879697401902 0.00513745120555 0.0634551042136 0.00217755451459 0.0155035544476 0.0168648052739 0.00462270235721 0.0175427499027 0.0127901462917 0.0338707996549 0.067411556033 0.0650939560218 
0.00129191919591 0.0264783754012 -0.00512249386812 0.0100975428528 -0.000521837496004 0.0229923346115 -0.0053861253852 0.0213320046214 0.00503040212144 0.0158866211469 0.273780315352 0.02023680616 0.0126528623381 0.0161927143969 0.0179102118648 0.00395651937204 0.0185985527315 0.0173670965742 0.0323180059335 0.00755364140061 0.0181901475779 0.0216754514379 0.00229614352786 0.0342487409206 0.0197574691558 0.0458856797998 0.0216772604481 0.0111787439835 0.0195310941409 0.0181648326369 
0.0388731916757 0.0148294160393 0.0199959679835 0.0170406039222 0.0193126251641 0.0330498260215 0.0154682755715 0.0257422167239 0.0261871160708 0.00797437658957 0.02023680616 0.255303090498 0.0196749574115 0.0161663750842 0.0106903041231 -0.00228806317788 0.0398599487749 -0.000961198897011 0.0278373532733 0.00592379872171 0.0233204549361 0.0193588321394 0.0238003273303 0.0297547553512 0.0541641538041 0.00704726474949 0.013197988992 0.026991964871 0.0131446010376 -0.00568025962839 
0.0283775257206 0.0393151555976 0.0307003894207 0.0238786727334 0.00363381553444 0.00891845779781 0.0140919720901 0.0365786806549 0.0334562713717 0.0141793996045 0.0126528623381 0.0196749574115 0.199084278758 0.0276645875409 0.0206574185453 0.00895139062219 0.000479554935219 0.00672143187072 0.0425380566431 0.00317152980728 0.0053642721627 0.0102638136175 0.01474582057 0.0377980818924 0.0453650576639 0.0155380989298 0.0134849493188 0.0262658917695 0.0203052023783 0.00795361951794 
0.000127618532967 0.0252657759369 -0.00115883505684 0.0306742595701 -0.00013827689805 0.017495805238 0.0070187148725 0.0659308005492 0.00661632374604 0.00637265026917 0.0161927143969 0.0161663750842 0.0276645875409 0.241970497954 0.0346220015938 -0.00564750307671 0.00948781021447 0.020951474388 0.0290720346895 -0.00104295767184 0.0304359705397 0.0209289589486 0.0100082338135 0.0286264523734 0.0368088007285 0.00625935518311 0.00515007226446 0.0296358763982 0.0107380470661 -0.00286110723753 
0.0153979681355 0.055236415217 0.0340578803825 0.0296090643427 0.0608111887451 0.0494537204648 0.00395816077881 0.0503289018488 0.0359826410277 0.0281724239009 0.0179102118648 0.0106903041231 0.0206574185453 0.0346220015938 0.338334297943 0.0150501295522 0.0236912191163 0.0191329805681 0.0194675802331 0.000187994527366 0.0218187973971 0.0267442841389 0.0188046976767 0.0237761241236 0.0112478202997 0.0527820917904 0.00361166334233 0.0378083227001 0.039612544046 0.0250626918125 
0.0628977836622 0.00512679467893 0.0256538550904 0.00962808293134 0.0577084401242 -0.00258136233458 -0.00338700069109 0.0343335628045 0.0278317905198 0.0252301034492 0.00395651937204 -0.00228806317788 0.00895139062219 -0.00564750307671 0.0150501295522 0.239352740558 0.0112104881726 0.00265989031005 0.0118541062014 0.00250598994007 0.113734064037 -0.00172088330377 0.0149095898127 0.00190609620608 0.00584314871283 0.000556051844499 0.0112871513262 -0.00052806578471 0.0776938298753 0.0340953195117 
0.0313334543503 -0.00146971493294 0.0116335504699 0.0190706571903 -0.00823690461528 0.0147214219392 0.070759225542 0.0356803833037 0.0233343825567 0.00920251165221 0.0185985527315 0.0398599487749 0.000479554935219 0.00948781021447 0.0236912191163 0.0112104881726 0.266786783264 -0.00106840041289 0.00825762240414 0.0155320831786 0.0449395315255 0.0024936174032 0.0146871997362 0.0173821302005 0.0114558706761 0.0204781300469 0.00560265729888 -0.00764936657875 0.0269461528854 -0.00459148184874 
0.024589105635 0.0149573055535 0.0154110753974 0.0260945600444 -0.00641183177624 0.0208629233361 -0.00719903661142 0.0169725954082 0.01936607264 0.0214508451673 0.0173670965742 -0.000961198897011 0.00672143187072 0.020951474388 0.0191329805681 0.00265989031005 -0.00106840041289 0.269417379644 0.0153722722521 0.0167331979159 0.00510673678498 0.0161310230701 -0.0197111193888 0.00561268137474 0.0125371265051 0.0133196962348 0.0124203751683 0.00539776806949 0.0175065896695 0.00894889989889 
0.036722681194 0.0359096658831 0.0168614950782 0.0242152235778 0.00520074413608 0.0198581066766 0.0138233062118 0.0291338324063 0.0151172544816 0.00879697401902 0.0323180059335 0.0278373532733 0.0425380566431 0.0290720346895 0.0194675802331 0.0118541062014 0.00825762240414 0.0153722722521 0.298262424372 0.0333259959352 0.0271752584564 0.0239191885656 0.0383950187266 0.0567928806242 0.0373970942987 0.0292917970366 0.0246157278636 0.0319473464288 0.033761696242 0.00214022595823 
0.0171183745341 0.00176070721329 0.00647961713071 0.0119092678422 -0.00785940662886 0.0161429725108 0.0430855266914 -0.000586087450671 0.0127504005378 0.00513745120555 0.00755364140061 0.00592379872171 0.00317152980728 -0.00104295767184 0.000187994527366 0.00250598994007 0.0155320831786 0.0167331979159 0.0333259959352 0.213965416526 0.0108908855026 0.0173657012147 -0.000907911877578 0.00524651554258 0.0166406647781 -0.0109961633705 0.0219051980045 0.0152988146168 -0.0124599292601 0.00821668861954 
0.0675871184558 0.0256645827025 0.0525355157515 0.0285568437388 0.0692435457721 0.0192837808853 -0.0252143907079 0.0431480129574 0.00663474613175 0.0634551042136 0.0181901475779 0.0233204549361 0.0053642721627 0.0304359705397 0.0218187973971 0.113734064037 0.0449395315255 0.00510673678498 0.0271752584564 0.0108908855026 0.519384580894 0.0080505617235 0.0470568669025 0.026429275443 0.0491194638529 0.0191532032652 0.00838966383875 0.00723051985275 0.0953617911183 0.0243217992285 
0.0264915946561 0.0180390429783 0.0143325158199 0.0235645632318 0.00697993899195 0.00400296863285 0.0179335929628 0.00283440100113 0.0166188096184 0.00217755451459 0.0216754514379 0.0193588321394 0.0102638136175 0.0209289589486 0.0267442841389 -0.00172088330377 0.0024936174032 0.0161310230701 0.0239191885656 0.0173657012147 0.0080505617235 0.110738772707 0.0104441368092 0.0163266440646 0.00376231384111 0.00914142754564 0.0112982534477 0.0244363993795 0.0185265675544 0.00408046612394 
0.00709572642401 0.00546016959346 0.0116728744655 0.0171268402674 0.0139625104507 0.00756073951352 0.00796617537362 0.0187774186393 0.00632138621331 0.0155035544476 0.00229614352786 0.0238003273303 0.01474582057 0.0100082338135 0.0188046976767 0.0149095898127 0.0146871997362 -0.0197111193888 0.0383950187266 -0.000907911877578 0.0470568669025 0.0104441368092 0.220206068134 0.00748589712953 0.00310504523039 0.0116412889241 0.00703612980226 0.00798872258571 0.0255196692679 -0.000785713912786 
0.0409200882485 0.0200783857384 0.0129209434363 0.0281689717024 -0.00838337449484 0.0117372436382 0.00746661974372 0.0254733188052 0.00618479617495 0.0168648052739 0.0342487409206 0.0297547553512 0.0377980818924 0.0286264523734 0.0237761241236 0.00190609620608 0.0173821302005 0.00561268137474 0.0567928806242 0.00524651554258 0.026429275443 0.0163266440646 0.00748589712953 0.232889592355 0.0435937080904 0.0302605310223 0.00821970842047 0.0165289669203 0.0194905698442 0.0177261709091 
0.042499138853 0.0419027082396 0.00695724528279 0.0318373110943 0.03071851361 -0.00442715615545 -0.00241409455326 0.0422340837452 -0.0234379887804 0.00462270235721 0.0197574691558 0.0541641538041 0.0453650576639 0.0368088007285 0.0112478202997 0.00584314871283 0.0114558706761 0.0125371265051 0.0373970942987 0.0166406647781 0.0491194638529 0.00376231384111 0.00310504523039 0.0435937080904 0.373073332515 0.0138132686748 0.0173833647799 0.0140021315929 0.0127603663288 0.00362050217956 
-0.00884940123099 0.0269440122626 0.0190776721729 0.0257937911835 -0.00816990610022 0.0244828228413 0.00528351322735 0.0132014240978 0.013171864799 0.0175427499027 0.0458856797998 0.00704726474949 0.0155380989298 0.00625935518311 0.0527820917904 0.0005560518445 0.0204781300469 0.0133196962348 0.0292917970366 -0.0109961633705 0.0191532032652 0.00914142754564 0.0116412889241 0.0302605310223 0.0138132686748 0.171792923334 0.00968786745271 0.00708956377756 0.0151778454959 0.0135525888667 
0.0235489659621 0.0213656956963 0.0113800261841 0.0220579128442 0.00875173579319 0.0163739909607 0.0337181851005 0.0206326325408 0.0101632357615 0.0127901462917 0.0216772604481 0.013197988992 0.0134849493188 0.00515007226446 0.00361166334233 0.0112871513262 0.00560265729888 0.0124203751683 0.0246157278636 0.0219051980045 0.00838966383875 0.0112982534477 0.00703612980226 0.00821970842047 0.0173833647799 0.00968786745271 0.154662606871 0.0190092497195 0.0204550762147 0.0150598996364 
0.0288255671798 0.0423434201059 0.00292456880138 0.0188609448306 0.018735925995 0.0260227838828 0.0195670312028 0.00562364433951 0.0155913974369 0.0338707996549 0.0111787439835 0.026991964871 0.0262658917695 0.0296358763982 0.0378083227001 -0.00052806578471 -0.00764936657875 0.00539776806949 0.0319473464288 0.0152988146168 0.00723051985275 0.0244363993795 0.00798872258571 0.0165289669203 0.0140021315929 0.00708956377756 0.0190092497195 0.214555765754 0.0353181790639 0.0309306848157 
0.0690929192526 0.0255354130292 0.035854891348 0.0154103920737 0.0580930797536 0.0209173026661 -0.00995234464166 0.050616352801 0.00887118659561 0.067411556033 0.0195310941409 0.0131446010376 0.0203052023783 0.0107380470661 0.039612544046 0.0776938298753 0.0269461528854 0.0175065896695 0.033761696242 -0.0124599292601 0.0953617911183 0.0185265675544 0.0255196692679 0.0194905698442 0.0127603663288 0.0151778454959 0.0204550762147 0.0353181790639 0.454345431634 0.0306398151485 
0.00321730549554 0.00315184182997 -0.00540572532581 0.00886585877941 0.0577352533416 -0.00653623536402 -0.000726678723607 -0.00533736222983 0.00783092677756 0.0650939560218 0.0181648326369 -0.00568025962839 0.00795361951794 -0.00286110723753 0.0250626918125 0.0340953195117 -0.00459148184874 0.00894889989889 0.00214022595823 0.00821668861954 0.0243217992285 0.00408046612394 -0.000785713912786 0.0177261709091 0.00362050217956 0.0135525888667 0.0150598996364 0.0309306848157 0.0306398151485 0.20161094653 
0.053357479606 0.000924118636829 -0.000621082446162 -0.000284895177221 0.00159541467145 0.00109853781341 0.00155927342635 -0.000431721788873 0.00394988634246 0.00164806262086 0.000111883484329 0.00336651715173 0.00245756581706 1.10520891543e-05 0.0013335031572 0.00544710784932 0.00271355674557 0.00212947901363 0.00318027748091 0.0014824947218 0.00585321615513 0.00229423939589 0.00061450793415 0.00354378359483 0.00368053338856 -0.000766380627432 0.0020394002756 0.00249636734562 0.00598362232943 0.000278626829087 
0.000924118636829 0.0249865509867 0.00490579161972 0.00405018546203 -0.000434096931943 0.00243354252564 0.00290104023523 0.00237800503311 0.00194862012431 0.00300051974457 0.00229309457484 0.00128426510133 0.00340479235012 0.00218808038077 0.00478361387919 0.000443993443194 -0.000127281046825 0.00129534065815 0.00310986828962 0.000152481717534 0.00222261805979 0.00156222694792 0.00047286455769 0.00173883921164 0.00362888098229 0.00233341990993 0.00185032352425 0.00366704774948 0.00221143163794 0.000272957509347 
-0.000621082446162 0.00490579161972 0.0279299306318 0.00222455844358 0.000926807919294 0.000290791919575 0.00218537349496 0.00289297269184 0.00226447258428 0.00455396937867 -0.000443620982052 0.00173170162469 0.00265873171444 -0.000100358059802 0.00294949896103 0.00222168902133 0.00100749502432 0.00133463827937 0.00146024830835 0.000561151304199 0.00454970912417 0.00124123228002 0.00101090058223 0.00111898652567 0.000602515115526 0.00165217487468 0.000985539177117 0.000253275087711 0.00310512467573 -0.000468149545803 
-0.000284895177221 0.00405018546203 0.00222455844358 0.0182455189379 0.00179905457446 0.00295413920887 0.00208489064286 0.00421259349277 0.00162290484967 0.00259197777498 0.00087447286263 0.00147575958924 0.00206795371958 0.002656468803 0.0025642201903 0.000833816440828 0.00165156735936 0.0022598551899 0.00209709987767 0.00103137284918 0.00247309521297 0.00204075103878 0.00148322787581 0.00243950450928 0.00275719201959 0.00223380784248 0.00191027128776 0.00163340573627 0.00133457910181 0.000767805892933 
0.00159541467145 -0.000434096931943 0.000926807919294 0.00179905457446 0.0481497761246 0.000928637378989 -0.00140151569438 0.0017760523683 0.00277134884785 0.00508469018091 -4.51924528187e-05 0.00167252240059 0.000314697656549 -1.19751306468e-05 0.00526640342876 0.00499769751603 -0.000713336864538 -0.000555280920302 0.000450397654043 -0.000680644579926 0.00599666696867 0.00060448044839 0.00120918887509 -0.000726021528197 0.00266030131528 -0.000707534622932 0.000757922552411 0.00162257878751 0.00503100828507 0.00500001960878 
0.00109853781341 0.00243354252564 0.000290791919575 0.00295413920887 0.000928637378989 0.0158422295511 0.00153432858741 0.00235711416535 0.0018599461105 0.00225601742003 0.00199119458658 0.00286219889253 0.000772361101549 0.00151518117957 0.00428281782342 -0.000223552535812 0.00127491253792 0.00180678216063 0.0017197624853 0.00139802242869 0.00167002441277 0.00034666725266 0.000654779249011 0.00101647511611 -0.000383402969714 0.00212027465369 0.00141802921333 0.00225363919197 0.00181149154875 -0.000566054587036 
0.00155927342635 0.00290104023523 0.00218537349496 0.00208489064286 -0.00140151569438 0.00153432858741 0.0449888540018 0.00129156936882 -0.00131157235935 0.000657520680058 -0.000466452141155 0.00133959195976 0.00122040058194 0.000607838538151 0.000342786778671 -0.000293322864112 0.00612792868715 -0.000623454858826 0.00119713343437 0.00373131606502 -0.0021836302894 0.00155309470869 0.000689891024456 0.000646628237846 -0.000209066721026 0.000457565667612 0.00292008048665 0.00169455460983 -0.00086189832869 -6.29322235034e-05 
-0.000431721788873 0.00237800503311 0.00289297269184 0.00421259349277 0.0017760523683 0.00235711416535 0.00129156936882 0.0309046366939 0.000493768763228 0.000738479060199 0.00184740579158 0.00222934136326 0.00316780666841 0.00570977481675 0.00435861075457 0.00297337375911 0.00309001183578 0.00146986987917 0.00252306389734 -5.0756662112e-05 0.00373672753439 0.000245466327149 0.00162617215591 0.0022060541204 0.00365757894289 0.00114327686348 0.00178683839273 0.000487021885986 0.00438350473726 -0.000462229128023 
0.00394988634246 0.00194862012431 0.00226447258428 0.00162290484967 0.00277134884785 0.0018599461105 -0.00131157235935 0.000493768763228 0.0245417376158 0.00267806279413 0.000435645602842 0.00226787077692 0.00289739809238 0.000572990444373 0.00311618812252 0.0024103037623 0.00202081680757 0.00167715108777 0.00130919264165 0.00110421707742 0.000574585869776 0.00143923113102 0.000547448104786 0.000535619060474 -0.00202978936974 0.00114071695311 0.000880162035408 0.00135025462608 0.000768267295351 0.000678178152455 
0.00164806262086 0.00300051974457 0.00455396937867 0.00259197777498 0.00508469018091 0.00225601742003 0.000657520680058 0.000738479060199 0.00267806279413 0.0220713255765 0.00137582174935 0.000690601270591 0.00122797202679 0.000551887702254 0.00243980347843 0.00218499105271 0.000796960886944 0.00185769768476 0.00076184029769 0.000444916325471 0.00549537322488 0.000188581752776 0.00134264720006 0.00146053497971 0.000400337767547 0.0015192467068 0.00110765916068 0.00293329729476 0.00583801200332 0.00563730195477 
0.000111883484329 0.00229309457484 -0.000443620982052 0.00087447286263 -4.51924528187e-05 0.00199119458658 -0.000466452141155 0.00184740579158 0.000435645602842 0.00137582174935 0.0237100708151 0.0017525588226 0.00109577002154 0.0014023302024 0.00155106984621 0.000342644628675 0.00161068191391 0.00150403468232 0.00279882141381 0.000654164534401 0.0015753129901 0.00187714915837 0.000198851862586 0.00296602796849 0.00171104702034 0.00397381643765 0.00187730582325 0.000968107627209 0.00169144236898 0.0015731206519 
0.00336651715173 0.00128426510133 0.00173170162469 0.00147575958924 0.00167252240059 0.00286219889253 0.00133959195976 0.00222934136326 0.00226787077692 0.000690601270591 0.0017525588226 0.0221098962036 0.00170390129367 0.001400049151 0.000925807494474 -0.000198152083751 0.00345197282326 -8.32422662901e-05 0.00241078551088 0.000513016017991 0.00201961064025 0.00167652404203 0.00206116880864 0.00257683740175 0.00469075331688 0.000610311030025 0.00114297937459 0.00233757272763 0.00113835584212 -0.000491924913828 
0.00245756581706 0.00340479235012 0.00265873171444 0.00206795371958 0.000314697656549 0.000772361101549 0.00122040058194 0.00316780666841 0.00289739809238 0.00122797202679 0.00109577002154 0.00170390129367 0.0172412042898 0.00239582355956 0.00178898492369 0.000775213167801 4.15306756409e-05 0.000582093074985 0.00368390376806 0.000274662538197 0.000464559596571 0.00088887233325 0.00127702552132 0.00327340991332 0.0039287292381 0.00134563883997 0.00116783086788 0.00227469295255 0.00175848210886 0.000688803655457 
1.10520891543e-05 0.00218808038077 -0.000100358059802 0.002656468803 -1.19751306468e-05 0.00151518117957 0.000607838538151 0.00570977481675 0.000572990444373 0.000551887702254 0.0014023302024 0.001400049151 0.00239582355956 0.0209552598195 0.00299835329101 -0.000489088113238 0.000821668467202 0.00181445090667 0.00251771205808 -9.03227838883e-05 0.00263583236762 0.00181250101242 0.000866738472951 0.00247912349756 0.00318773565137 0.000542076059988 0.000446009341234 0.00256654218243 0.000929942154629 -0.000247779155065 
0.0013335031572 0.00478361387919 0.00294949896103 0.0025642201903 0.00526640342876 0.00428281782342 0.000342786778671 0.00435861075457 0.00311618812252 0.00243980347843 0.00155106984621 0.000925807494474 0.00178898492369 0.00299835329101 0.029300609699 0.00130337945225 0.00205171976013 0.00165696472221 0.00168594190321 1.62808036472e-05 0.00188956328259 0.00231612294703 0.00162853458985 0.00205907274945 0.000974089811677 0.00457106323554 0.000312779220437 0.00327429679328 0.00343054694524 0.00217049277968 
0.00544710784932 0.000443993443194 0.00222168902133 0.000833816440828 0.00499769751603 -0.000223552535812 -0.000293322864112 0.00297337375911 0.0024103037623 0.00218499105271 0.000342644628675 -0.000198152083751 0.000775213167801 -0.000489088113238 0.00130337945225 0.0207285553788 0.000970856754627 0.000230353257978 0.00102659571096 0.000217025094973 0.0098496588732 -0.000149032865802 0.00129120835378 0.000165072773652 0.00050603152234 4.81555023158e-05 0.000977495978486 -4.57318384428e-05 0.00672848303893 0.00295274128473 
0.00271355674557 -0.000127281046825 0.00100749502432 0.00165156735936 -0.000713336864538 0.00127491253792 0.00612792868715 0.00309001183578 0.00202081680757 0.000796960886944 0.00161068191391 0.00345197282326 4.1530675641e-05 0.000821668467202 0.00205171976013 0.000970856754627 0.0231044131701 -9.25261898974e-05 0.000715131077685 0.00134511786064 0.00389187759352 0.000215953601849 0.0012719488082 0.00150533663255 0.0009921075028 0.00177345808426 0.000485204354953 -0.000662454578005 0.0023336052933 -0.000397633992202 
0.00212947901363 0.00129534065815 0.00133463827937 0.0022598551899 -0.000555280920302 0.00180678216063 -0.000623454858826 0.00146986987917 0.00167715108777 0.00185769768476 0.00150403468232 -8.32422662901e-05 0.000582093074985 0.00181445090667 0.00165696472221 0.000230353257978 -9.25261898974e-05 0.0233322294993 0.00133127782842 0.00144913744817 0.000442256378624 0.00139698757677 -0.00170703301277 0.000486072465387 0.00108574700438 0.00115351953101 0.00107563604203 0.000467460427191 0.00151611513874 0.000774997464836 
0.00318027748091 0.00310986828962 0.00146024830835 0.00209709987767 0.000450397654043 0.0017197624853 0.00119713343437 0.00252306389734 0.00130919264165 0.00076184029769 0.00279882141381 0.00241078551088 0.00368390376806 0.00251771205808 0.00168594190321 0.00102659571096 0.000715131077685 0.00133127782842 0.0258302836501 0.00288611590863 0.00235344641776 0.00207146249357 0.0033251061596 0.00491840773746 0.00323868336904 0.00253674403562 0.00213178456625 0.00276672135909 0.00292384866204 0.000185349004967 
0.0014824947218 0.000152481717534 0.000561151304199 0.00103137284918 -0.000680644579926 0.00139802242869 0.00373131606502 -5.0756662112e-05 0.00110421707742 0.000444916325471 0.000654164534401 0.000513016017991 0.000274662538197 -9.03227838883e-05 1.62808036472e-05 0.000217025094973 0.00134511786064 0.00144913744817 0.00288611590863 0.0185299486243 0.0009431783515 0.00150391384065 -7.8627475038e-05 0.000454361574122 0.00144112384337 -0.000952295682298 0.00189704579468 0.0013249162106 -0.00107906152686 0.000711586107951 
0.00585321615513 0.00222261805979 0.00454970912417 0.00247309521297 0.00599666696867 0.00167002441277 -0.0021836302894 0.00373672753439 0.000574585869776 0.00549537322487 0.0015753129901 0.00201961064025 0.000464559596571 0.00263583236762 0.00188956328259 0.0098496588732 0.00389187759352 0.000442256378624 0.00235344641776 0.0009431783515 0.0449800241388 0.000697199096729 0.00407524421601 0.00228884239372 0.00425387035169 0.00165871605915 0.000726566201357 0.000626181387505 0.00825857336588 0.00210632959976 
0.00229423939589 0.00156222694792 0.00124123228002 0.00204075103878 0.00060448044839 0.00034666725266 0.00155309470869 0.000245466327149 0.00143923113102 0.000188581752776 0.00187714915837 0.00167652404203 0.00088887233325 0.00181250101242 0.00231612294703 -0.000149032865802 0.000215953601849 0.00139698757677 0.00207146249357 0.00150391384065 0.000697199096729 0.00959025903479 0.000904488779741 0.00141392885185 0.000325825936341 0.000791670848138 0.000978457450415 0.00211625426397 0.0016044478147 0.000353378732261 
0.00061450793415 0.00047286455769 0.00101090058223 0.00148322787581 0.00120918887509 0.000654779249011 0.000689891024456 0.00162617215591 0.000547448104786 0.00134264720006 0.000198851862586 0.00206116880864 0.00127702552132 0.000866738472951 0.00162853458985 0.00129120835378 0.0012719488082 -0.00170703301277 0.0033251061596 -7.8627475038e-05 0.00407524421601 0.000904488779741 0.0190704049071 0.000648297708429 0.000268904804942 0.0010081651941 0.000609346715308 0.000691843670301 0.00221006818822 -6.80448208579e-05 
0.00354378359483 0.00173883921164 0.00111898652567 0.00243950450928 -0.000726021528197 0.00101647511611 0.000646628237846 0.0022060541204 0.000535619060474 0.00146053497971 0.00296602796849 0.00257683740175 0.00327340991332 0.00247912349756 0.00205907274945 0.000165072773652 0.00150533663255 0.000486072465387 0.00491840773746 0.000454361574122 0.00228884239372 0.00141392885185 0.000648297708429 0.0201688303257 0.00377532586514 0.00262063885973 0.000711847630382 0.00143145052513 0.00168793286193 0.00153513143191 
0.00368053338856 0.00362888098229 0.000602515115526 0.00275719201959 0.00266030131528 -0.000383402969714 -0.000209066721026 0.00365757894289 -0.00202978936974 0.000400337767547 0.00171104702034 0.00469075331688 0.0039287292381 0.00318773565137 0.000974089811677 0.00050603152234 0.0009921075028 0.00108574700438 0.00323868336904 0.00144112384337 0.00425387035169 0.000325825936341 0.000268904804942 0.00377532586514 0.0323090983433 0.00119626415817 0.00150544355027 0.00121262016666 0.00110508014024 0.000313544686196 
-0.000766380627432 0.00233341990993 0.00165217487468 0.00223380784248 -0.000707534622932 0.00212027465369 0.000457565667612 0.00114327686348 0.00114071695311 0.0015192467068 0.00397381643765 0.000610311030025 0.00134563883997 0.000542076059988 0.00457106323554 4.81555023158e-05 0.00177345808426 0.00115351953101 0.00253674403562 -0.000952295682298 0.00165871605915 0.000791670848138 0.0010081651941 0.00262063885973 0.00119626415817 0.0148777035797 0.000838993932254 0.000613974233312 0.00131443997741 0.00117368862456 
0.0020394002756 0.00185032352425 0.000985539177117 0.00191027128776 0.000757922552411 0.00141802921333 0.00292008048665 0.00178683839273 0.000880162035408 0.00110765916068 0.00187730582325 0.00114297937459 0.00116783086788 0.000446009341234 0.000312779220437 0.000977495978486 0.000485204354953 0.00107563604203 0.00213178456625 0.00189704579468 0.000726566201357 0.000978457450415 0.000609346715308 0.000711847630382 0.00150544355027 0.000838993932254 0.0133941746566 0.00164624931639 0.00177146156383 0.00130422556636 
0.00249636734562 0.00366704774948 0.000253275087711 0.00163340573627 0.00162257878751 0.00225363919197 0.00169455460983 0.000487021885986 0.00135025462608 0.00293329729476 0.000968107627209 0.00233757272763 0.00227469295255 0.00256654218243 0.00327429679328 -4.57318384428e-05 -0.000662454578005 0.000467460427191 0.00276672135909 0.0013249162106 0.000626181387505 0.00211625426397 0.000691843670301 0.00143145052513 0.00121262016666 0.000613974233312 0.00164624931639 0.0185810743671 0.00305864402848 0.00267867588069 
0.00598362232943 0.00221143163794 0.00310512467573 0.00133457910181 0.00503100828507 0.00181149154875 -0.00086189832869 0.00438350473726 0.000768267295351 0.00583801200332 0.00169144236898 0.00113835584212 0.00175848210886 0.000929942154629 0.00343054694524 0.00672848303893 0.0023336052933 0.00151611513874 0.00292384866204 -0.00107906152686 0.00825857336588 0.0016044478147 0.00221006818822 0.00168793286193 0.00110508014024 0.00131443997741 0.00177146156383 0.00305864402848 0.0393474685889 0.00265348582859 
0.000278626829087 0.000272957509347 -0.000468149545803 0.000767805892933 0.00500001960878 -0.000566054587036 -6.29322235034e-05 -0.000462229128023 0.000678178152455 0.00563730195477 0.0015731206519 -0.000491924913828 0.000688803655457 -0.000247779155065 0.00217049277968 0.00295274128473 -0.000397633992202 0.000774997464836 0.000185349004967 0.000711586107951 0.00210632959976 0.000353378732261 -6.80448208579e-05 0.00153513143191 0.000313544686196 0.00117368862456 0.00130422556636 0.00267867588069 0.00265348582859 0.0174600201376 

['DJ', 'S', 'HPQ', 'ETN', 'TXU', 'IFF', 'TEK', 'JCP', 'ORCL', 'AYE', 'BA', 'INTC', 'ABK', 'SPLS', 'EMN', 'CVX', 'TYC', 'IPG', 'GDW', 'BMY', 'HAL', 'KO', 'CIT', 'STA', 'UNM', 'RTN', 'PG', 'NCC', 'FCX', 'PCG']