40
0.103166553638 0.0368602928082 0.0485945029431 0.399937027552 0.0070666509449 0.126841392599 0.0585004976968 0.0160922749751 0.0135435889675 0.106356452037 0.0801839086902 0.0270606760034 0.101801748802 0.0678116165217 0.0203567883068 0.0963264580192 0.126255379542 -0.0142899737039 0.0347685991573 0.0411806556966 0.0429486266904 0.0101927526284 0.0540494724418 0.0206658862902 0.0962618702605 0.0705908558691 0.0373342989671 0.0451759103614 0.0461662895592 0.067616439087 0.234257183995 0.121962687623 0.0316717201181 0.126514999345 0.110374427341 0.0309991269713 0.00265371642944 0.101670797752 0.0160420823192 0.00413185853021 
0.372180514024 -0.00132236044456 0.0157441077946 0.0764570519636 0.00993360128535 -0.0155909449582 0.0327839077726 -0.00673413345966 0.0144391225633 -0.0266914639561 -0.0153566543278 -0.00606825799501 -0.0122740562677 -0.00253982725028 -0.00443435353885 0.0207455379729 0.019831585559 0.0178476294526 -0.0220450460724 0.016220233242 0.0304824380375 0.00867825345483 0.0250721978293 0.0105590478315 0.0250969613869 0.0268500469754 0.0203446203489 0.0142687544298 -0.00673704204491 0.0235870323025 0.0451171700272 0.000538300750923 0.00491343804043 0.00835486153902 -0.0107512344371 -0.000534432739592 0.00276415660496 0.000399475144358 0.0328669707257 0.00883847628247 
-0.00132236044456 0.329297633867 0.00605904729276 0.0506873063866 0.0309619513888 0.00785873031144 0.021100931077 -0.0146374712318 -0.0121603840922 -0.00188226948919 0.0057129555251 0.00345737010009 -0.00672877545774 0.00228413883076 -0.00872422676269 0.00490583826835 0.00306060393149 0.0211390716231 0.0070702999805 0.0169381158035 -0.0130617058269 0.0156874376662 0.0144975003479 0.0131271068953 0.0157462229675 -0.00409391083528 0.00601673522059 0.0162829325439 0.0130832143602 0.0165749182631 -0.00398000612298 -0.0149342168888 0.0105268641639 0.0121246721849 0.0170947510503 0.00887269846039 -0.0170113587504 0.0139439561044 -0.0127670771879 0.00558565153939 
0.0157441077946 0.00605904729276 0.139017941149 0.00775133827161 0.0155253201123 0.0078845600097 0.00630365211873 0.000766930150771 0.0120077596562 0.00264935202909 0.0206003112415 0.00374418729464 0.00108174978244 0.00457953883712 0.0471088148705 0.0392517726943 0.0079194667577 0.0155207500375 0.0126279018969 0.0153102846724 0.00505244522049 0.0174648803791 0.0311601645161 0.0286708291706 -0.00549408092728 0.010160400283 0.0142192214516 0.01529231561 0.0213702757385 0.0117711303079 0.0042354835773 0.0217801684723 0.0214403214205 0.00935222324392 -0.00132614132249 0.00112211064017 0.00462237684655 0.0127513999551 0.0494998264453 0.0126722079892 
0.0764570519636 0.0506873063866 0.00775133827161 1.30854202446 0.00348092714097 0.0200502879591 0.109256715334 0.00310499732996 0.00417184326075 0.0877368197551 0.0674258823865 0.0378366925907 0.0107578728717 0.0383870010636 0.0242819070299 0.0465661023769 0.0997039917448 0.010692160877 0.0150087576558 0.00313062986869 0.0122401762823 0.0308722956431 0.0251694419645 0.0422959483084 0.0167108279092 0.0301563514423 0.000505652832349 0.0241574456987 0.040761524837 0.0600940607069 -0.018326439023 0.0376727765747 -0.048120152042 0.0437847112082 0.0309666490364 -0.00240626430265 0.00824135524582 0.0294080774164 0.0154315897305 0.0275904001074 
0.00993360128535 0.0309619513888 0.0155253201123 0.00348092714097 0.174782319875 0.00878878700735 0.000904531064935 -0.00165711679004 -0.00312074084791 0.00581706392318 0.00577358470186 -0.00812543671601 0.00816598920548 0.0169454082537 0.0161578298507 0.017376923097 0.0399832458102 0.0203464495943 0.0254312167517 0.0223103356534 0.0083390909964 0.0140867789456 0.00728572950302 0.0104717470861 0.00189073811577 0.0226904022542 -0.0119456952992 0.00973665451457 0.0101438374279 0.00495686667843 0.00256650803541 0.0119621847123 0.0104113166543 -0.00502372226016 -0.00234330869139 -0.0115875611419 0.00998452262456 0.01137351741 -0.00695264818983 -0.00450499755541 
-0.0155909449582 0.00785873031144 0.0078845600097 0.0200502879591 0.00878878700735 0.874369974916 0.0447978842917 0.0205605049295 -0.0164902603152 0.063063821785 -0.00232420242975 -0.0139138643316 0.0167275156186 -0.00728621305786 0.00761690948936 0.0222080652223 0.0196647873658 -0.00306485394489 0.00574110671601 -0.00705821343947 3.73923260196e-05 -0.00356385523735 -0.00683371608986 0.0522769206795 0.00291032923415 -0.0200317329862 0.0216014466097 -0.00162411365464 0.011372477909 -0.00298118074186 0.0213959549451 0.00954860001086 0.0160428078967 0.00250593508481 0.0304846077552 0.0556817082306 -0.00380780834023 0.0237819998398 0.0233527564187 0.0133551730677 
0.0327839077726 0.021100931077 0.00630365211873 0.109256715334 0.000904531064935 0.0447978842917 0.319860210477 -0.00937821506012 0.0127358446861 0.0437528535107 0.0136998686061 0.0184464656036 -0.000533508657303 0.0103290292189 0.0174694547177 0.0380619093387 0.0651203576331 0.0024139599531 0.0100013481981 0.0152222751318 -0.000717396915531 0.0690114629462 -0.0010460438867 0.0160550531736 0.00801873860049 0.0183867458227 0.0117535828242 0.0210861893464 0.0513712376809 0.0838114403102 0.018327373388 0.0141485615758 0.0156758768247 0.00937391832157 0.0337410578131 0.0294449921094 0.00814732550779 -0.0166647552075 0.0108761303054 0.0112332405071 
-0.00673413345966 -0.0146374712318 0.000766930150771 0.00310499732996 -0.00165711679004 0.0205605049295 -0.00937821506012 0.219486982815 -0.00117682636056 0.00528019363331 -0.0243327939447 0.0113085518167 -0.00381932435728 0.00162831504128 0.00972938758798 0.0084068083325 0.0217852171416 0.00746867348379 0.00533466637357 -0.012852814563 0.0111724435901 0.00895906518283 0.0239522379543 -0.000193081670045 0.0348073221879 0.00592788800089 0.0224091407277 -0.0230408748595 0.00785249738494 -0.0149402646202 -0.00199816160981 0.0299451363868 -0.0104722676335 0.00185177748445 -0.00956480744928 0.0215220387903 0.0169430260748 0.00333839260827 0.00720175651868 0.00669826110415 
0.0144391225633 -0.0121603840922 0.0120077596562 0.00417184326075 -0.00312074084791 -0.0164902603152 0.0127358446861 -0.00117682636056 0.254496102237 0.00928072442708 0.0279829607832 -0.000455529627491 -0.00427741085241 0.00365029449977 0.0244912984775 0.0173359022593 0.0122124851354 0.0165089424984 0.0309203777166 0.0210618941113 0.00804703896943 0.0152734300006 0.0195405809398 0.0219904177541 0.00181012816945 0.0238253232972 0.00497497408697 0.0497635953649 0.0349391627038 -0.00182503896269 -0.000316526848425 0.00146046276111 0.0141467223144 0.020305403845 0.0113494524684 -0.00197234614548 0.0141494074293 0.00621446054518 0.0144455978726 0.0179202541692 
-0.0266914639561 -0.00188226948919 0.00264935202909 0.0877368197551 0.00581706392318 0.063063821785 0.0437528535107 0.00528019363331 0.00928072442708 0.467070088871 0.0139055064692 0.0651212499072 0.0183084413997 -0.00201700180429 -0.00698322843519 0.0260619577679 0.00527856618906 -0.00859715720154 0.0867604220856 0.0221039244958 0.0313876043019 0.0295781418625 0.0288271114964 0.049862339845 0.03165873956 0.0279802888061 0.055660149219 0.0406149711116 0.00976625724604 -0.00437082489038 0.0575045415371 0.12663368406 0.0084020511944 0.0562858215204 0.202303890931 0.03549289702 -0.00667292935352 0.0235145274357 0.00652209195504 0.0232431329728 
-0.0153566543278 0.0057129555251 0.0206003112415 0.0674258823865 0.00577358470186 -0.00232420242975 0.0136998686061 -0.0243327939447 0.0279829607832 0.0139055064692 0.571749204102 0.0031104304313 -0.00495188598592 0.0337987870515 0.0291150906462 0.0238458860563 0.0454617086128 0.00647979002397 -0.0211301008968 0.0176192820723 -0.0100986283854 0.0296137946303 0.00327490237559 0.0125657732787 -0.00040831858482 0.00686333164654 -0.0117349862096 0.00235689401513 0.0144161161147 0.043307511849 0.0140172150926 0.00933811191056 -0.0106183968002 0.0149399354839 0.014471958154 -0.00601161505754 -0.0153231577117 -0.00910299868121 0.0261820474672 -0.000689334327307 
-0.00606825799501 0.00345737010009 0.00374418729464 0.0378366925907 -0.00812543671601 -0.0139138643316 0.0184464656036 0.0113085518167 -0.000455529627491 0.0651212499072 0.0031104304313 0.187574683591 0.0301428148715 0.0158913167441 -0.00978105839827 0.0244113321683 0.0239352077908 -0.00683339453345 0.0524278807428 0.0138901259331 0.00387428081515 -0.00184830998902 0.0160373634557 0.0369931374576 0.0621758151684 -0.00176661043217 0.0412404367561 0.00474565889947 -0.0114290705912 0.0148713204594 0.00668044963403 0.0505285039632 0.0225981695531 0.0254660619348 0.0952389638292 0.0116176415519 -0.00168870707956 -0.0121987503457 0.027615534271 0.0276284877794 
-0.0122740562677 -0.00672877545774 0.00108174978244 0.0107578728717 0.00816598920548 0.0167275156186 -0.000533508657302 -0.00381932435728 -0.00427741085241 0.0183084413997 -0.00495188598592 0.0301428148715 0.304195841122 0.0167475408007 0.0115483791585 0.00328584752264 0.0470806756176 0.00611127148576 0.0156569248281 0.0286384014614 0.00204845598179 0.0253595844418 0.00704028628561 0.0175243495018 0.00619495240106 0.0185587065473 0.0279330764738 0.0153930022823 0.00779620561014 0.0555010132963 0.00718611539264 0.0262595856611 0.0115469743543 0.0208299972936 0.0225324719485 0.0246420760777 -0.00523482635312 0.0245669603334 0.00432149157396 0.0148793933874 
-0.00253982725028 0.00228413883076 0.00457953883712 0.0383870010636 0.0169454082537 -0.00728621305786 0.0103290292189 0.00162831504128 0.00365029449977 -0.00201700180429 0.0337987870515 0.0158913167441 0.0167475408007 0.237851764766 0.00854813492246 0.0228972549414 0.00986371049278 0.0310983427487 0.0156832972242 -0.00309373551136 0.00618094786449 0.00262030414243 -0.000386479670749 0.0099001953952 0.00411578722849 -0.0105748654543 0.0169585943547 0.00314993948766 0.029418685834 0.020376020975 -0.0118219044426 0.0152145332502 -0.0164411615657 0.0283828640601 0.00162488553466 0.0222961583022 -0.00711142173597 0.000774453963261 0.0167795107761 0.0275225718988 
-0.00443435353885 -0.00872422676269 0.0471088148705 0.0242819070299 0.0161578298507 0.00761690948936 0.0174694547177 0.00972938758798 0.0244912984775 -0.00698322843519 0.0291150906462 -0.00978105839827 0.0115483791585 0.00854813492246 0.265568904087 0.0124077529624 0.0080060532066 0.00276907980228 -0.0234444004324 0.0201620112373 0.0108191006039 0.0429360494544 0.00188284406014 0.0237744948738 -0.020462903273 0.0207578420855 0.0144380750036 0.00625587308507 0.0222701460891 0.022196569639 0.0226422787008 -0.0146449977821 0.0209332493112 0.0262971876125 -0.0109408666076 0.0201610248322 0.0372508688436 0.01283203687 0.0417263419763 0.00531830008502 
0.0207455379729 0.00490583826835 0.0392517726943 0.0465661023769 0.017376923097 0.0222080652223 0.0380619093387 0.0084068083325 0.0173359022593 0.0260619577679 0.0238458860563 0.0244113321683 0.00328584752264 0.0228972549414 0.0124077529624 0.462865452245 0.0242629853173 0.0172436018227 0.0107066870579 0.0349310616973 0.0166192345585 0.0191354393029 0.0199358509734 0.0520312912685 0.0394722267417 0.0349040044611 0.000603340422848 0.0145518260393 0.0311349147891 0.0049274028269 0.0275226840951 0.00102564249446 0.0178602934855 -0.00495272328942 -0.0022598091031 0.0254667776611 0.00844242409432 0.0133632223873 0.0305372667238 0.0111933135944 
0.019831585559 0.00306060393149 0.0079194667577 0.0997039917448 0.0399832458102 0.0196647873658 0.0651203576331 0.0217852171416 0.0122124851354 0.00527856618906 0.0454617086128 0.0239352077908 0.0470806756176 0.00986371049278 0.0080060532066 0.0242629853173 0.511809463444 0.0275849066279 0.0261078503114 0.00243394418082 0.00615839093057 0.031085296742 0.014536207004 0.0303205118268 0.0282919721425 0.0101712907642 0.000862300135416 0.00911084004396 0.0281898801342 0.0931757045624 0.0197469603886 0.0267087263064 0.0386534661563 0.0389042583308 0.0152396072036 0.00282746737315 0.0197330145873 0.0472285678251 0.022312131369 0.00998884682611 
0.0178476294526 0.0211390716231 0.0155207500375 0.010692160877 0.0203464495943 -0.00306485394489 0.0024139599531 0.00746867348379 0.0165089424984 -0.00859715720154 0.00647979002397 -0.00683339453345 0.00611127148576 0.0310983427487 0.00276907980228 0.0172436018227 0.0275849066279 0.185589003007 0.000642340427037 0.0117000621954 0.00363344190112 0.0311303148452 0.0093313250045 0.00687705265634 0.0356705671981 0.0140640038512 0.00683548765351 0.0152068558544 0.0274034377409 0.0252253854373 -0.0148850432155 0.0201168899713 0.02404169475 0.014834590296 0.00744096923262 -0.00129710706947 0.00136710860146 -0.00135539281927 0.0204135349968 0.0141154862766 
-0.0220450460724 0.0070702999805 0.0126279018969 0.0150087576558 0.0254312167517 0.00574110671601 0.0100013481981 0.00533466637358 0.0309203777166 0.0867604220856 -0.0211301008968 0.0524278807428 0.0156569248281 0.0156832972242 -0.0234444004324 0.0107066870579 0.0261078503114 0.000642340427036 0.211819520317 -0.01397005576 -0.00166648453111 0.00128739962784 0.0156073855594 0.0138811652974 0.0154267819664 0.0195822457591 0.0134561281908 0.0100573454593 0.0168676518424 0.0108337874527 0.0202280604269 0.0945723760478 0.0251990141701 0.0257834571603 0.120296983526 0.012026944975 -0.00365393329202 0.0156729545489 0.018708100748 0.0345520801777 
0.016220233242 0.0169381158035 0.0153102846724 0.00313062986869 0.0223103356534 -0.00705821343947 0.0152222751318 -0.012852814563 0.0210618941113 0.0221039244958 0.0176192820723 0.0138901259331 0.0286384014614 -0.00309373551136 0.0201620112373 0.0349310616973 0.00243394418082 0.0117000621954 -0.01397005576 0.20103086492 0.0152116545697 0.0270820061826 0.00979289292172 0.0199216844239 0.0374212976043 0.0193887841721 0.0180769681754 0.0390739798288 0.0229182757644 0.018043555134 0.00503526498423 -0.00219877896958 0.0103969395054 0.0185351025754 -0.0117501951417 -0.00154707869803 0.018295668444 0.00130917470778 0.0169777612512 0.00773152170787 
0.0304824380375 -0.0130617058269 0.00505244522049 0.0122401762823 0.0083390909964 3.73923260196e-05 -0.000717396915531 0.0111724435901 0.00804703896943 0.0313876043019 -0.0100986283854 0.00387428081515 0.00204845598179 0.00618094786449 0.0108191006039 0.0166192345585 0.00615839093057 0.00363344190112 -0.00166648453111 0.0152116545697 0.20937040272 0.0164029095403 0.0198553971753 0.0112898128423 0.0150672523525 0.0224078331909 0.0108190536659 0.00660922317887 0.019992025366 -0.00415053854974 -0.0181224239132 0.010962300511 -0.00112491069378 0.0171078818658 0.0129836954685 0.0573986901447 -0.000577350887267 0.00550536738953 0.0207093350768 0.00602899904159 
0.00867825345483 0.0156874376662 0.0174648803791 0.0308722956431 0.0140867789456 -0.00356385523735 0.0690114629462 0.00895906518283 0.0152734300006 0.0295781418625 0.0296137946303 -0.00184830998902 0.0253595844418 0.00262030414243 0.0429360494544 0.0191354393029 0.031085296742 0.0311303148452 0.00128739962784 0.0270820061826 0.0164029095403 0.241396758696 0.00468101399273 0.0348439056193 -0.0174471201773 0.0148849117665 0.00332946024639 0.0141608174445 0.0207412937203 0.0359218302462 -0.030478938793 0.0150266639078 0.0293110461117 0.00414249765943 0.0125276005822 0.0347657220785 0.00896912154155 0.00894323548153 0.0284036155952 -0.00217017230097 
0.0250721978293 0.0144975003479 0.0311601645161 0.0251694419645 0.00728572950302 -0.00683371608986 -0.0010460438867 0.0239522379543 0.0195405809398 0.0288271114964 0.00327490237559 0.0160373634557 0.00704028628561 -0.000386479670747 0.00188284406014 0.0199358509734 0.014536207004 0.0093313250045 0.0156073855594 0.00979289292172 0.0198553971753 0.00468101399273 0.270058890072 0.0375714292967 0.0317522163648 0.0123677424005 0.015847191864 0.00652130335465 0.0165967535321 0.021651369118 0.0157370607156 0.0451817157831 -0.00501686289746 0.0431589143733 0.00370702852225 0.0226904832339 0.0201711049543 0.0118965125948 0.0214787872876 0.0183828778978 
0.0105590478315 0.0131271068953 0.0286708291706 0.0422959483084 0.0104717470861 0.0522769206795 0.0160550531736 -0.000193081670045 0.0219904177541 0.049862339845 0.0125657732787 0.0369931374576 0.0175243495018 0.0099001953952 0.0237744948738 0.0520312912685 0.0303205118268 0.00687705265634 0.0138811652974 0.0199216844239 0.0112898128423 0.0348439056193 0.0375714292967 0.210020929795 0.0242294093057 0.0191733906121 0.051154031383 0.0239423532399 0.0378046736137 0.0249978965842 -0.00961198989516 0.0255503083993 0.0308733168558 0.0241613711938 0.0130299690587 0.0256062647271 0.00902884734916 0.0138971591081 0.0337684364663 0.0283026747098 
0.0250969613869 0.0157462229675 -0.00549408092728 0.0167108279092 0.00189073811577 0.00291032923415 0.00801873860049 0.0348073221879 0.00181012816945 0.03165873956 -0.00040831858482 0.0621758151684 0.00619495240106 0.00411578722849 -0.020462903273 0.0394722267417 0.0282919721425 0.0356705671981 0.0154267819664 0.0374212976043 0.0150672523525 -0.0174471201773 0.0317522163648 0.0242294093057 0.38382462964 0.0188468919927 0.0492933292164 -0.00735732629368 0.0181534534162 0.0255387715153 -0.00412848762808 0.0449997737061 0.0140171882078 0.0410386281269 0.0442916335912 -0.0333955348019 0.0265209574127 0.0139612741359 0.0240728846098 0.0502837664418 
0.0268500469754 -0.00409391083528 0.010160400283 0.0301563514423 0.0226904022542 -0.0200317329862 0.0183867458227 0.00592788800089 0.0238253232972 0.0279802888061 0.00686333164654 -0.00176661043217 0.0185587065473 -0.0105748654543 0.0207578420855 0.0349040044611 0.0101712907642 0.0140640038512 0.0195822457591 0.0193887841721 0.0224078331909 0.0148849117665 0.0123677424005 0.0191733906121 0.0188468919927 0.477833528984 0.00583167298124 0.0122140770346 0.00407423801184 0.0665603862078 0.0569549342421 0.0039587438127 0.0227901120609 0.00831216901395 -0.0186414802543 0.0306051436662 -0.012287267189 -0.00654462298734 0.0234347401811 0.0261268901222 
0.0203446203489 0.00601673522059 0.0142192214516 0.000505652832349 -0.0119456952992 0.0216014466097 0.0117535828242 0.0224091407277 0.00497497408697 0.055660149219 -0.0117349862096 0.0412404367561 0.0279330764738 0.0169585943547 0.0144380750036 0.000603340422848 0.000862300135416 0.00683548765351 0.0134561281908 0.0180769681754 0.0108190536659 0.00332946024639 0.015847191864 0.051154031383 0.0492933292164 0.00583167298124 0.244278021698 -0.00523119181774 0.000516476368482 0.0326727231429 0.0137289528185 0.0590232396468 0.0288009940724 0.070912223035 0.0155629916554 0.00206662479807 0.00639586938132 0.00492035659799 0.0257207278276 0.0528029987265 
0.0142687544298 0.0162829325439 0.01529231561 0.0241574456987 0.00973665451457 -0.00162411365464 0.0210861893464 -0.0230408748595 0.0497635953649 0.0406149711116 0.00235689401513 0.00474565889947 0.0153930022823 0.00314993948766 0.00625587308507 0.0145518260393 0.00911084004396 0.0152068558544 0.0100573454593 0.0390739798288 0.00660922317887 0.0141608174445 0.00652130335465 0.0239423532399 -0.00735732629368 0.0122140770346 -0.00523119181774 0.375955137843 0.0120265858726 0.0753812356597 -0.00889242097872 0.0248724232299 -0.0114926807587 0.0190883511535 0.0257235302015 0.00804306227009 0.0111533730808 0.00248468489368 0.0262904979426 0.00283482111504 
-0.00673704204491 0.0130832143602 0.0213702757385 0.040761524837 0.0101438374279 0.011372477909 0.0513712376809 0.00785249738494 0.0349391627038 0.00976625724604 0.0144161161147 -0.0114290705912 0.00779620561014 0.029418685834 0.0222701460891 0.0311349147891 0.0281898801342 0.0274034377409 0.0168676518424 0.0229182757644 0.019992025366 0.0207412937203 0.0165967535321 0.0378046736137 0.0181534534162 0.00407423801184 0.000516476368482 0.0120265858726 0.324983262844 0.0173035052884 0.117002443189 -0.0135612729048 0.0280272853519 0.0142883181183 -0.0036284381507 0.0366850501495 -0.0115573701603 0.0178629679963 0.0196174370961 0.00777575291935 
0.0235870323025 0.0165749182631 0.0117711303079 0.0600940607069 0.00495686667843 -0.00298118074186 0.0838114403102 -0.0149402646202 -0.00182503896268 -0.00437082489038 0.043307511849 0.0148713204594 0.0555010132963 0.020376020975 0.022196569639 0.0049274028269 0.0931757045624 0.0252253854373 0.0108337874527 0.018043555134 -0.00415053854974 0.0359218302462 0.021651369118 0.0249978965842 0.0255387715153 0.0665603862078 0.0326727231429 0.0753812356597 0.0173035052884 0.381283587875 0.0366025236903 0.0334447916632 0.0467072340573 0.021734284571 -0.0176505192005 0.000213470405398 0.0303451434297 0.00546642342801 0.028926463792 0.0238033532549 
0.0451171700272 -0.00398000612298 0.0042354835773 -0.018326439023 0.00256650803541 0.0213959549451 0.018327373388 -0.00199816160981 -0.000316526848426 0.0575045415371 0.0140172150926 0.00668044963403 0.00718611539264 -0.0118219044426 0.0226422787008 0.0275226840951 0.0197469603886 -0.0148850432155 0.0202280604269 0.00503526498423 -0.0181224239132 -0.030478938793 0.0157370607156 -0.00961198989516 -0.00412848762808 0.0569549342421 0.0137289528185 -0.00889242097872 0.117002443189 0.0366025236903 1.25125409764 0.034100004727 0.06681104941 0.00617849380657 0.0146394165154 0.00953159283581 0.0213521202476 0.0489360395422 0.0321009074675 0.0148892487298 
0.000538300750923 -0.0149342168888 0.0217801684723 0.0376727765747 0.0119621847123 0.00954860001086 0.0141485615758 0.0299451363868 0.00146046276111 0.12663368406 0.00933811191056 0.0505285039632 0.0262595856611 0.0152145332502 -0.0146449977821 0.00102564249446 0.0267087263064 0.0201168899713 0.0945723760478 -0.00219877896958 0.010962300511 0.0150266639078 0.0451817157831 0.0255503083993 0.0449997737061 0.0039587438127 0.0590232396468 0.0248724232299 -0.0135612729048 0.0334447916632 0.034100004727 0.398659000238 0.022245970684 0.0609694283582 0.13084907606 -0.0147598198009 0.00143559996656 -0.00107250763055 0.0102670616995 0.0203005144116 
0.00491343804043 0.0105268641639 0.0214403214205 -0.048120152042 0.0104113166543 0.0160428078967 0.0156758768247 -0.0104722676335 0.0141467223144 0.0084020511944 -0.0106183968002 0.0225981695531 0.0115469743543 -0.0164411615657 0.0209332493112 0.0178602934855 0.0386534661563 0.02404169475 0.0251990141701 0.0103969395054 -0.00112491069378 0.0293110461117 -0.00501686289745 0.0308733168558 0.0140171882078 0.0227901120609 0.0288009940724 -0.0114926807587 0.0280272853519 0.0467072340573 0.06681104941 0.022245970684 0.265324103129 0.0341926935739 0.0106472213266 0.00358196470146 0.00465539651001 -0.0177489003276 0.0238015417971 0.0308881161719 
0.00835486153902 0.0121246721849 0.00935222324392 0.0437847112082 -0.00502372226016 0.00250593508481 0.00937391832157 0.00185177748445 0.020305403845 0.0562858215204 0.0149399354839 0.0254660619348 0.0208299972936 0.0283828640601 0.0262971876125 -0.00495272328942 0.0389042583308 0.014834590296 0.0257834571603 0.0185351025754 0.0171078818658 0.00414249765943 0.0431589143733 0.0241613711938 0.0410386281269 0.00831216901395 0.070912223035 0.0190883511535 0.0142883181183 0.021734284571 0.00617849380657 0.0609694283582 0.0341926935739 0.248966178528 0.0286573666154 0.0218479648945 -0.0139486651001 0.0057107670678 0.0129336050119 0.0482477891718 
-0.0107512344371 0.0170947510503 -0.00132614132249 0.0309666490364 -0.00234330869139 0.0304846077552 0.0337410578131 -0.00956480744928 0.0113494524684 0.202303890931 0.014471958154 0.0952389638292 0.0225324719485 0.00162488553466 -0.0109408666076 -0.0022598091031 0.0152396072036 0.00744096923262 0.120296983526 -0.0117501951417 0.0129836954685 0.0125276005822 0.00370702852225 0.0130299690587 0.0442916335912 -0.0186414802543 0.0155629916554 0.0257235302015 -0.0036284381507 -0.0176505192005 0.0146394165154 0.13084907606 0.0106472213266 0.0286573666154 0.448037745278 -0.0176794719826 0.00271737752863 -0.00298255748389 0.0457381307721 0.0243927613905 
-0.000534432739592 0.00887269846039 0.00112211064017 -0.00240626430265 -0.0115875611419 0.0556817082306 0.0294449921094 0.0215220387903 -0.00197234614548 0.03549289702 -0.00601161505754 0.0116176415519 0.0246420760777 0.0222961583022 0.0201610248322 0.0254667776611 0.00282746737315 -0.00129710706947 0.012026944975 -0.00154707869803 0.0573986901447 0.0347657220785 0.0226904832339 0.0256062647271 -0.0333955348019 0.0306051436662 0.00206662479807 0.00804306227009 0.0366850501495 0.000213470405398 0.00953159283581 -0.0147598198009 0.00358196470146 0.0218479648945 -0.0176794719826 0.475973885312 0.00196784465493 -0.0206621646674 0.0139342807633 0.0019421235493 
0.00276415660496 -0.0170113587504 0.00462237684655 0.00824135524582 0.00998452262456 -0.00380780834023 0.00814732550779 0.0169430260748 0.0141494074293 -0.00667292935352 -0.0153231577117 -0.00168870707956 -0.00523482635312 -0.00711142173597 0.0372508688436 0.00844242409432 0.0197330145873 0.00136710860146 -0.00365393329202 0.018295668444 -0.000577350887267 0.00896912154155 0.0201711049543 0.00902884734916 0.0265209574127 -0.012287267189 0.00639586938132 0.0111533730808 -0.0115573701603 0.0303451434297 0.0213521202476 0.00143559996656 0.00465539651001 -0.0139486651001 0.00271737752863 0.00196784465493 0.238835765053 0.00674350361333 0.0205994216713 0.00333597725985 
0.000399475144358 0.0139439561044 0.0127513999551 0.0294080774164 0.01137351741 0.0237819998398 -0.0166647552075 0.00333839260827 0.00621446054519 0.0235145274357 -0.00910299868121 -0.0121987503457 0.0245669603334 0.00077445396326 0.01283203687 0.0133632223873 0.0472285678251 -0.00135539281927 0.0156729545489 0.00130917470778 0.00550536738953 0.00894323548153 0.0118965125948 0.0138971591081 0.0139612741359 -0.00654462298734 0.00492035659799 0.00248468489368 0.0178629679963 0.00546642342801 0.0489360395422 -0.00107250763055 -0.0177489003276 0.0057107670678 -0.00298255748389 -0.0206621646674 0.00674350361333 0.298264192002 0.014087712872 0.00533682374082 
0.0328669707257 -0.0127670771879 0.0494998264453 0.0154315897305 -0.00695264818984 0.0233527564187 0.0108761303054 0.00720175651868 0.0144455978726 0.00652209195504 0.0261820474672 0.027615534271 0.00432149157396 0.0167795107761 0.0417263419763 0.0305372667238 0.022312131369 0.0204135349968 0.018708100748 0.0169777612512 0.0207093350768 0.0284036155952 0.0214787872876 0.0337684364663 0.0240728846098 0.0234347401811 0.0257207278276 0.0262904979426 0.0196174370961 0.028926463792 0.0321009074675 0.0102670616995 0.0238015417971 0.0129336050119 0.0457381307721 0.0139342807633 0.0205994216713 0.014087712872 0.175454453994 0.0214489658938 
0.00883847628247 0.00558565153939 0.0126722079892 0.0275904001074 -0.00450499755541 0.0133551730677 0.0112332405071 0.00669826110415 0.0179202541692 0.0232431329728 -0.000689334327307 0.0276284877794 0.0148793933874 0.0275225718988 0.00531830008502 0.0111933135944 0.00998884682611 0.0141154862766 0.0345520801777 0.00773152170787 0.00602899904159 -0.00217017230097 0.0183828778978 0.0283026747098 0.0502837664418 0.0261268901222 0.0528029987265 0.00283482111504 0.00777575291935 0.0238033532549 0.0148892487298 0.0203005144116 0.0308881161719 0.0482477891718 0.0243927613905 0.0019421235493 0.00333597725985 0.00533682374082 0.0214489658938 0.184408728089 
0.0322317779939 -0.000114519773795 0.001363479731 0.0066213749299 0.000860275106418 -0.00135021544028 0.00283916969664 -0.000583193064854 0.00125046469482 -0.00231154858501 -0.0013299252765 -0.000525526558039 -0.00106296445353 -0.000219955491997 -0.000384026281401 0.00179661628997 0.00171746568914 0.00154565005033 -0.00190915699263 0.00140471340429 0.00263985657098 0.000751558795236 0.00217131602489 0.000914440366182 0.00217346061188 0.00232528227735 0.00176189580525 0.00123571038165 -0.000583444955726 0.00204269691738 0.00390726153905 4.66182125175e-05 0.000425516216293 0.000723552233789 -0.00093108421446 -4.62832329101e-05 0.000239382983994 3.45955623194e-05 0.00284636315939 0.000765434499136 
-0.000114519773795 0.0285180116335 0.000524728887826 0.00438964949802 0.00268138364535 0.000680586009119 0.00182739423562 -0.00126764219339 -0.00105312015436 -0.000163009319441 0.000494756461543 0.000299417033696 -0.000582729048276 0.000197812225321 -0.000755540200487 0.000424858056725 0.00026505607556 0.0018306973038 0.000612305939549 0.00146688385781 -0.00113117690629 0.00135857195392 0.00125552035926 0.00113684080496 0.00136366291035 -0.000354543078418 0.000521064554887 0.00141014332311 0.00113303959991 0.00143543002815 -0.000344678640972 -0.00129334112114 0.000911653178815 0.00105002741247 0.00148044886809 0.000768398226682 -0.00147322688307 0.00120758202156 -0.00110566131768 0.00048373161298 
0.001363479731 0.000524728887826 0.0120393068617 0.000671285585654 0.00134453216191 0.000682822926606 0.000545912287144 6.64180993496e-05 0.00103990249048 0.000229440616076 0.0017840392861 0.000324256131369 9.36822792132e-05 0.000396599697056 0.004079743042 0.00339930322968 0.00068584593966 0.00134413638183 0.00109360838392 0.00132590954655 0.000437554591218 0.00151250300824 0.0026985494057 0.00248296664093 -0.000475801365347 0.000879916475768 0.00123142069991 0.0013243533801 0.00185072016754 0.00101940978779 0.000366803637526 0.00188621791957 0.00185678630155 0.000809926291109 -0.000114847207428 9.71776320243e-05 0.000400309577498 0.0011043036295 0.00428681071845 0.00109744540407 
0.0066213749299 0.00438964949802 0.000671285585654 0.113323063511 0.00030145713328 0.00173640587258 0.00946190910129 0.000268900656643 0.000361292224441 0.00759823147552 0.00583925270193 0.00327675369787 0.000931659119758 0.00332441180962 0.00210287483402 0.00403274276136 0.00863461897097 0.000925968294087 0.00129979654091 0.000271120499613 0.00106003036073 0.00267361923001 0.00217973761403 0.00366293657122 0.00144720014876 0.00261161664345 4.3790819831e-05 0.00209209616656 0.00353005160058 0.00520429831887 -0.00158711617548 0.00326255815448 -0.00416732741023 0.00379186722037 0.00268179047356 -0.000208388601431 0.000713722300449 0.00254681421191 0.00133641487274 0.00238939873935 
0.000860275106418 0.00268138364535 0.00134453216191 0.00030145713328 0.0151365929144 0.000761131281681 7.83346880746e-05 -0.000143510523721 -0.000270264085291 0.000503772513291 0.000500007102271 -0.000703683461291 0.000707195409898 0.00146751540252 0.00139930911208 0.00150488568416 0.00346265065974 0.00176205422255 0.00220240797562 0.00193213174428 0.000722186464735 0.00121995084244 0.000630962683471 0.000906879899861 0.000163742724016 0.00196504647742 -0.0010345275595 0.000843219015749 0.000878482090446 0.00042927724667 0.000222266115768 0.00103595558456 0.00090164647095 -0.000435067109885 -0.000202936485566 -0.00100351223168 0.000864685023753 0.000984975500748 -0.000602116995597 -0.000390144232697 
-0.00135021544028 0.000680586009119 0.000682822926606 0.00173640587258 0.000761131281681 0.0757226610583 0.00387961058324 0.00178059195836 -0.0014280984348 0.00546148717256 -0.00020128183477 -0.0012049759976 0.00144864534679 -0.000631004560549 0.000659643711612 0.00192327486514 0.00170302054188 -0.000265424137516 0.000497194426191 -0.000611259214391 3.23827042396e-06 -0.000308638917095 -0.000591817173607 0.00452731413401 0.000252041905015 -0.00173479896478 0.00187074015225 -0.000140652368355 0.000984885477317 -0.000258177825572 0.00185294405207 0.000826933017999 0.00138934791866 0.000217020344368 0.00264004447404 0.00482217738538 -0.000329765875538 0.00205958160141 0.0020224080307 0.00115659191486 
0.00283916969664 0.00182739423562 0.000545912287144 0.00946190910129 7.83346880746e-05 0.00387961058324 0.0277007067933 -0.000812177248422 0.00110295650368 0.00378910826283 0.00118644342414 0.00159751078228 -4.62032050363e-05 0.000894520169997 0.00151289915758 0.00329625804039 0.00563958840138 0.000209055064311 0.000866142161164 0.00131828769675 -6.21283953447e-05 0.00597656800637 -9.05900579359e-05 0.00139040839074 0.000694443133433 0.00159233889754 0.00101789013113 0.0018261175643 0.00444887968555 0.00725828364364 0.00158719709386 0.00122530137516 0.00135757075568 0.000811805139948 0.00292206132167 0.0025500111181 0.000705579086265 -0.00144321013575 0.000941900513934 0.000972827164594 
-0.000583193064854 -0.00126764219339 6.64180993496e-05 0.000268900656643 -0.000143510523721 0.00178059195836 -0.000812177248422 0.0190081302918 -0.000101916152409 0.000457278182335 -0.00210728177011 0.00097934931533 -0.00033076319187 0.000141016219112 0.000842589681445 0.000728050958069 0.00188665514716 0.000646806096954 0.000461995660023 -0.00111308639217 0.000967561997135 0.000775877804249 0.00207432465459 -1.67213631264e-05 0.00301440252524 0.000513370159956 0.00194068851472 -0.00199539829537 0.000680046221851 -0.00129386487004 -0.000173045871496 0.00259332488308 -0.000906924980586 0.000160368634369 -0.000828336623338 0.00186386323337 0.00146730909977 0.000289113280657 0.000623690409704 0.000580086427738 
0.00125046469482 -0.00105312015436 0.00103990249048 0.000361292224441 -0.000270264085291 -0.0014280984348 0.00110295650368 -0.000101916152409 0.0220400089702 0.000803734311937 0.00242339549113 -3.94500229584e-05 -0.000370434646061 0.00031612477681 0.00212100866532 0.00150133317541 0.00105763223706 0.00142971635932 0.00267778325972 0.00182401353522 0.000696894017277 0.00132271783835 0.00169226394985 0.00190442604149 0.000156761697885 0.00206333352288 0.000430845394249 0.00430965377697 0.00302582024884 -0.000158053010458 -2.74120291716e-05 0.00012647978524 0.00122514209046 0.00175849955639 0.00098289141567 -0.000170810186704 0.00122537462823 0.000538188070295 0.00125102547305 0.00155193953528 
-0.00231154858501 -0.000163009319441 0.000229440616076 0.00759823147552 0.000503772513291 0.00546148717256 0.00378910826283 0.000457278182335 0.000803734311937 0.040449456231 0.00120425218548 0.00563966567458 0.00158555753559 -0.000174677480199 -0.00060476532253 0.00225703174993 0.000457137241529 -0.000744535653686 0.00751367295691 0.00191425601367 0.00271824626894 0.00256154222497 0.00249650108736 0.00431820529979 0.00274172727108 0.00242316409113 0.00482031032021 0.00351735967566 0.000845782687496 -0.000378524539057 0.00498003938041 0.0109667987371 0.000727638977825 0.00487449513096 0.0175200308831 0.00307377504732 -0.000577892633781 0.00203641781173 0.000564829731888 0.0020129143618 
-0.0013299252765 0.000494756461543 0.0017840392861 0.00583925270193 0.000500007102271 -0.00020128183477 0.00118644342414 -0.00210728177011 0.00242339549113 0.00120425218548 0.0495149335346 0.000269371177021 -0.000428845906045 0.00292706082037 0.00252144081331 0.00206511431005 0.00393709945581 0.000561166277194 -0.00182992041612 0.00152587458711 -0.000874566872516 0.00256462984523 0.000283614865217 0.00108822788776 -3.53614267291e-05 0.00059438195605 -0.00101627961706 0.000204113009113 0.00124847227792 0.00375054054359 0.00121392643605 0.000808704213793 -0.000919580137644 0.001293836366 0.00125330834039 -0.00052062113576 -0.00132702438445 -0.000788342810855 0.00226743182297 -5.96981039149e-05 
-0.000525526558039 0.000299417033696 0.000324256131369 0.00327675369787 -0.000703683461291 -0.0012049759976 0.00159751078228 0.00097934931533 -3.94500229584e-05 0.00563966567458 0.000269371177021 0.0162444441097 0.00261044434203 0.0013762284 -0.00084706450488 0.00211408337979 0.00207284979917 -0.000591789326005 0.00454038765898 0.00120292019198 0.000335522560731 -0.000160068340456 0.00138887641624 0.0032036996804 0.00538458354368 -0.000152992951285 0.00357152658939 0.000410986116464 -0.000989786547364 0.00128789413057 0.000578543909178 0.00437589680474 0.0019570588912 0.00220542565699 0.00824793621062 0.0010061172716 -0.000146246323045 -0.00105644276938 0.00239157542177 0.00239269722851 
-0.00106296445353 -0.000582729048276 9.36822792131e-05 0.000931659119758 0.000707195409898 0.00144864534679 -4.62032050363e-05 -0.00033076319187 -0.000370434646061 0.00158555753559 -0.000428845906045 0.00261044434203 0.0263441326138 0.00145037957843 0.00100011897238 0.000284562742757 0.00407730611122 0.00052925163561 0.00135592946463 0.00248015831894 0.000177401491876 0.0021962044356 0.000609706677325 0.00151765318533 0.000536498615456 0.00160723113314 0.00241907538322 0.0013330731017 0.000675171211151 0.00480652874504 0.000622335848455 0.00227414682753 0.000999997312767 0.0018039306817 0.00195136931174 0.00213406638853 -0.00045334926062 0.00212756117425 0.000374252148529 0.00128859326664 
-0.000219955491997 0.000197812225321 0.000396599697056 0.00332441180962 0.00146751540252 -0.000631004560549 0.000894520169997 0.000141016219112 0.00031612477681 -0.000174677480199 0.00292706082037 0.0013762284 0.00145037957843 0.0205985670623 0.000740290199782 0.00198296044562 0.000854222386233 0.0026931954836 0.00135821338112 -0.000267925354543 0.000535285787012 0.000226924995299 -3.34701212915e-05 0.000857382071467 0.000356437629644 -0.000915810212505 0.00146865735237 0.00027279276167 0.00254773292782 0.00176461517924 -0.00102380695684 0.00131761723014 -0.00142384635836 0.00245802813082 0.000140719215125 0.00193090394965 -0.000615867188038 6.70696806246e-05 0.00145314825952 0.00238352464418 
-0.0003840262814 -0.000755540200487 0.004079743042 0.00210287483402 0.00139930911208 0.000659643711612 0.00151289915758 0.000842589681445 0.00212100866532 -0.00060476532253 0.00252144081331 -0.00084706450488 0.00100011897238 0.000740290199782 0.0229989417394 0.00107454292694 0.000693344546097 0.000239809345388 -0.00203034463509 0.00174608139229 0.000936961596912 0.00371837095656 0.000163059078744 0.00205893165229 -0.00177213940696 0.00179768185738 0.00125037397349 0.000541774501452 0.00192865122592 0.00192227931842 0.00196087885545 -0.00126829401177 0.00181287256872 0.00227740325205 -0.000947506842163 0.0017459959671 0.00322601987316 0.00111128699117 0.00361360721585 0.000460578297857 
0.00179661628997 0.000424858056725 0.00339930322968 0.00403274276136 0.00150488568416 0.00192327486514 0.00329625804039 0.000728050958069 0.00150133317541 0.00225703174993 0.00206511431005 0.00211408337979 0.000284562742757 0.00198296044562 0.00107454292694 0.0400853240178 0.00210123616564 0.00149333972312 0.00092722629825 0.0030251186811 0.00143926793191 0.00165717765489 0.0017264953389 0.00450604200302 0.00341839511022 0.00302277545571 5.22508133316e-05 0.00126022510215 0.00269636271521 0.000426725602277 0.00238353436067 8.88232455405e-05 0.00154674678775 -0.000428918418655 -0.000195705209099 0.0022054876407 0.00073113537352 0.00115728900638 0.00264460487449 0.000969369392528 
0.00171746568914 0.00026505607556 0.00068584593966 0.00863461897097 0.00346265065974 0.00170302054188 0.00563958840138 0.00188665514716 0.00105763223706 0.000457137241529 0.00393709945581 0.00207284979917 0.00407730611122 0.000854222386233 0.000693344546097 0.00210123616564 0.044323999724 0.00238892299008 0.00226100616079 0.000210785749199 0.000533332299231 0.00269206566628 0.00125887245402 0.00262583334977 0.00245015665986 0.000880859619111 7.46773822957e-05 0.000789021892789 0.00244131523258 0.00806925271665 0.00171013693441 0.0023130435484 0.00334748836356 0.00336920760299 0.0013197886982 0.000244865857352 0.00170892919259 0.00409011395209 0.00193228725781 0.000865059510592 
0.00154565005033 0.0018306973038 0.00134413638183 0.000925968294087 0.00176205422255 -0.000265424137516 0.000209055064311 0.000646806096954 0.00142971635932 -0.000744535653686 0.000561166277194 -0.000591789326005 0.00052925163561 0.0026931954836 0.000239809345388 0.00149333972312 0.00238892299008 0.0160724791267 5.56283127692e-05 0.0010132551087 0.000314665298954 0.00269596434837 0.000808116450487 0.000595570230355 0.00308916173609 0.00121797846141 0.00059197059552 0.00131695234816 0.00237320732347 0.0021845824609 -0.0012890825561 0.00174217377602 0.00208207184036 0.0012847132051 0.000644406838423 -0.000112332767359 0.00011839507786 -0.000117380461359 0.00176786398883 0.00122243697023 
