50
0.0328492958576 0.357744060202 0.109746753301 0.0358419118375 0.168192385625 0.0453963667668 0.0279461936292 0.117315051398 0.0519302207626 0.0269248151276 0.0262084488718 0.0475630895173 0.0270606760034 0.082081594572 0.134581744136 0.0566217234647 0.0914492870129 0.0070666509449 0.0251356843311 0.0243185800675 0.0161964684659 0.0431815223905 0.00642009941462 0.00535997805058 0.128291051585 0.0948967479515 0.0560151075184 0.0716337087719 0.0301615681032 0.070293401022 0.101022755506 0.00194148072761 0.0695206157777 0.204332601919 0.022553065058 0.00326137985962 0.13190386478 0.0723841835345 0.0759168136047 -0.0148687542544 -0.00694067656108 0.125568601155 0.088181568025 0.0146303634135 0.0756818342608 0.0729384759615 0.00753480783794 0.0451759103614 0.0662185328213 0.134016582451 
0.311740909868 0.00824958026577 0.0322609259557 0.00159870456112 0.00591975742993 0.00571344431537 0.00916288766245 0.0205832632748 0.0133215273303 0.00978501260965 0.0304404485453 0.00249830812977 0.000755919280303 0.0682810886445 0.00325821422534 0.0168102332393 0.0642908759992 0.0115117621526 0.0211435988225 0.0491494571947 0.0207442837242 0.018080615056 0.00788262782917 0.00679955452075 0.0168163131841 0.00836668843232 0.057421301789 0.00469756184821 0.0168486200089 0.00920806047855 0.00202830910718 0.0198188451779 0.0117731371642 -0.0196138114274 0.0262539038985 0.0125949050741 0.0671388402986 0.0070123332342 0.0226907163541 -0.000643619840053 0.00687305324814 0.00315736920127 0.00904916213413 0.0169870719658 -0.00217844669438 -0.00729185152277 -0.00640295847384 0.0279485293684 -0.000648434387595 -0.00614297397413 
0.00824958026577 2.88505097747 0.0176471527627 0.0455332819253 -0.0238212478462 -0.00673406273146 -0.00588931469106 0.000895939600162 0.00476481828019 -0.00179663518006 -0.0079230338709 -0.0150951880853 -0.016868135871 0.0432060348709 -0.0195446095188 0.0477536095897 0.0243761562957 0.00814955097074 -0.00411330412134 0.00448932764207 -0.0099792328797 0.0536487683743 -0.00212642925539 0.00961398564608 0.00699168833344 -0.0265881876916 0.00970022225812 0.0142278978324 0.0219852575092 0.122496988376 -0.00384949974022 0.028984259481 0.0944026990319 0.0197663880969 -0.0124835091246 0.0112342223966 0.000128224217024 0.0405487371081 0.0280194348556 0.0108361944532 0.0265932130546 0.064629377505 0.0240873137864 0.0199248064333 0.0631153517559 -0.0157692770719 -0.000169587089773 0.0164542607473 -0.0167950619244 -0.017205228816 
0.0322609259557 0.0176471527627 0.390047137921 0.0390955865826 0.00230658958128 0.0111027374164 -0.00327275958103 -0.00269729271423 0.00326568115648 0.00585878997906 -0.00176796184694 0.000816275988193 0.0663997407388 0.0301364366783 0.0207737709785 0.00515304604204 0.0179681526278 -0.00416865904726 0.0010912092171 0.00591438999002 0.0250898474277 0.0283697286908 0.0262997612124 0.0198532071543 -0.000153602025746 0.0145121760835 0.000840108988579 0.00882798336527 0.0142999919982 0.0376998943559 -0.0105011986049 0.0164574187275 0.00533476787157 0.0267250228799 0.0102145618056 -0.00634611364892 -0.000266171210604 0.0771859090914 0.00437236102754 0.00740308896346 -0.00488829929436 0.0509960294098 0.038321194241 0.0050746489451 0.0147631775136 0.0379832448501 0.0271405909074 0.0127296204867 0.0244867123695 0.0167603923417 
0.00159870456112 0.0455332819253 0.0390955865826 0.18991237388 0.0553148879687 0.00685102586162 0.011023273587 -0.00836005319099 0.00179707873014 0.0119075062684 0.0158551297139 0.0018193357023 0.0144787266509 0.0312829249873 0.0306991768239 0.0229597180451 0.00392589148965 0.0096899305238 0.0152016908898 0.0105841500902 0.0303600209709 0.0169013523363 0.0208231335814 0.0246316989562 0.0132353099181 0.00780936314635 0.0146279791525 0.0144856978224 0.0150607608191 0.0117385226947 0.0172497718326 0.0300403589719 -0.00640246841756 -0.0051556571857 0.0104708353488 0.0105098947996 0.0209029193446 0.0188440762295 0.0178123111085 -0.00372776050724 0.0359119736999 0.0157863111265 0.0306847936023 0.00754558494862 0.0034668580129 0.0161637380044 0.0096574487178 0.00502507110346 0.067402002905 0.00100626267867 
0.00591975742993 -0.0238212478462 0.00230658958128 0.0553148879687 0.704757012366 -0.0168154975646 0.0106709414251 -0.00307576100573 0.00331905339442 -0.000669341593603 -0.0128652066535 0.0026377275003 -0.00114348676801 0.0527880660356 -0.00521705286098 0.0332156994942 0.0153512605919 0.0119146979772 0.0284835690141 0.0033189193594 0.00407457898603 0.0152834767592 0.00834334955726 0.00766794928987 0.00826389887417 -0.0156712943396 0.00176463605545 0.01086534982 -0.0181441933065 -0.00515637502907 0.0167451339456 0.0151826211714 -0.00300769444871 -0.00147490856901 0.0137923385834 -0.00807844560428 -0.0038492001961 -0.00152924796941 0.0269291537901 0.00946464327072 0.0997126685803 -0.00127072205918 0.0245146309857 -0.0150880473557 -0.017234219155 0.0247710101245 0.0116052401414 0.0209599488274 0.011709345644 0.0181672153147 
0.00571344431537 -0.00673406273146 0.0111027374164 0.00685102586162 -0.0168154975646 0.367018901058 -0.00472754148894 -0.0266669900691 -0.0184012332414 -0.00261066579593 0.021549632511 0.000273845339628 -0.0146832491935 0.0151439338332 0.00091178255872 0.00100608781956 0.0386644987238 0.0171610892118 0.00473354563374 0.0029445875398 0.0200913327976 -0.0112681886905 -0.00330519531868 -0.00595578289671 0.0173913844678 0.0349008338889 0.00370821897005 -0.00451589284088 0.00893653371452 0.0137016529942 -0.00603101871029 -0.00395027187871 0.000145412230908 0.010261246753 0.0134634687176 -0.0124789387305 0.00330366312374 -0.00161348941564 0.0420266053685 -0.00983678587022 -0.0192812603242 0.00122203295997 -0.00324476946711 0.0199070480676 -0.00452200067167 -0.000523370977859 0.0196886340144 0.0314588621638 -0.00512477703127 -0.00263114002899 
0.00916288766245 -0.00588931469106 -0.00327275958103 0.011023273587 0.0106709414251 -0.00472754148894 0.181986948784 0.00512260173914 0.0113537940506 0.00177192903636 -0.00015753496886 -0.00354045862228 0.00639564022781 0.0194865269234 0.00970476720202 0.0123774925653 0.0207635070447 0.00864804982249 -0.00139612513817 -0.00401969151363 0.000191678051541 -0.00292829752567 0.00376486725704 0.00588365217233 -0.00502231207 -0.00206978774641 0.00317902814634 -0.0111874348955 0.00695140150413 0.010944201574 0.0128604783086 0.0108077869647 0.023439837714 0.0196482295358 -0.00376405705577 0.0148804747703 -0.020140105698 0.00674952948411 -0.00627203222821 0.00693195205697 -0.00543258542636 -0.0143037063136 0.0126791251645 0.00967787628042 0.0205173992652 0.0476205030146 0.0266618828292 -0.0013979866957 0.0135255345455 0.00600608625983 
0.0205832632748 0.000895939600162 -0.00269729271423 -0.00836005319099 -0.00307576100573 -0.0266669900691 0.00512260173914 0.351853756751 0.0261768391505 0.00982130238299 0.0123811075881 -0.00542990229891 0.00591258620612 0.0265638878814 0.0140685740332 0.00489255074539 0.0299939389639 0.0225491330512 0.0256176228541 0.00654993710842 0.00085925145688 0.0120559967965 0.0103600671885 0.0115130533237 0.073800135872 0.0186135757082 -0.0078892101631 0.00856378220578 0.0179612730988 0.00883616603697 0.102673500056 -0.00781571585665 -0.0216182893183 -0.0360001957421 0.000936985250829 0.00962855326566 -0.00531838214643 -0.00350644948194 0.00557430365587 0.0147009515023 0.00747582124137 -0.0126505974639 -0.00805177395289 -0.00419424572536 0.0185833275294 0.00510748783966 0.0111862526955 -0.00240375232006 0.00125301436507 0.00529457698016 
0.0133215273303 0.00476481828019 0.00326568115648 0.00179707873014 0.00331905339442 -0.0184012332414 0.0113537940506 0.0261768391505 0.258244918553 0.0501580000031 0.0255099697075 0.00728123401986 0.0534517657891 0.0165667638833 -0.00971959873249 0.0327166550526 0.025714762798 0.0084614467045 0.00036292558385 0.00546495484505 0.0182950537857 0.00656156440884 0.0592858143847 0.0526264196745 0.00433826928351 0.0476452877159 0.0268321786711 0.0100619893136 0.0333244118063 0.025412450586 0.0143723546527 0.0198724090818 0.00390100520117 0.00646881904019 0.00511346951624 0.0192967415823 -0.0124934281569 0.0403007496645 0.00569735127899 0.047665517512 -0.000781880336195 0.0249941835508 0.000718346177019 -0.00278128216711 0.0263517077553 0.00556437060509 0.00248113998488 0.015500516407 0.0269487259456 0.0194873869441 
0.00978501260965 -0.00179663518006 0.00585878997906 0.0119075062684 -0.000669341593603 -0.00261066579593 0.00177192903636 0.00982130238299 0.0501580000031 0.200358173468 0.0101229638632 0.0245126739522 0.0526544896934 0.0277274779589 -0.0276437825385 0.0305513885331 0.0290047912922 0.00513443470707 0.00972235943285 0.021864697983 -0.00100221000833 -0.00420760371637 0.0510976972959 0.0448600287914 0.000129012309897 0.0163318944789 0.0026377429381 0.00649404957988 0.015522497352 0.00955516904952 -0.00235495241589 0.00416123511316 0.0221931634045 -0.000804754868186 0.00510853769808 0.00813929464371 -0.0233574231328 0.00614892722328 -0.000709571400166 0.0521761999896 -0.0114698840366 0.000718436912233 0.00169156572905 0.00969504698705 0.00926875465162 0.00572299221726 0.0147240492175 0.0102662129089 0.00502753936871 0.00376124008097 
0.0304404485453 -0.0079230338709 -0.00176796184694 0.0158551297139 -0.0128652066535 0.021549632511 -0.00015753496886 0.0123811075881 0.0255099697075 0.0101229638632 0.309214128121 0.00638692820449 0.0302008978769 0.0440679533476 0.0559454309944 0.0465209907606 0.0603400067092 -0.00480706615715 0.0200714465727 -0.0157423185361 0.0231070450469 0.0275381868363 0.0101670349636 0.0144620235162 0.00827577580104 -0.0138052292172 0.0236098066674 0.00526866471566 0.0521009524576 0.0267312629723 -0.00273697111222 0.0212225527766 -0.00361053314843 -0.0182587367366 0.0296960693061 0.0352210089641 0.00737982459607 0.0184205283434 0.0264149597763 0.0149957055879 0.0165726795386 0.00600528310231 -0.01754964893 0.0288713694293 0.00272533604711 0.0242431978822 -0.00017250227919 0.0614659047719 -0.00315699315136 0.0245987107121 
0.00249830812977 -0.0150951880853 0.000816275988193 0.0018193357023 0.0026377275003 0.000273845339626 -0.00354045862228 -0.00542990229891 0.00728123401986 0.0245126739522 0.00638692820449 0.31275471546 0.00631025770485 0.00206486660635 0.0207717393655 0.00317166411078 0.0454458554484 0.00116438690178 0.00758490317208 0.00138715395466 0.00213383846663 -0.013717626096 0.00590147481906 0.000886846618248 0.0228713431903 0.0113000636925 0.00545903105975 0.00875083755715 -0.00415237395443 -0.00648556557438 -0.00084637736813 0.00124212327884 0.00290148138588 -0.00744219880266 -0.00946828256748 0.00129712991562 0.0164685906169 -0.00635858905966 0.0195036501212 0.00564612307109 0.0321013901242 0.00790104141975 0.00715696918574 -0.00414215837858 0.00784057107855 -0.0147945635514 0.00984490028418 0.0180834641277 -0.0124254594558 -0.00137436914671 
0.000755919280303 -0.016868135871 0.0663997407388 0.0144787266509 -0.00114348676801 -0.0146832491935 0.00639564022781 0.00591258620612 0.0534517657891 0.0526544896934 0.0302008978769 0.00631025770485 0.20958219225 0.036441864108 -0.00239116424718 0.0249055999828 0.0462575229107 -0.00627009790332 -0.00221660018053 -0.00178474463698 0.0134517274914 0.0141884579374 0.0301694794746 0.0268332194806 0.00879525974983 0.033418806898 0.015885125452 0.00533982929622 0.0332768509343 0.0223466049148 -0.0108646233899 0.0278435284718 -0.00966979660406 0.0262150250196 -0.0129306350518 0.00315716134127 -0.0103754116089 0.027063936286 -0.000748071212443 0.0132439677302 -0.00289318942555 -0.00366491807079 0.0239725899474 0.0051002089775 0.00988679962954 -0.00346335091135 0.0100807841147 0.00742919034912 0.0116426517476 0.0216619480481 
0.0682810886445 0.0432060348709 0.0301364366783 0.0312829249873 0.0527880660356 0.0151439338332 0.0194865269234 0.0265638878814 0.0165667638833 0.0277274779589 0.0440679533476 0.00206486660635 0.036441864108 0.254948767755 0.0196004255968 0.0319623988274 0.0457537813887 0.0282300524257 -0.00366926196736 0.0181221744914 0.015839794964 0.0163545818302 0.0247889406135 0.00278706437445 0.0175014030866 0.0057076649892 0.0272998862 -0.00488886396154 0.0275155718825 0.0326365113208 0.0189140584044 0.0452349431721 0.00541849694758 0.00400331224342 0.00414138867301 0.00955397951671 -0.00215569023572 0.0216420233839 0.0269651450859 0.0201140010197 0.0253611257066 0.0245108030254 0.0460794174634 0.00290015897584 -0.00035186126263 0.0180076051025 0.00662494076629 0.00661748729366 0.0324707045686 0.0143168481587 
0.00325821422533 -0.0195446095188 0.0207737709785 0.0306991768239 -0.00521705286098 0.000911782558721 0.00970476720202 0.0140685740332 -0.00971959873249 -0.0276437825385 0.0559454309944 0.0207717393655 -0.00239116424718 0.0196004255968 0.376277844176 0.0131981994197 0.0474872764866 0.0167767645353 0.0168326809477 0.00238999862315 0.0178842283681 0.0237552408232 -0.00387744960886 -0.015363766479 0.00824049486008 0.0276879714953 0.0100674148858 0.0149567269761 0.0210648713701 -0.0154577252955 0.0312079664349 0.021635348424 0.00548931754625 -0.0315395800023 0.0138447833186 0.0168336435224 0.063627060905 0.0100667721646 -0.00213947740473 -0.0107830478722 0.0553446783665 -0.0210035631632 0.0313900031494 0.01935716414 0.0159686440573 0.0115115281855 0.0114428770169 0.0314906049904 0.0476228150608 0.0296748587162 
0.0168102332393 0.0477536095897 0.00515304604204 0.0229597180451 0.0332156994942 0.00100608781956 0.0123774925653 0.00489255074539 0.0327166550526 0.0305513885331 0.0465209907606 0.00317166411078 0.0249055999828 0.0319623988274 0.0131981994197 0.165123470432 0.0597738185644 0.00314202866371 0.024728480541 0.0266417052104 0.0150943968876 0.0119877988421 0.0319150611899 0.0271839426819 -0.00566706740863 0.00828572843907 0.0197768442185 0.017088482595 0.0733511147309 0.0162244465779 0.0139638167023 0.0292376742362 0.00983876913014 0.00361762195491 0.00964679957905 0.0180697921402 -0.00736574133508 0.020099417661 0.0318741077843 0.023316618505 0.0108045668434 0.0449961305666 0.0163903191864 0.00703183877642 0.0255690261132 0.00866198642813 -0.00106693311461 0.0196522608461 0.0179927612826 0.020246849232 
0.0642908759992 0.0243761562957 0.0179681526278 0.00392589148965 0.0153512605919 0.0386644987238 0.0207635070447 0.0299939389639 0.025714762798 0.0290047912922 0.0603400067092 0.0454458554484 0.0462575229107 0.0457537813887 0.0474872764866 0.0597738185644 0.462902394004 -0.00912074922432 0.0285045087504 0.0376769833559 0.0169930816376 0.049380048521 0.0222630530986 0.0230910702302 0.0372608282447 0.00766167072183 0.00651991797873 0.0373599471221 0.0335318117354 0.0486633426629 0.0378396424739 0.0486342325997 0.00306261459016 -0.0187493483937 0.0274050318753 0.0132973083711 -0.000289931470263 0.0202324084965 0.0421059162526 0.0319289267801 0.0418419777444 0.037391897423 0.0337360277315 0.0299116884679 0.0445801506387 0.0152087180219 0.0427665581796 0.0727464537864 0.0172824288941 0.0367445630555 
0.0115117621526 0.00814955097074 -0.00416865904726 0.0096899305238 0.0119146979772 0.0171610892118 0.00864804982249 0.0225491330512 0.0084614467045 0.00513443470707 -0.00480706615715 0.00116438690178 -0.00627009790332 0.0282300524257 0.0167767645353 0.00314202866371 -0.00912074922432 0.179050850845 0.0115900112838 0.0148033901412 0.000995548449325 0.00179399153766 0.00167740294443 -0.00168603358867 -0.00343886023103 0.0141017504146 0.0103571282853 0.00394458032394 0.0096805047111 0.00876923641757 0.0149183874174 0.01879070409 0.00205479890342 -0.00156132331202 0.0110974499462 0.00767412547989 -0.0189585158449 0.00692898948455 0.00992761659882 0.000586089676305 -0.000620045449709 0.00704989083679 0.0187928215728 -0.00328844527572 0.00461090352935 -0.000790997908711 0.0266022066243 0.0111123830021 -0.00736331947891 -0.00318331432122 
0.0211435988225 -0.00411330412134 0.0010912092171 0.0152016908898 0.0284835690141 0.00473354563374 -0.00139612513817 0.0256176228541 0.00036292558385 0.00972235943285 0.0200714465727 0.00758490317208 -0.00221660018053 -0.00366926196736 0.0168326809477 0.024728480541 0.0285045087504 0.0115900112838 0.124311003963 0.00252025639072 0.0123174917845 0.0197168826335 0.00645476397478 0.0108703818625 0.00640074283303 0.0173800175904 0.0136444382368 0.0142473556727 0.0232465172286 0.0187170377192 0.00681313112528 0.0222315133931 0.00607242347147 0.00526339229758 0.0283412729407 0.0170647524197 -0.0126675893581 -0.00971913640564 0.0180217513179 0.00697718657748 0.00822444880119 0.00096097776432 0.0146496622268 0.0110477441599 0.0195823360137 0.0272153116291 0.0138410652357 0.0111719126724 0.0195243545343 0.0171579565263 
0.0491494571947 0.00448932764207 0.00591438999002 0.0105841500902 0.0033189193594 0.0029445875398 -0.00401969151363 0.00654993710842 0.00546495484505 0.021864697983 -0.0157423185361 0.00138715395466 -0.00178474463698 0.0181221744914 0.00238999862315 0.0266417052104 0.0376769833559 0.0148033901412 0.00252025639073 0.225137156297 0.00192250439002 0.0109551920213 0.00219261515386 0.0206250734311 0.00916280941074 0.00156538577843 0.0199175459948 0.000308556708764 0.0085545882141 -8.0912657185e-05 0.0116187940897 0.026726168737 0.00963879509914 -0.00287419090903 0.0132292774749 0.00234271061995 0.00175844318048 0.00875562711635 -0.00566467839909 0.0191817976791 0.000520600899801 0.0136502042252 0.00747731226475 0.0158918044617 0.0278926202233 0.0159898481064 0.0116332770534 -0.0276381941268 -0.00479019051538 0.0195870056503 
0.0207442837242 -0.0099792328797 0.0250898474277 0.0303600209709 0.00407457898603 0.0200913327976 0.000191678051542 0.00085925145688 0.0182950537857 -0.00100221000833 0.0231070450469 0.00213383846663 0.0134517274914 0.015839794964 0.0178842283681 0.0150943968876 0.0169930816376 0.000995548449325 0.0123174917845 0.00192250439002 0.168541034407 0.00856643770006 0.0172795612732 -0.00218118245058 0.00891872366567 -0.00171481844171 0.00666188349301 0.0130639523547 0.00676901304926 -0.00295644878278 0.0156160013456 0.0280066650867 -0.002020432393 -0.0309473758633 0.0300508196581 0.0197986818313 -0.0141773504746 0.0302389917049 0.0299643965366 0.00713984480015 0.0191498087515 0.0142450856064 0.00838794947777 0.0211769236472 0.0124857163675 0.0183098850388 -0.00261241429205 0.0220170045367 0.0175157229965 0.00899971575824 
0.018080615056 0.0536487683743 0.0283697286908 0.0169013523363 0.0152834767592 -0.0112681886905 -0.00292829752567 0.0120559967965 0.00656156440884 -0.00420760371637 0.0275381868363 -0.013717626096 0.0141884579374 0.0163545818302 0.0237552408232 0.0119877988421 0.049380048521 0.00179399153766 0.0197168826335 0.0109551920213 0.00856643770006 0.195674433174 0.0111631619363 0.00806311728671 0.0529536200729 0.0195196055228 0.00917541652256 0.0128967318245 0.00893309240743 0.024442223156 -0.00251003353416 0.00219143122593 0.00992613225691 -0.0067916440446 -0.0184615201274 0.0192727524792 -0.000824188007775 0.0206781461661 0.0139385053335 0.00897879082605 0.0128550645194 0.0230918134431 0.0152330013774 0.00531706739331 0.00517755701916 0.00742088047197 0.0256818215652 0.00985012971961 0.00767842861512 0.0016489427667 
0.00788262782917 -0.00212642925539 0.0262997612124 0.0208231335814 0.00834334955726 -0.00330519531868 0.00376486725704 0.0103600671885 0.0592858143847 0.0510976972959 0.0101670349636 0.00590147481906 0.0301694794746 0.0247889406135 -0.00387744960886 0.0319150611899 0.0222630530986 0.00167740294443 0.00645476397478 0.00219261515386 0.0172795612732 0.0111631619363 0.139655243632 0.040673771123 0.00548572228207 0.0187356551799 0.0228278113563 0.0126452349108 0.0164141785641 -0.0143794848018 0.00948914238929 0.0222179249772 0.015301155748 0.00496415105868 0.00415041479084 0.0165556244462 -0.00212834015303 0.0244361042034 0.0189036930603 0.0395252622764 -0.0114944116253 0.0132070596296 0.0061163614549 0.0111881115762 0.0104804510827 0.0167320768218 -0.00151457858899 -0.00133013082521 0.0084275138963 0.0254274280805 
0.00679955452075 0.00961398564608 0.0198532071543 0.0246316989562 0.00766794928987 -0.00595578289671 0.00588365217233 0.0115130533237 0.0526264196745 0.0448600287914 0.0144620235162 0.000886846618248 0.0268332194806 0.00278706437445 -0.015363766479 0.0271839426819 0.0230910702302 -0.00168603358867 0.0108703818625 0.0206250734311 -0.00218118245058 0.00806311728671 0.040673771123 0.116225325833 0.00583535464223 0.0217526145359 0.0188479138419 0.0130066961182 0.0167380085189 0.0179878954858 0.009664520466 0.0264479375506 0.00930441022223 0.0139310479683 0.0111775912833 0.00553857329935 0.00461251783691 0.0181645283403 0.0067534381615 0.0365473072037 -0.00675306383521 0.0201273457888 0.00244970221745 0.0115019706509 0.0146352636928 0.0126200070039 0.0103401971934 0.00976072521692 0.0084652182226 0.0227643290741 
0.0168163131841 0.00699168833344 -0.000153602025748 0.0132353099181 0.00826389887417 0.0173913844678 -0.00502231207 0.073800135872 0.00433826928351 0.000129012309897 0.00827577580104 0.0228713431903 0.00879525974983 0.0175014030866 0.00824049486008 -0.00566706740863 0.0372608282447 -0.00343886023103 0.00640074283303 0.00916280941074 0.00891872366567 0.0529536200729 0.00548572228207 0.00583535464223 0.495478310143 0.0272188189817 -0.0118498353233 -0.00852482470901 -0.00837732893755 0.00488990349171 0.0121277603978 0.032391980711 0.00851202931909 0.0188834783995 0.0297932179321 -0.0056236435705 -0.0148872963371 0.0180464986888 -0.0019302747132 0.00267622676982 0.0152956564484 -0.00378341371118 0.0163893302943 0.0187132561762 0.00637019276583 0.0216150460359 0.0377135488855 0.0154236283667 0.00169181576202 0.0288331317722 
0.00836668843231 -0.0265881876916 0.0145121760835 0.00780936314635 -0.0156712943396 0.0349008338889 -0.00206978774641 0.0186135757082 0.0476452877159 0.0163318944789 -0.0138052292172 0.0113000636925 0.033418806898 0.0057076649892 0.0276879714953 0.00828572843907 0.00766167072183 0.0141017504146 0.0173800175904 0.00156538577843 -0.00171481844171 0.0195196055228 0.0187356551799 0.0217526145359 0.0272188189817 0.555692306836 -0.0191081783702 -0.0095968184141 0.0166233843565 -0.0155622996153 -0.00839596743415 -0.00462115961025 0.003591786762 -0.00386867700221 -0.0184197597123 0.015695255134 -0.0173672239954 0.0121645417493 0.00663382557979 0.0146277573213 0.0157913213994 0.0320294496408 0.0299075433163 0.0190484272392 -0.00532356419722 0.0251582481246 0.0309148728496 -0.00315793515613 0.0203294831882 0.0151188414522 
0.057421301789 0.00970022225812 0.000840108988579 0.0146279791525 0.00176463605545 0.00370821897005 0.00317902814634 -0.0078892101631 0.0268321786711 0.0026377429381 0.0236098066674 0.00545903105975 0.015885125452 0.0272998862 0.0100674148858 0.0197768442185 0.00651991797873 0.0103571282853 0.0136444382368 0.0199175459948 0.00666188349301 0.00917541652256 0.0228278113563 0.0188479138419 -0.0118498353233 -0.0191081783702 0.340944564548 0.00355305061297 0.014041012494 0.00739940887311 0.00369277997905 0.0102200973944 0.0126677393079 -0.00405031925036 0.0190817922371 -0.00709159710022 -0.0293503815903 -0.0115524411742 0.0116282604785 0.0156239768872 0.0238664650487 0.103461673535 0.0144381019662 0.0135878706901 0.0104672188345 0.0360072325796 0.0109898673094 -0.0137288154618 0.0183396374828 -0.000968440997294 
0.00469756184821 0.0142278978324 0.00882798336527 0.0144856978224 0.01086534982 -0.00451589284088 -0.0111874348955 0.00856378220578 0.0100619893136 0.00649404957988 0.00526866471566 0.00875083755714 0.00533982929622 -0.00488886396154 0.0149567269761 0.017088482595 0.0373599471221 0.00394458032394 0.0142473556727 0.000308556708765 0.0130639523547 0.0128967318245 0.0126452349108 0.0130066961182 -0.00852482470901 -0.0095968184141 0.00355305061297 0.176986253485 0.0138130098697 0.0176074407629 0.00690137224906 0.0184543990912 0.0346836924944 -0.0036034719286 0.00606901008897 0.0279763346549 -0.00275332624824 -0.00172660181996 -0.00590854993857 0.00794090762832 -0.00144590417508 -0.0108127851397 0.0111245996483 0.00525566914491 0.0260899265096 0.00437014150739 0.0181777474576 0.03067842868 0.00569957850526 0.0102078668861 
0.0168486200089 0.0219852575092 0.0142999919982 0.0150607608191 -0.0181441933065 0.00893653371452 0.00695140150413 0.0179612730988 0.0333244118063 0.015522497352 0.0521009524576 -0.00415237395443 0.0332768509343 0.0275155718825 0.0210648713701 0.0733511147309 0.0335318117354 0.0096805047111 0.0232465172286 0.0085545882141 0.00676901304926 0.00893309240743 0.0164141785641 0.0167380085189 -0.00837732893755 0.0166233843565 0.014041012494 0.0138130098697 0.212733832239 0.0280329078 0.0348417590172 0.020398276985 0.0113028124105 -0.00381051036794 0.00556803665399 0.0160896583916 -0.0130947260729 0.00650140376071 0.0263592046496 0.0184344011627 0.023658559548 0.0170301031969 0.0128332359355 0.0051036553309 0.0160166894356 0.000841605485962 0.0135212799174 -0.0070789026864 0.0105281037234 0.0289311099159 
0.00920806047855 0.122496988376 0.0376998943559 0.0117385226947 -0.00515637502907 0.0137016529942 0.010944201574 0.00883616603697 0.025412450586 0.00955516904952 0.0267312629723 -0.00648556557438 0.0223466049148 0.0326365113208 -0.0154577252955 0.0162244465779 0.0486633426629 0.00876923641757 0.0187170377192 -8.09126571849e-05 -0.00295644878278 0.024442223156 -0.0143794848018 0.0179878954858 0.00488990349172 -0.0155622996153 0.00739940887311 0.0176074407629 0.0280329078 0.309183878779 -0.0235784329723 -0.0130657401552 -0.0168921026044 0.00636630974695 0.00599789800534 0.0194344178728 -0.000172655459224 0.0255143120549 0.00315067550661 0.00960892767568 0.024989292367 0.0116450013749 0.0215208619276 0.0101399162437 0.0103825094523 0.0192947228427 -0.000927955265911 0.0071537014436 0.0219757598492 0.0230199542455 
0.00202830910718 -0.00384949974022 -0.0105011986049 0.0172497718326 0.0167451339456 -0.0060310187103 0.0128604783086 0.102673500056 0.0143723546527 -0.00235495241589 -0.00273697111222 -0.00084637736813 -0.0108646233899 0.0189140584044 0.0312079664349 0.0139638167023 0.0378396424739 0.0149183874174 0.00681313112528 0.0116187940897 0.0156160013456 -0.00251003353416 0.00948914238929 0.009664520466 0.0121277603978 -0.00839596743415 0.00369277997905 0.00690137224906 0.0348417590172 -0.0235784329723 0.454777819019 0.0269110446505 -0.0217970305156 -0.0315244334064 0.0159223048714 0.0209465855276 -0.0224217585051 0.00260684107972 0.00279177648726 0.0163621717145 -0.0114069823296 -0.014782908695 0.0139416409295 0.000733846562734 0.000991831952069 -0.0285777119949 -0.00603985650875 0.0120713854538 0.00193575555425 0.00260834320764 
0.0198188451779 0.028984259481 0.0164574187275 0.0300403589719 0.0151826211714 -0.00395027187871 0.0108077869647 -0.00781571585665 0.0198724090818 0.00416123511316 0.0212225527766 0.00124212327884 0.0278435284718 0.0452349431721 0.021635348424 0.0292376742362 0.0486342325997 0.01879070409 0.0222315133931 0.026726168737 0.0280066650867 0.00219143122593 0.0222179249772 0.0264479375506 0.032391980711 -0.00462115961025 0.0102200973944 0.0184543990912 0.020398276985 -0.0130657401552 0.0269110446505 0.208867185065 0.0232648358041 0.00889168355321 0.0358472598857 0.0163790846748 -0.000562374423674 0.0231880685518 0.0124487645832 0.0168041982194 0.0239397700504 -0.000303999237618 0.0208476788626 0.0362323683913 0.0133890124218 0.00946644995561 0.00555971133584 0.0233440652331 0.0155117544529 0.026868042264 
0.0117731371642 0.0944026990319 0.00533476787157 -0.00640246841756 -0.00300769444871 0.000145412230908 0.023439837714 -0.0216182893183 0.00390100520117 0.0221931634045 -0.00361053314843 0.00290148138588 -0.00966979660406 0.00541849694758 0.00548931754625 0.00983876913014 0.00306261459016 0.00205479890342 0.00607242347147 0.00963879509914 -0.002020432393 0.00992613225691 0.015301155748 0.00930441022223 0.00851202931909 0.003591786762 0.0126677393079 0.0346836924944 0.0113028124105 -0.0168921026044 -0.0217970305156 0.0232648358041 0.801606009879 -0.0151440277412 0.0122396967953 0.0288955371472 0.0102182254863 -0.00331687744304 0.00362196906757 0.016492222093 -0.0044503363404 -0.0244437698931 0.026019654189 -0.0025312085715 -0.00787646249225 -0.00501664146013 0.0376441095106 -0.00639057247298 0.00715352517055 0.00132071731949 
-0.0196138114274 0.0197663880969 0.0267250228799 -0.0051556571857 -0.00147490856901 0.010261246753 0.0196482295358 -0.0360001957421 0.00646881904019 -0.000804754868186 -0.0182587367366 -0.00744219880266 0.0262150250196 0.00400331224342 -0.0315395800023 0.00361762195491 -0.0187493483937 -0.00156132331202 0.00526339229758 -0.00287419090903 -0.0309473758633 -0.0067916440446 0.00496415105868 0.0139310479683 0.0188834783995 -0.00386867700221 -0.00405031925036 -0.0036034719286 -0.00381051036794 0.00636630974695 -0.0315244334064 0.00889168355321 -0.0151440277412 1.42802066968 -0.0246939309879 -0.0298975842981 0.0311525724137 -0.0245195948332 0.00790994294574 0.0156833125207 0.00108290075356 0.0216975678407 0.0165815840041 -0.0038494370884 -0.00560684285182 -0.0264900899714 0.00496643460565 0.00266650951004 -0.0286423077471 -0.016946047582 
0.0262539038985 -0.0124835091246 0.0102145618056 0.0104708353488 0.0137923385834 0.0134634687176 -0.00376405705577 0.00093698525083 0.00511346951624 0.00510853769808 0.0296960693061 -0.00946828256748 -0.0129306350518 0.00414138867301 0.0138447833186 0.00964679957904 0.0274050318753 0.0110974499462 0.0283412729407 0.0132292774749 0.0300508196581 -0.0184615201274 0.00415041479084 0.0111775912833 0.0297932179321 -0.0184197597123 0.0190817922371 0.00606901008897 0.00556803665399 0.00599789800534 0.0159223048714 0.0358472598857 0.0122396967953 -0.0246939309879 0.242009175366 0.0125820425167 -0.0305685695245 0.000468783863457 0.00521419817748 0.00576831626748 0.0333528724795 -0.00849115256347 0.0253762386778 0.0196671085269 0.0188726090478 0.0169206894369 0.00912984834886 0.026088771548 0.00484315161896 0.0246756918073 
0.0125949050741 0.0112342223966 -0.00634611364892 0.0105098947996 -0.00807844560428 -0.0124789387305 0.0148804747703 0.00962855326566 0.0192967415823 0.00813929464371 0.0352210089641 0.00129712991562 0.00315716134127 0.00955397951671 0.0168336435224 0.0180697921402 0.0132973083711 0.00767412547989 0.0170647524197 0.00234271061995 0.0197986818313 0.0192727524792 0.0165556244462 0.00553857329935 -0.0056236435705 0.015695255134 -0.00709159710022 0.0279763346549 0.0160896583916 0.0194344178728 0.0209465855276 0.0163790846748 0.0288955371472 -0.0298975842981 0.0125820425167 0.15296639351 -0.0178575238396 0.00972817412975 0.0039945428315 0.0109004379264 0.0144787857501 -0.00229517231237 0.0229659190532 -0.00254874718573 0.0324775427968 0.0240643193379 0.00943912929831 0.0135210627838 0.0118878402788 0.0165781277905 
0.0671388402986 0.000128224217025 -0.000266171210604 0.0209029193446 -0.0038492001961 0.00330366312374 -0.020140105698 -0.00531838214643 -0.0124934281569 -0.0233574231328 0.00737982459607 0.0164685906169 -0.0103754116089 -0.00215569023572 0.063627060905 -0.00736574133508 -0.000289931470263 -0.0189585158449 -0.0126675893581 0.00175844318048 -0.0141773504746 -0.000824188007775 -0.00212834015303 0.00461251783691 -0.0148872963371 -0.0173672239954 -0.0293503815903 -0.00275332624824 -0.0130947260729 -0.000172655459223 -0.0224217585051 -0.000562374423674 0.0102182254863 0.0311525724137 -0.0305685695245 -0.0178575238396 1.06200897512 -0.0160067078336 -0.00105022298903 -0.0206700722171 -0.0210361663664 0.0349033663588 0.0174839663333 -0.0209967067087 0.0190466308454 0.00738932338699 -0.0120904158029 -0.0121176899266 0.0553564555428 0.025833092144 
0.0070123332342 0.0405487371081 0.0771859090914 0.0188440762295 -0.00152924796941 -0.00161348941564 0.00674952948411 -0.00350644948194 0.0403007496645 0.00614892722328 0.0184205283434 -0.00635858905966 0.027063936286 0.0216420233839 0.0100667721646 0.020099417661 0.0202324084965 0.00692898948455 -0.00971913640564 0.00875562711635 0.0302389917049 0.0206781461661 0.0244361042034 0.0181645283403 0.0180464986888 0.0121645417493 -0.0115524411742 -0.00172660181996 0.00650140376071 0.0255143120549 0.00260684107972 0.0231880685518 -0.00331687744304 -0.0245195948332 0.000468783863458 0.00972817412975 -0.0160067078336 0.329128425995 0.00385766966403 -0.00548102215215 0.0437738200589 0.016094450735 0.0177372546704 0.0150288995529 0.00764844472179 -0.0109347755722 0.0329156068184 0.00203846284453 0.0159213582264 0.0620956234252 
0.0226907163541 0.0280194348556 0.00437236102754 0.0178123111085 0.0269291537901 0.0420266053685 -0.00627203222821 0.00557430365587 0.00569735127899 -0.000709571400167 0.0264149597763 0.0195036501212 -0.000748071212444 0.0269651450859 -0.00213947740473 0.0318741077843 0.0421059162526 0.00992761659882 0.0180217513179 -0.00566467839909 0.0299643965366 0.0139385053335 0.0189036930603 0.0067534381615 -0.00193027471321 0.00663382557979 0.0116282604785 -0.00590854993857 0.0263592046496 0.00315067550661 0.00279177648726 0.0124487645832 0.00362196906757 0.00790994294574 0.00521419817748 0.0039945428315 -0.00105022298903 0.00385766966403 0.342205078547 0.00687551170323 0.00420161974396 0.00191032042486 0.0288762930961 0.0127702603927 0.00273775213353 0.0233816590661 -0.00246179388587 0.0286589006246 0.0177203126638 0.00362766687757 
-0.000643619840053 0.0108361944532 0.00740308896346 -0.00372776050724 0.00946464327072 -0.00983678587022 0.00693195205697 0.0147009515023 0.047665517512 0.0521761999896 0.0149957055879 0.00564612307109 0.0132439677302 0.0201140010197 -0.0107830478722 0.023316618505 0.0319289267801 0.000586089676305 0.00697718657748 0.0191817976791 0.00713984480015 0.00897879082605 0.0395252622764 0.0365473072037 0.00267622676982 0.0146277573213 0.0156239768872 0.00794090762832 0.0184344011627 0.00960892767568 0.0163621717145 0.0168041982194 0.016492222093 0.0156833125207 0.00576831626748 0.0109004379264 -0.0206700722171 -0.00548102215215 0.00687551170323 0.137576922564 -0.00414639095028 0.0107633018457 0.00242134303416 0.0130217861175 0.0130703050129 0.0116503453678 0.0221339748777 0.00825551897236 0.0103441775909 0.010299551363 
0.00687305324814 0.0265932130546 -0.00488829929436 0.0359119736999 0.0997126685803 -0.0192812603242 -0.00543258542636 0.00747582124137 -0.000781880336195 -0.0114698840366 0.0165726795386 0.0321013901242 -0.00289318942555 0.0253611257066 0.0553446783665 0.0108045668434 0.0418419777444 -0.000620045449709 0.00822444880119 0.000520600899801 0.0191498087515 0.0128550645194 -0.0114944116253 -0.00675306383521 0.0152956564484 0.0157913213994 0.0238664650487 -0.00144590417508 0.023658559548 0.024989292367 -0.0114069823296 0.0239397700504 -0.0044503363404 0.00108290075356 0.0333528724795 0.0144787857501 -0.0210361663664 0.0437738200589 0.00420161974396 -0.00414639095028 0.357365922178 0.0503621989166 0.0776312559522 0.0171041960055 0.0200218562974 0.000715478163043 0.0268739913078 0.0304977092648 0.088319784319 0.000300039745747 
0.00315736920127 0.064629377505 0.0509960294098 0.0157863111265 -0.00127072205918 0.00122203295997 -0.0143037063136 -0.0126505974639 0.0249941835508 0.000718436912234 0.00600528310231 0.00790104141975 -0.00366491807079 0.0245108030254 -0.0210035631632 0.0449961305666 0.037391897423 0.00704989083679 0.00096097776432 0.0136502042252 0.0142450856064 0.0230918134431 0.0132070596296 0.0201273457888 -0.00378341371118 0.0320294496408 0.103461673535 -0.0108127851397 0.0170301031969 0.0116450013749 -0.014782908695 -0.000303999237618 -0.0244437698931 0.0216975678407 -0.00849115256347 -0.00229517231237 0.0349033663588 0.016094450735 0.00191032042486 0.0107633018457 0.0503621989166 0.817264698808 0.00845745869433 -0.0290596227076 0.0453851576486 0.0956634802661 0.0201868526838 0.0246088637114 0.0086808084388 -0.0114345591244 
0.00904916213413 0.0240873137864 0.038321194241 0.0306847936023 0.0245146309857 -0.00324476946711 0.0126791251645 -0.00805177395289 0.000718346177018 0.00169156572905 -0.01754964893 0.00715696918573 0.0239725899474 0.0460794174634 0.0313900031494 0.0163903191864 0.0337360277315 0.0187928215728 0.0146496622268 0.00747731226475 0.00838794947777 0.0152330013774 0.0061163614549 0.00244970221745 0.0163893302943 0.0299075433163 0.0144381019662 0.0111245996483 0.0128332359355 0.0215208619276 0.0139416409295 0.0208476788626 0.026019654189 0.0165815840041 0.0253762386778 0.0229659190532 0.0174839663333 0.0177372546704 0.0288762930961 0.00242134303416 0.0776312559522 0.00845745869433 0.361280198654 0.00433073592705 -0.00354058274353 0.0387707716582 0.0498072189254 0.0453519168929 0.0505448541761 0.011923302629 
0.0169870719658 0.0199248064333 0.0050746489451 0.00754558494862 -0.0150880473557 0.0199070480676 0.00967787628042 -0.00419424572536 -0.00278128216711 0.00969504698705 0.0288713694293 -0.00414215837858 0.0051002089775 0.00290015897584 0.01935716414 0.00703183877642 0.0299116884679 -0.00328844527572 0.0110477441599 0.0158918044617 0.0211769236472 0.00531706739331 0.0111881115762 0.0115019706509 0.0187132561762 0.0190484272392 0.0135878706901 0.00525566914491 0.0051036553309 0.0101399162437 0.000733846562734 0.0362323683913 -0.0025312085715 -0.0038494370884 0.0196671085269 -0.00254874718573 -0.0209967067087 0.0150288995529 0.0127702603927 0.0130217861175 0.0171041960055 -0.0290596227076 0.00433073592705 0.146282046155 0.014436607395 0.0233202931013 -0.017989626858 0.00759349949495 0.0239078707615 0.0065452784553 
-0.00217844669438 0.0631153517559 0.0147631775136 0.0034668580129 -0.017234219155 -0.00452200067167 0.0205173992652 0.0185833275294 0.0263517077553 0.00926875465162 0.00272533604711 0.00784057107855 0.00988679962954 -0.00035186126263 0.0159686440573 0.0255690261132 0.0445801506387 0.00461090352935 0.0195823360137 0.0278926202233 0.0124857163675 0.00517755701916 0.0104804510827 0.0146352636928 0.00637019276583 -0.00532356419722 0.0104672188345 0.0260899265096 0.0160166894356 0.0103825094523 0.000991831952069 0.0133890124218 -0.00787646249225 -0.00560684285182 0.0188726090478 0.0324775427968 0.0190466308454 0.00764844472179 0.00273775213353 0.0130703050129 0.0200218562974 0.0453851576486 -0.00354058274353 0.014436607395 0.203126854883 0.0258370808367 0.0151986958649 0.0186186129055 -0.0146089113708 0.0132222567386 
-0.00729185152277 -0.0157692770719 0.0379832448501 0.0161637380044 0.0247710101245 -0.000523370977857 0.0476205030146 0.00510748783966 0.00556437060509 0.00572299221726 0.0242431978822 -0.0147945635514 -0.00346335091135 0.0180076051025 0.0115115281855 0.00866198642813 0.015208718022 -0.000790997908712 0.0272153116291 0.0159898481064 0.0183098850388 0.00742088047197 0.0167320768218 0.0126200070039 0.0216150460359 0.0251582481246 0.0360072325796 0.00437014150739 0.000841605485963 0.0192947228427 -0.0285777119949 0.00946644995561 -0.00501664146013 -0.0264900899714 0.0169206894369 0.0240643193379 0.00738932338699 -0.0109347755722 0.0233816590661 0.0116503453678 0.000715478163043 0.0956634802661 0.0387707716582 0.0233202931013 0.0258370808367 0.295879117823 0.0214585098835 0.00795237456832 0.0351070504727 -0.0181343305737 
-0.00640295847384 -0.000169587089773 0.0271405909074 0.0096574487178 0.0116052401414 0.0196886340144 0.0266618828292 0.0111862526955 0.00248113998488 0.0147240492175 -0.00017250227919 0.00984490028418 0.0100807841147 0.00662494076629 0.0114428770169 -0.00106693311461 0.0427665581796 0.0266022066243 0.0138410652357 0.0116332770534 -0.00261241429205 0.0256818215652 -0.00151457858899 0.0103401971934 0.0377135488855 0.0309148728496 0.0109898673094 0.0181777474576 0.0135212799174 -0.000927955265911 -0.00603985650875 0.00555971133584 0.0376441095106 0.00496643460565 0.00912984834886 0.00943912929831 -0.0120904158029 0.0329156068184 -0.00246179388587 0.0221339748777 0.0268739913078 0.0201868526838 0.0498072189254 -0.017989626858 0.0151986958649 0.0214585098835 0.296408943983 0.0182898192381 0.0300867861601 0.0200410435148 
