40
0.142595623168 0.0749299903321 0.204332601919 0.0966324757555 0.0423549004831 0.0842142990337 0.0243185800675 0.0070666509449 0.0559799775446 0.0444205393046 0.122670110856 0.072987431854 0.0493870590102 0.0463620133958 0.0114549593271 0.00839736130492 0.201678989994 0.0965978414643 0.0477990277318 0.037281538924 0.0315903614714 0.11775000089 0.0367129888202 0.0472299451056 0.0678408515538 0.101218808556 0.424855775916 0.0324129219316 0.0905831054983 0.0625636206577 0.0335790413719 0.0560151075184 0.067616439087 0.0506132512338 0.0251356843311 0.106465020668 0.0621428512979 0.0678116165217 0.00643120824938 0.0625194128962 
0.446823903677 0.0226027400954 0.0147107928457 0.0351861720741 0.0359368577367 0.0261214144529 0.00221993005013 -0.0101496569821 0.0290480777874 0.0232180099863 -0.01802637804 0.0334630921823 0.0057480051302 0.00353296249099 0.0307347871231 0.0346160375214 0.0209199494152 0.0396163239937 0.00700681132712 0.054543833164 0.0177611976375 0.0277337985069 0.0443032912005 0.0265540410241 0.048004629247 -0.00478596619194 -0.000515532233291 -0.00399577688327 0.00864439386307 0.0106915824864 0.0261317572699 0.0381686616061 0.110741070786 0.02270455851 0.0183982454838 0.0293717553298 0.0408180783495 0.0271661659583 0.015923448724 0.0454984156247 
0.0226027400954 0.421237856962 -0.0223442752842 0.0612763150281 -0.00460547363605 0.0242809027152 0.0197494413029 0.0283064136357 -0.0107936233929 0.0209053759383 -0.00792805314164 -0.0213163942629 0.0185537163505 0.0218679865146 0.0102292813818 0.0171402473274 -0.0026494878739 0.0237081088498 0.0294451409533 0.0259265178849 0.0149644234735 0.0231188052334 0.044724799241 0.0263086248306 0.0595209933247 0.0363103934996 0.0191769496005 0.0269060759252 0.0280251347614 0.0771863695804 0.010281976942 0.039408676338 0.075218024431 0.0286380717359 -0.00281494064976 0.0163297905108 0.0283423705345 0.00625509826609 0.00620152370111 0.0454989127446 
0.0147107928457 -0.0223442752842 1.42725625577 0.0186488850231 -0.00558915184209 0.00597368132165 -0.00455030767922 -0.00127722367166 -0.00298911194956 0.00352596413763 -0.0113899872705 0.0148958265161 -0.00770480346267 -0.00740101358345 0.0383732098855 -0.00744338179601 -0.0122173868333 0.00451368554848 -0.0280935526278 0.0344755003841 -0.00380903914431 -0.0242743003665 0.0178226398518 -0.0288565721234 0.00728794520077 -0.015383664586 0.0716765443579 -0.00952512124737 0.00529389317291 -0.0200073125426 -0.00453097773322 -0.00232147182236 -0.0457928891673 -0.00457908728908 0.00271827147499 -0.0160495376465 -0.0039284441902 -0.0152293259154 0.0128200790735 -0.0343993202478 
0.0351861720741 0.0612763150281 0.0186488850231 0.466925006923 0.0122684329436 0.032737598808 -0.00287115007118 0.0145686427933 0.000556353549812 0.0184936294133 0.0181731882629 0.00703712405851 0.0168882996113 0.0277472748403 0.0155075764443 0.0218342717982 0.00600029043461 0.037165185512 -0.0119516050947 0.0206602915078 0.0269712993699 0.0281981437967 0.0443714303287 0.0105427660146 -0.00217552864988 0.0675971321454 0.00318754453358 0.0100148628586 0.0123093986153 0.0439758767164 0.0402623486916 0.0118799431323 0.0153813230063 0.0267792883704 0.00969756512328 0.0094084047516 0.0110260928943 -0.00163296473682 0.0180587294028 0.00806678179184 
0.0359368577367 -0.00460547363604 -0.00558915184209 0.0122684329436 0.218038867434 0.0149410491539 -0.00447166955257 0.00866035410754 0.00666507481241 0.0134776970468 -0.00481972736518 0.0230248700466 -0.00301069194884 -0.0095969328074 0.00704723280483 0.0171906869556 0.00993216737457 0.0152116014522 0.0029442741926 0.0195690929038 0.0100526320386 0.0386627132673 0.0194699016744 0.00577956803453 -0.0193365523195 -0.0131081780653 0.0112848979816 0.00384337978357 0.0196469753881 0.00226433082546 0.0228108722049 0.0350229433635 0.0282538027814 -0.00375390192169 0.013668464748 0.00590750042873 0.00426746676138 -0.00322127564647 0.0201928033076 -0.000498328626721 
0.0261214144529 0.0242809027152 0.00597368132165 0.032737598808 0.0149410491539 0.528824388131 -0.0130645200667 0.0553818636179 0.0239073899232 0.018341204214 0.0226330131282 0.0184474193452 0.0269028420445 0.0152908299977 0.0498831450521 0.00860370885509 0.0147738728018 -0.0338455064854 0.0152020214359 0.000301380322403 0.0158725878111 -0.0363971148929 0.0264539077905 -0.0118963551229 0.0318977539356 0.037799791934 0.0289482900451 0.00213020278859 0.0292513408589 0.0230121142595 0.0241894567258 -0.00449147738608 0.0338004434196 0.00616941807915 0.00684772975927 0.0287146619191 0.0276390274318 -0.00165355948573 0.00699595985882 -0.00296127663486 
0.00221993005013 0.0197494413029 -0.00455030767922 -0.00287115007118 -0.00447166955257 -0.0130645200667 0.223367042864 0.0126768289999 0.00650978220387 0.000928188090994 -0.0101154729838 0.00530018090581 0.0321126682997 0.0157643470416 0.0118738515841 0.0249082276663 0.0257450650369 0.0150956822291 0.0122275122039 0.00632568364738 0.0348359694218 -0.0422775999892 0.0178087308111 0.0247451891357 0.00211385782117 0.0140790980287 0.0284760228179 0.00745998488309 0.0394979823542 0.00914361368592 0.00895891047747 0.0292813478343 0.0110738336025 0.0104913968944 0.00526505123617 0.00699826108871 0.0176507379643 -0.0113088690756 -0.00120856414403 0.00769863752873 
-0.0101496569821 0.0283064136357 -0.00127722367166 0.0145686427933 0.00866035410754 0.0553818636179 0.0126768289999 0.17128547079 0.00806876927181 0.0232695622646 0.00808105382165 -0.0100507890199 0.00205118276456 0.0203635268935 0.0032225257191 0.0193849931348 0.0230760694994 0.00842642684424 0.0128339853298 0.00517148535675 0.00676708330409 -0.0180520542959 -0.00405120014157 0.0152407519065 -0.00885583795417 0.00691385023579 0.00483543345943 -0.00210822967654 0.00446362067375 0.00919662140726 -0.00264437349014 0.0129451259444 0.00750458447605 0.0130734961553 0.0141400008889 0.015270198024 -0.00541657054207 0.0146633664387 0.00359165094487 0.00939319095902 
0.0290480777874 -0.0107936233929 -0.00298911194956 0.000556353549813 0.00666507481241 0.0239073899232 0.00650978220387 0.00806876927181 0.245782069648 0.0133261767556 0.0280930524149 0.00917693202383 0.00941985594273 0.0022248465814 0.00457184187522 0.0218562329759 0.0611952279418 0.0078595237188 0.0142097872485 0.0120755678713 0.00867902690895 0.0062208980849 0.0147000416153 0.0073346369392 0.00578771902662 0.0248132883296 0.0283613149681 -0.010696783116 0.039693504745 0.0169918343175 0.0110916178746 0.00934374197428 0.034591895716 0.0120264378375 0.0148581621237 0.02944942627 0.0108806108746 0.0111509236535 0.0226677278704 0.0279263291169 
0.0232180099863 0.0209053759383 0.00352596413763 0.0184936294133 0.0134776970468 0.018341204214 0.000928188090994 0.0232695622646 0.0133261767556 0.177453541146 -0.00749598257297 0.0158386227628 0.0190483207955 0.0108798096959 0.0222203134472 0.0167381451453 0.00507451163541 0.000972770038362 0.00369908861786 0.00903138048297 0.027031978022 0.0409782220966 0.00946353135554 0.0153805992872 0.00335488852227 0.00551805102839 -0.0137535409624 0.0200806052825 0.0150007274844 0.0286098878519 0.00616515871272 0.0195354299597 0.00437442788322 0.0128630129887 0.0151220992518 0.0213621200671 0.0176305072063 0.0164075619264 0.0216116981765 0.0279299841326 
-0.01802637804 -0.00792805314163 -0.0113899872705 0.0181731882629 -0.00481972736518 0.0226330131282 -0.0101154729838 0.00808105382166 0.0280930524149 -0.00749598257297 0.365614195896 0.151595358418 0.00188791839777 -0.00952276893216 0.00282119979219 0.0151077290756 -0.00351190800408 0.000436744039189 -0.00997363586673 -0.0148564453877 0.00835785944351 0.027343155156 0.00967340077496 0.000715545173868 -0.00176581604801 0.036656093219 -0.0188775045404 0.0669446352999 0.0053935521749 0.00357022526137 0.0148222323572 -0.00932752993566 0.0126713953446 0.00615369426261 0.0126186048836 0.00900008684078 0.0091311466854 -0.00566991786529 0.0069747732931 0.0379126233258 
0.0334630921823 -0.0213163942629 0.0148958265161 0.00703712405851 0.0230248700466 0.0184474193452 0.00530018090581 -0.0100507890199 0.00917693202384 0.0158386227628 0.151595358418 0.43644876488 -0.0178688797999 -0.00677434981987 -0.0196519562115 0.00311312932191 0.00961395346894 0.0103153787164 -0.0191060764187 0.0300780296411 0.00719852649296 0.0397223408627 0.0221216119132 -0.0205630255003 0.0883662448496 -0.00402228955605 0.0345271643335 0.104112013488 0.0147148359216 -0.00169060074894 0.0207734646906 -0.00397309239981 0.035416809059 0.00112216466101 0.00824978597691 -0.00995759037456 0.00975509377536 -0.0178544944996 0.0261415063719 -0.0179073354007 
0.0057480051302 0.0185537163505 -0.00770480346267 0.0168882996113 -0.00301069194884 0.0269028420445 0.0321126682997 0.00205118276456 0.00941985594274 0.0190483207955 0.00188791839777 -0.0178688797999 0.217042363805 -0.0163733043605 0.0173913089189 0.00820755669171 -0.00944112152713 0.00522811430808 0.00711605691088 -0.00179419464746 0.0293177427109 0.0199211824146 0.00592255867921 0.0280684002156 0.00540365065435 0.0208810431426 0.0102725511046 0.000941898628667 0.00265120343514 0.0219215698042 0.00137678445571 0.0206878384606 -0.0184895115516 0.0199468897754 0.0152025652498 0.0168593794568 0.0204052777658 0.00580944108208 0.00880098487374 0.0158751827669 
0.00353296249099 0.0218679865146 -0.00740101358345 0.0277472748403 -0.0095969328074 0.0152908299977 0.0157643470416 0.0203635268935 0.0022248465814 0.0108798096959 -0.00952276893217 -0.00677434981987 -0.0163733043605 0.395714030954 0.00737280767714 0.000317827195073 0.00522777001613 0.0520670427869 0.0168191027622 0.0247660829443 0.0208272954816 -0.0160585259154 0.0155389601754 0.0219602935449 0.0167410588121 0.0185629691457 0.0143207581763 0.00316925798307 0.0266567013289 0.00103078212721 0.00735123584653 0.00190315679394 0.0181341377372 -0.00536343505431 0.00448328564152 0.0264735873062 0.00589045426914 0.0597410767462 0.0368246386716 0.00975018002904 
0.0307347871231 0.0102292813818 0.0383732098855 0.0155075764443 0.00704723280483 0.0498831450521 0.0118738515841 0.0032225257191 0.00457184187522 0.0222203134472 0.00282119979219 -0.0196519562115 0.0173913089189 0.00737280767714 0.157177069723 0.0155753321603 0.0029285606489 0.00970114550038 0.0184579304451 -0.00469909468918 0.0146522239206 0.0125642893752 0.017343763828 0.0014614039176 0.0285981117785 0.00965062152728 -0.00277930991952 0.00545603906579 0.0282271988349 0.028921767977 0.0104414534858 0.0128434049553 -0.00188546720833 0.0221311389845 0.0292294838448 0.0300512064526 0.0207521357423 0.0103555204943 0.0356347123526 0.0223082232421 
0.0346160375214 0.0171402473274 -0.00744338179601 0.0218342717982 0.0171906869556 0.00860370885509 0.0249082276663 0.0193849931348 0.0218562329759 0.0167381451453 0.0151077290756 0.00311312932191 0.0082075566917 0.000317827195074 0.0155753321603 0.131393003387 0.0309282197447 0.027121266879 0.0199511323659 0.0289813829742 0.0217759406397 0.0520507154767 0.0344513661962 0.0124252036444 0.0146480367304 0.0130026281452 -0.00551138346628 0.0211311490466 0.0184702862505 0.0349196769128 0.0222900313785 0.0101563219551 0.0191104274284 0.0216672442452 0.023882580738 0.00939529045922 0.0146847417702 0.00821281180372 0.0289940414052 0.0362133632465 
0.0209199494152 -0.0026494878739 -0.0122173868333 0.00600029043461 0.00993216737457 0.0147738728018 0.0257450650369 0.0230760694994 0.0611952279418 0.00507451163541 -0.00351190800408 0.00961395346894 -0.00944112152713 0.00522777001613 0.0029285606489 0.0309282197447 1.20693901312 0.283203675767 0.0254827154112 0.026072736484 0.0108959400308 -0.00672367184083 0.0280181271197 0.0144974233562 0.0186327459741 0.00325628776011 -0.0103840337833 -0.00813338952751 0.0377263588493 0.00905393700643 0.00363716099257 0.00927493597029 0.108836284998 0.011610330068 -0.000556174966825 0.0120739265894 -0.00712492577199 -0.00395409441635 0.00475524293159 0.0223332532487 
0.0396163239938 0.0237081088498 0.00451368554848 0.037165185512 0.0152116014522 -0.0338455064854 0.0150956822291 0.00842642684424 0.00785952371881 0.000972770038363 0.000436744039188 0.0103153787164 0.00522811430808 0.0520670427869 0.00970114550038 0.027121266879 0.283203675767 0.331491912077 0.0231737830969 0.0198431521063 0.0270757297747 0.0365830347213 0.0306550525779 0.0267613270045 0.0332166527289 0.0298016981889 0.0667248976657 0.0137724588603 0.031725281122 0.0223734677759 0.00128855830141 -0.00124193147854 0.0588922070634 0.0220437042752 0.00748485924594 0.0173283993694 0.0126815012 0.00730481908899 0.0298326025781 0.0177958191608 
0.00700681132712 0.0294451409533 -0.0280935526278 -0.0119516050947 0.0029442741926 0.0152020214359 0.0122275122039 0.0128339853298 0.0142097872485 0.00369908861786 -0.00997363586673 -0.0191060764187 0.00711605691088 0.0168191027622 0.0184579304451 0.0199511323659 0.0254827154112 0.0231737830969 0.253792902247 0.012243579348 0.0271906332119 0.0253467734569 0.0325884700693 0.0985638581765 0.0201047052091 0.0522681030934 -0.0162216248968 0.00366752660497 0.0266264242514 0.0346495034654 0.0057675401549 -0.0279560755856 0.03682964088 0.0201145955954 0.0100133457085 0.0250588140656 0.00863110371411 0.0289766360816 0.0130498036406 0.00370704916646 
0.054543833164 0.0259265178849 0.0344755003841 0.0206602915078 0.0195690929038 0.000301380322403 0.00632568364738 0.00517148535675 0.0120755678713 0.00903138048297 -0.0148564453877 0.0300780296411 -0.00179419464746 0.0247660829443 -0.00469909468918 0.0289813829742 0.026072736484 0.0198431521063 0.012243579348 0.37910265456 0.027374248968 0.0444367875517 0.0285609089002 0.0453604498992 -0.000459170055031 0.0220663091013 0.0178218824201 0.00780096169504 0.00406574818631 0.0112664706748 0.020521146981 0.00285972532689 0.0466095224298 -0.00305512610557 0.00914602719101 0.0358420328619 0.043921816643 0.012935332499 0.0281641706607 -0.00375439589366 
0.0177611976375 0.0149644234735 -0.00380903914431 0.0269712993699 0.0100526320386 0.0158725878111 0.0348359694218 0.00676708330409 0.00867902690894 0.027031978022 0.00835785944351 0.00719852649296 0.0293177427109 0.0208272954816 0.0146522239206 0.0217759406397 0.0108959400308 0.0270757297747 0.0271906332119 0.027374248968 0.155581078999 0.046976083364 -0.00526988358796 0.0259098319076 0.0179145949914 0.0227583815802 0.00264693323826 0.00420407877428 0.021532565541 0.0256374514688 0.0133764435424 0.0358401081279 0.0451891890483 0.0206030546958 0.0264158083098 0.0217981532027 0.0338414730913 0.00459735093116 0.0288511562195 0.0243685898567 
0.0277337985069 0.0231188052334 -0.0242743003665 0.0281981437967 0.0386627132673 -0.0363971148929 -0.0422775999892 -0.0180520542959 0.0062208980849 0.0409782220966 0.027343155156 0.0397223408627 0.0199211824146 -0.0160585259154 0.0125642893752 0.0520507154767 -0.00672367184083 0.0365830347213 0.0253467734569 0.0444367875517 0.046976083364 0.884202233387 0.0607253260712 0.0623419880611 0.0480048312052 0.0433199746122 0.055272897989 0.0188310647409 0.0623743490116 0.041627256302 0.0133314095368 0.0388543881037 0.00550037424888 0.0127258485577 0.011125662887 0.0456523912609 0.0486873984462 0.0206158685049 0.0271013159771 0.095010401634 
0.0443032912005 0.044724799241 0.0178226398518 0.0443714303287 0.0194699016744 0.0264539077905 0.0178087308111 -0.00405120014156 0.0147000416153 0.00946353135554 0.00967340077496 0.0221216119132 0.00592255867922 0.0155389601754 0.017343763828 0.0344513661962 0.0280181271197 0.0306550525779 0.0325884700693 0.0285609089002 -0.00526988358796 0.0607253260712 0.278528356546 0.0373937295146 0.0275155947877 0.0246337864437 0.00810121671974 0.0227269302134 0.000340405397065 0.0587190775611 0.0281382385856 0.00164770666301 0.0135375524977 0.0252852989141 0.0153045343085 0.0193598812458 0.00879162465011 0.000532723280276 0.0222241860392 0.0534948413412 
0.0265540410241 0.0263086248306 -0.0288565721234 0.0105427660146 0.00577956803453 -0.0118963551229 0.0247451891357 0.0152407519065 0.00733463693919 0.0153805992872 0.000715545173869 -0.0205630255003 0.0280684002156 0.0219602935449 0.00146140391761 0.0124252036444 0.0144974233562 0.0267613270045 0.0985638581766 0.0453604498992 0.0259098319076 0.0623419880611 0.0373937295146 0.261887068532 0.0243892891535 0.044291350329 0.00812332648242 0.0125287765841 0.0243908150437 0.0348314909005 0.00614900179557 0.0107159346593 0.00747372198683 0.010213562435 0.00911565237098 0.0344486231618 0.0224083382995 0.0131418640893 0.0107418842717 0.0202526579138 
0.048004629247 0.0595209933247 0.00728794520077 -0.00217552864988 -0.0193365523195 0.0318977539356 0.00211385782117 -0.00885583795417 0.00578771902663 0.00335488852227 -0.00176581604801 0.0883662448496 0.00540365065435 0.0167410588121 0.0285981117785 0.0146480367304 0.0186327459741 0.0332166527289 0.0201047052091 -0.000459170055029 0.0179145949914 0.0480048312052 0.0275155947877 0.0243892891535 0.341174008437 0.0297764244198 0.00552596887904 0.009326710426 0.0200185345168 0.0308938994667 0.00864247748309 0.0078136320256 -0.00849565093558 0.0182115801418 0.0229122218815 0.00289118926769 0.0264094542632 0.0112588872443 0.0301354336213 0.0346757303632 
-0.00478596619194 0.0363103934996 -0.015383664586 0.0675971321454 -0.0131081780653 0.037799791934 0.0140790980287 0.00691385023579 0.0248132883296 0.00551805102839 0.036656093219 -0.00402228955606 0.0208810431426 0.0185629691457 0.00965062152728 0.0130026281452 0.00325628776011 0.0298016981889 0.0522681030934 0.0220663091013 0.0227583815802 0.0433199746122 0.0246337864437 0.044291350329 0.0297764244198 0.320252070281 0.0562868430252 0.018371449281 0.0135782850335 0.0509813511371 0.022403096505 0.0144640894699 -0.00411444530312 0.0294587104222 0.0190480185592 0.0245389356043 -0.0027794339532 0.0280464161245 -0.000586973522877 0.0642690019797 
-0.000515532233292 0.0191769496005 0.0716765443579 0.00318754453358 0.0112848979816 0.0289482900451 0.0284760228179 0.00483543345943 0.0283613149681 -0.0137535409624 -0.0188775045404 0.0345271643335 0.0102725511046 0.0143207581763 -0.00277930991952 -0.00551138346628 -0.0103840337833 0.0667248976657 -0.0162216248968 0.0178218824201 0.00264693323826 0.055272897989 0.00810121671974 0.00812332648242 0.00552596887904 0.0562868430252 3.74808892445 0.018238819292 0.0172672192251 -0.0109835652408 -0.00409470346018 -0.00483703462921 0.00574599940438 0.00887876359721 0.00370685013558 0.00888985812126 0.00252469281194 0.0148015187967 -0.00110073191747 -0.00627037983565 
-0.00399577688327 0.0269060759252 -0.00952512124737 0.0100148628586 0.00384337978356 0.00213020278859 0.0074599848831 -0.00210822967654 -0.010696783116 0.0200806052825 0.0669446352999 0.104112013488 0.000941898628658 0.00316925798308 0.0054560390658 0.0211311490466 -0.00813338952751 0.0137724588603 0.00366752660497 0.00780096169504 0.00420407877428 0.0188310647409 0.0227269302134 0.0125287765841 0.009326710426 0.018371449281 0.018238819292 0.263286347757 -0.0044459105495 0.0153395976129 0.0120202273251 -0.00757821891077 0.00653106616272 0.0208548955714 0.00849889017251 4.09594077496e-05 0.00881202842201 -0.00340432007016 0.0170942387648 -0.013709876546 
0.00864439386307 0.0280251347614 0.00529389317291 0.0123093986153 0.0196469753881 0.0292513408589 0.0394979823542 0.00446362067375 0.039693504745 0.0150007274844 0.0053935521749 0.0147148359216 0.00265120343514 0.0266567013289 0.0282271988349 0.0184702862505 0.0377263588493 0.031725281122 0.0266264242514 0.00406574818631 0.021532565541 0.0623743490116 0.000340405397069 0.0243908150436 0.0200185345168 0.0135782850335 0.0172672192251 -0.00444591054951 0.311507765602 0.00614667566455 0.00518598051185 -0.00415053398292 0.0165309185302 0.00926993714665 0.0105669132796 0.0079778214861 0.0159185739907 0.0284644670101 -0.000750642343864 0.0231805397973 
0.0106915824863 0.0771863695804 -0.0200073125426 0.0439758767164 0.00226433082546 0.0230121142595 0.00914361368592 0.00919662140726 0.0169918343175 0.0286098878519 0.00357022526137 -0.00169060074894 0.0219215698042 0.00103078212721 0.028921767977 0.0349196769128 0.00905393700643 0.0223734677759 0.0346495034654 0.0112664706748 0.0256374514688 0.041627256302 0.0587190775611 0.0348314909005 0.0308938994667 0.0509813511371 -0.0109835652408 0.0153395976129 0.00614667566455 0.288997135059 0.0311495226521 -0.0039730674689 0.00849204312311 0.0250778163341 0.033316976811 0.0266596317055 0.0205187946171 -0.00471321373607 0.0185586886745 0.0163089477401 
0.0261317572699 0.010281976942 -0.00453097773322 0.0402623486916 0.0228108722049 0.0241894567258 0.00895891047747 -0.00264437349014 0.0110916178746 0.00616515871272 0.0148222323572 0.0207734646906 0.00137678445571 0.00735123584653 0.0104414534858 0.0222900313785 0.00363716099257 0.00128855830141 0.0057675401549 0.020521146981 0.0133764435424 0.0133314095368 0.0281382385856 0.00614900179557 0.00864247748309 0.022403096505 -0.00409470346018 0.0120202273251 0.00518598051185 0.0311495226521 0.243736819556 -0.025685074326 -0.000668398363168 -0.00125792831636 0.00414991610949 0.0189280191855 0.0197913372341 0.00168786981212 0.00739624374886 0.0169509679961 
0.0381686616061 0.039408676338 -0.00232147182236 0.0118799431323 0.0350229433635 -0.00449147738608 0.0292813478343 0.0129451259444 0.00934374197428 0.0195354299597 -0.00932752993566 -0.00397309239981 0.0206878384606 0.00190315679395 0.0128434049553 0.0101563219551 0.00927493597029 -0.00124193147854 -0.0279560755856 0.00285972532688 0.0358401081279 0.0388543881037 0.00164770666301 0.0107159346593 0.0078136320256 0.0144640894699 -0.00483703462921 -0.00757821891077 -0.00415053398292 -0.0039730674689 -0.025685074326 0.353426007243 0.010258590613 0.00989969807292 0.0130096122525 0.0288749786164 0.0303004186114 -0.0022115559672 0.00556928029495 0.0495061003943 
0.110741070786 0.075218024431 -0.0457928891673 0.0153813230063 0.0282538027814 0.0338004434196 0.0110738336025 0.00750458447605 0.034591895716 0.00437442788322 0.0126713953446 0.035416809059 -0.0184895115516 0.0181341377372 -0.00188546720833 0.0191104274284 0.108836284998 0.0588922070634 0.03682964088 0.0466095224298 0.0451891890483 0.00550037424888 0.0135375524977 0.00747372198683 -0.00849565093558 -0.00411444530312 0.00574599940438 0.00653106616272 0.0165309185302 0.0084920431231 -0.000668398363168 0.010258590613 0.378678952643 0.0203505110073 0.0272569880409 0.0135697046266 0.0295610304425 0.023284249043 0.032777115828 0.0199709057004 
0.02270455851 0.0286380717359 -0.00457908728908 0.0267792883704 -0.00375390192169 0.00616941807915 0.0104913968944 0.0130734961553 0.0120264378375 0.0128630129887 0.00615369426261 0.00112216466101 0.0199468897754 -0.00536343505431 0.0221311389845 0.0216672442452 0.011610330068 0.0220437042752 0.0201145955954 -0.00305512610557 0.0206030546958 0.0127258485577 0.0252852989141 0.010213562435 0.0182115801418 0.0294587104222 0.00887876359721 0.0208548955714 0.00926993714665 0.0250778163341 -0.00125792831636 0.00989969807292 0.0203505110073 0.157946250427 0.0418214382646 0.0275618523101 0.0390341259398 0.00492169932531 0.0266835278542 0.0233443321961 
0.0183982454838 -0.00281494064976 0.00271827147499 0.00969756512328 0.013668464748 0.00684772975927 0.00526505123617 0.0141400008889 0.0148581621237 0.0151220992518 0.0126186048836 0.00824978597691 0.0152025652498 0.00448328564152 0.0292294838448 0.023882580738 -0.000556174966825 0.00748485924594 0.0100133457085 0.00914602719102 0.0264158083098 0.0111256628869 0.0153045343085 0.00911565237098 0.0229122218815 0.0190480185592 0.00370685013558 0.00849889017251 0.0105669132796 0.033316976811 0.00414991610949 0.0130096122525 0.0272569880409 0.0418214382646 0.125203929492 0.0115630232015 0.023326230572 -0.00127347917182 0.0252656630295 0.0269578229996 
0.0293717553298 0.0163297905108 -0.0160495376465 0.00940840475159 0.00590750042873 0.0287146619191 0.00699826108871 0.015270198024 0.02944942627 0.0213621200671 0.00900008684078 -0.00995759037456 0.0168593794568 0.0264735873062 0.0300512064526 0.00939529045922 0.0120739265894 0.0173283993694 0.0250588140656 0.0358420328619 0.0217981532027 0.0456523912609 0.0193598812458 0.0344486231618 0.00289118926769 0.0245389356043 0.00888985812126 4.09594077467e-05 0.0079778214861 0.0266596317055 0.0189280191855 0.0288749786164 0.0135697046266 0.0275618523101 0.0115630232015 0.25907343177 0.0500179319621 0.00449176122263 0.0263519511622 0.0110546181126 
0.0408180783495 0.0283423705345 -0.0039284441902 0.0110260928943 0.00426746676138 0.0276390274318 0.0176507379643 -0.00541657054207 0.0108806108746 0.0176305072063 0.0091311466854 0.00975509377536 0.0204052777658 0.00589045426914 0.0207521357423 0.0146847417702 -0.00712492577199 0.0126815012 0.00863110371411 0.043921816643 0.0338414730913 0.0486873984462 0.00879162465011 0.0224083382995 0.0264094542632 -0.0027794339532 0.00252469281194 0.00881202842201 0.0159185739907 0.0205187946171 0.0197913372341 0.0303004186114 0.0295610304425 0.0390341259398 0.023326230572 0.0500179319621 0.163362085375 0.00221533961836 0.0391769266732 0.0306749272003 
0.0271661659583 0.0062550982661 -0.0152293259154 -0.00163296473682 -0.00322127564646 -0.00165355948573 -0.0113088690756 0.0146633664387 0.0111509236536 0.0164075619264 -0.0056699178653 -0.0178544944996 0.00580944108209 0.0597410767462 0.0103555204943 0.00821281180372 -0.00395409441636 0.00730481908899 0.0289766360816 0.012935332499 0.00459735093116 0.0206158685049 0.000532723280276 0.0131418640893 0.0112588872443 0.0280464161245 0.0148015187967 -0.00340432007016 0.0284644670101 -0.00471321373608 0.00168786981213 -0.0022115559672 0.023284249043 0.0049216993253 -0.00127347917182 0.00449176122262 0.00221533961836 0.236359598188 0.00440545770267 0.0312927299862 
0.015923448724 0.00620152370111 0.0128200790735 0.0180587294028 0.0201928033076 0.00699595985882 -0.00120856414403 0.00359165094487 0.0226677278703 0.0216116981765 0.0069747732931 0.0261415063719 0.00880098487374 0.0368246386716 0.0356347123526 0.0289940414052 0.00475524293159 0.0298326025781 0.0130498036406 0.0281641706607 0.0288511562195 0.0271013159771 0.0222241860392 0.0107418842717 0.0301354336213 -0.000586973522877 -0.00110073191747 0.0170942387648 -0.000750642343861 0.0185586886745 0.00739624374885 0.00556928029495 0.032777115828 0.0266835278542 0.0252656630295 0.0263519511622 0.0391769266732 0.00440545770266 0.202477128119 0.0235289444933 
0.0454984156247 0.0454989127446 -0.0343993202478 0.00806678179184 -0.000498328626723 -0.00296127663486 0.00769863752874 0.00939319095902 0.0279263291169 0.0279299841326 0.0379126233258 -0.0179073354007 0.0158751827669 0.00975018002904 0.0223082232421 0.0362133632464 0.0223332532487 0.0177958191608 0.00370704916646 -0.00375439589366 0.0243685898567 0.095010401634 0.0534948413412 0.0202526579138 0.0346757303632 0.0642690019797 -0.00627037983565 -0.013709876546 0.0231805397973 0.0163089477401 0.0169509679961 0.0495061003943 0.0199709057004 0.0233443321961 0.0269578229996 0.0110546181127 0.0306749272003 0.0312927299862 0.0235289444933 0.323586158196 
0.0386960851603 0.00195745471177 0.00127399203142 0.00304721188781 0.00311222317322 0.0022621808499 0.000192251581804 -0.000878986078623 0.0025156373295 0.00201073864734 -0.00156113013209 0.00289798879191 0.000497791846384 0.000305963526781 0.00266171064285 0.00299783678719 0.00181172076395 0.00343087429831 0.000606807660881 0.00472363451398 0.00153816483557 0.00240181740504 0.00383677756509 0.00229964741 0.00415732284271 -0.000414476830387 -4.464640105e-05 -0.000346044428877 0.000748626468574 0.000925918203984 0.00226307656413 0.00330550305794 0.00959045805428 0.00196627244514 0.00159333479741 0.00254366862693 0.00353494927843 0.00235265898433 0.00137901111108 0.00394027837629 
0.00195745471178 0.0364802685165 -0.00193507100252 0.00530668454646 -0.000398845716528 0.00210278785782 0.00171035178789 0.00245140732985 -0.000934755205716 0.00181045866382 -0.000686589542321 -0.00184605389488 0.00160679896941 0.00189382318513 0.000885881753911 0.00148438896126 -0.000229452380582 0.00205318245396 0.00255002400836 0.002245302312 0.00129595708811 0.00200214726373 0.00387328123219 0.00227839374419 0.00515466922776 0.00314457231921 0.00166077255211 0.00233013452673 0.00242704786478 0.00668453568825 0.000890445323293 0.00341289148383 0.00651407199798 0.00248012976387 -0.000243781011284 0.00141420134209 0.00245452128864 0.00054170740016 0.000537067706733 0.00394032142814 
0.00127399203142 -0.00193507100252 0.12360401752 0.00161504081823 -0.000484034748085 0.000517335977866 -0.000394068204524 -0.000110610814598 -0.000258864688307 0.000305357451602 -0.0009864018325 0.00129001641733 -0.000667255552984 -0.000640946577702 0.00332321745856 -0.000644615772541 -0.00105805673655 0.000390896634967 -0.00243297302582 0.00298566591408 -0.000329872466298 -0.00210221607765 0.00154348588742 -0.0024990524525 0.000631154568525 -0.00133226443348 0.00620737082694 -0.000824899697435 0.000458464597266 -0.00173268409233 -0.000392394182095 -0.000201045357233 -0.00396578053316 -0.000396560591849 0.000235409215173 -0.00138993073209 -0.000340213246606 -0.00131889831252 0.00111025141562 -0.00297906852075 
0.00304721188781 0.00530668454646 0.00161504081823 0.0404368917658 0.00106247745938 0.00283515922266 -0.000248648889972 0.00126168147577 4.81816307623e-05 0.00160159528801 0.00157384427035 0.000609432820425 0.00146256964901 0.00240298448975 0.00134299551519 0.00189090340504 0.000519640394646 0.00321859947898 -0.0010350393628 0.00178923372953 0.00233578304274 0.00244203088675 0.00384267858669 0.000913030319479 -0.000188406307746 0.00585408336609 0.000276049454177 0.000867312565097 0.00106602519061 0.00380842263901 0.00348682167829 0.00102883325481 0.00133206164673 0.0023191544024 0.000839833775161 0.000814791752397 0.000954887655097 -0.000141418894557 0.00156393184229 0.000698603795852 
0.00311222317322 -0.000398845716527 -0.000484034748085 0.00106247745938 0.0188827198211 0.00129393281265 -0.000387257942986 0.00075000866629 0.000577212410567 0.00116720280271 -0.000417400633756 0.00199401223792 -0.000260733571067 -0.000831118760962 0.000610308263537 0.0014887571612 0.000860150926102 0.00131736332898 0.00025498162465 0.00169473315837 0.000870583472032 0.00334828918687 0.00168614294592 0.00050052527408 -0.00167459455303 -0.00113520152019 0.000977300833115 0.000332846452896 0.00170147797936 0.000196096801742 0.0019754794812 0.00303307586681 0.00244685109622 -0.00032509744275 0.00118372377025 0.000511604544415 0.000369573462516 -0.000278970654243 0.0017487480638 -4.31565250174e-05 
0.0022621808499 0.00210278785782 0.000517335977866 0.00283515922266 0.00129393281265 0.0457975354262 -0.0011314206266 0.0047962100802 0.00207044070117 0.00158839487853 0.00196007643332 0.00159759337872 0.00232985446446 0.00132422472229 0.00432000708358 0.000745103043527 0.00127945491587 -0.00293110684203 0.00131653367524 2.61003015401e-05 0.00137460642682 -0.00315208261217 0.0022909756176 -0.00103025457489 0.00276242652319 0.00327355800726 0.00250699545752 0.000184480973013 0.00253324042786 0.00199290755435 0.00209486840283 -0.000388973351687 0.00292720426605 0.000534287278311 0.000593030792977 0.0024867626683 0.00239360998919 -0.000143202452131 0.000605867896159 -0.000256454079342 
0.000192251581804 0.00171035178789 -0.000394068204524 -0.000248648889972 -0.000387257942985 -0.0011314206266 0.0193441533489 0.00109784559533 0.000563763676165 8.03834466291e-05 -0.000876025657523 0.000459009130908 0.00278103865309 0.00136523250121 0.00102830571126 0.00215711579222 0.0022295880344 0.00130732442979 0.00105893361937 0.000547820273493 0.00301688344848 -0.00366134756017 0.00154228132916 0.0021429962413 0.000183065457312 0.00121928565552 0.00246609591591 0.000646053642061 0.00342062561169 0.00079186017344 0.000775864406372 0.00253583910816 0.000959022121703 0.000908581623175 0.000455966812275 0.000606067188514 0.00152859874726 -0.00097937679075 -0.000104664725083 0.000666721567441 
-0.000878986078623 0.00245140732985 -0.000110610814598 0.00126168147577 0.00075000866629 0.0047962100802 0.00109784559533 0.0148337569003 0.000698775916666 0.00201520320561 0.00069983978989 -0.000870423861927 0.000177637638192 0.00176353316004 0.000279078913709 0.00167878965069 0.00199844624059 0.000729749971025 0.00111145573274 0.000447863769425 0.000586046605087 -0.00156335376108 -0.000350844223841 0.00131988783238 -0.000766938064011 0.000598756994216 0.000418760821418 -0.000182578045689 0.000386560889632 0.000796450776768 -0.000229009461955 0.00112108079231 0.000649916080111 0.00113219797867 0.00122455999793 0.00132243794096 -0.000469088769082 0.00126988478409 0.000311046095978 0.000813474199311 
0.0025156373295 -0.000934755205716 -0.000258864688307 4.81816307624e-05 0.000577212410567 0.00207044070117 0.000563763676165 0.000698775916666 0.021285351611 0.00115408076057 0.00243292970611 0.000794745626144 0.000815783454639 0.000192677365902 0.000395933120603 0.00189280529882 0.0052996621988 0.000680654720213 0.00123060367396 0.00104577485416 0.000751625778328 0.000538745577588 0.00127306094755 0.000635198191688 0.000501231170702 0.00214889380449 0.00245616192471 -0.00092636859172 0.00343755834744 0.00147153601758 0.000960562284848 0.000809191791614 0.00299574604551 0.00104152006843 0.00128675458526 0.00255039512767 0.000942288542611 0.000965698315963 0.00196308281818 0.00241849104497 
0.00201073864734 0.00181045866382 0.000305357451602 0.00160159528801 0.00116720280271 0.00158839487853 8.03834466291e-05 0.00201520320561 0.00115408076057 0.0153679274624 -0.000649171133452 0.00137166496736 0.00164963297083 0.000942219158495 0.00192433559253 0.00144956589081 0.000439465598806 8.42443565262e-05 0.000320350471392 0.00078214049295 0.00234103796816 0.00354881813376 0.000819565856341 0.00133199897082 0.000290541868715 0.000477877236996 -0.00119109158654 0.0017390314298 0.00129910110767 0.00247768896792 0.000533918406358 0.0016918178619 0.000378836567389 0.00111396960174 0.00130961221106 0.00185001386568 0.00152684671223 0.00142093654425 0.00187162796398 0.00241880757862 
-0.00156113013209 -0.000686589542321 -0.0009864018325 0.00157384427035 -0.000417400633756 0.00196007643332 -0.000876025657523 0.00069983978989 0.00243292970611 -0.000649171133452 0.031663118163 0.0131285431486 0.000163498529274 -0.000824695980962 0.000244323068919 0.00130836771729 -0.000304140154728 3.78231432889e-05 -0.000863742202869 -0.00128660591157 0.000723811859934 0.00236798669847 0.000837741081211 6.19680298125e-05 -0.000152924155598 0.00317451079311 -0.0016348398492 0.00579757548168 0.00046709532001 0.000309190577358 0.00128364297622 -0.000807787787884 0.00109737502698 0.000532925555854 0.00109280323895 0.000779430384038 0.000790780499524 -0.000491029290872 0.000604033085746 0.00328332949243 
0.00289798879191 -0.00184605389488 0.00129001641733 0.000609432820425 0.00199401223792 0.00159759337872 0.000459009130908 -0.000870423861927 0.000794745626145 0.00137166496736 0.0131285431486 0.0377975717837 -0.00154749038439 -0.000586675903813 -0.00170190933132 0.000269604907804 0.00083259279349 0.000893338001805 -0.00165463475452 0.0026048337765 0.000623410681272 0.00344005562849 0.00191578778895 -0.0017808102462 0.00765274128768 -0.000348340493692 0.00299014014335 0.00901636485195 0.00127434217206 -0.000146410319624 0.00179903481466 -0.000344079894982 0.00306718563661 9.71823103668e-05 0.000714452423179 -0.000862352622485 0.000844815902576 -0.00154624458084 0.00226392086113 -0.00155082073711 
0.000497791846384 0.00160679896941 -0.000667255552984 0.00146256964901 -0.000260733571066 0.00232985446446 0.00278103865309 0.000177637638192 0.000815783454641 0.00164963297083 0.000163498529274 -0.00154749038439 0.0187964200752 -0.00141796975201 0.00150613153288 0.000710795259802 -0.000817625108271 0.000452767980469 0.00061626860596 -0.000155381814404 0.00253899099693 0.00172522500445 0.00051290862716 0.00243079476303 0.000467969873984 0.0018083513819 0.000889629021823 8.15708140215e-05 0.000229600952543 0.00189846363413 0.000119233031418 0.00179161936563 -0.00160123867073 0.0017274513272 0.0013165807709 0.00146006509016 0.00176714889164 0.000503112355887 0.000762187647899 0.00137483115658 
0.000305963526782 0.00189382318513 -0.000640946577702 0.00240298448975 -0.000831118760962 0.00132422472229 0.00136523250121 0.00176353316004 0.000192677365901 0.000942219158495 -0.000824695980963 -0.000586675903813 -0.00141796975201 0.034269840344 0.000638503874562 2.75246424947e-05 0.000452738163911 0.00450913817534 0.00145657702609 0.0021448056982 0.00180369669792 -0.00139070913901 0.00134571342603 0.00190181720845 0.00144981822175 0.00160760028499 0.00124021403821 0.000274465792449 0.00230853805319 8.92683507932e-05 0.00063663569923 0.000164818213094 0.00157046239562 -0.000464487100858 0.000388263925798 0.00229267991365 0.000510128303691 0.00517372901116 0.00318910725748 0.000844390359662 
0.00266171064285 0.000885881753911 0.00332321745856 0.00134299551519 0.000610308263537 0.00432000708358 0.00102830571126 0.000279078913709 0.000395933120602 0.00192433559253 0.000244323068919 -0.00170190933132 0.00150613153288 0.000638503874562 0.0136119335272 0.00134886333232 0.000253620791847 0.000840143844914 0.00159850366667 -0.000406953537562 0.00126891981372 0.00108809937794 0.00150201400723 0.000126561291784 0.00247666913004 0.000835768340493 -0.000240695299529 0.000472506843502 0.00244454712687 0.00250469857904 0.00090425639711 0.00111227149623 -0.000163286250042 0.00191661285753 0.00253134755491 0.00260251082023 0.00179718767356 0.000896814381745 0.00308605661539 0.00193194880409 
0.00299783678719 0.00148438896126 -0.000644615772541 0.00189090340504 0.0014887571612 0.000745103043527 0.00215711579222 0.00167878965069 0.00189280529881 0.00144956589081 0.00130836771729 0.000269604907804 0.000710795259802 2.75246424948e-05 0.00134886333232 0.0113789678813 0.00267846239927 0.00234877061 0.00172781874631 0.00250986138925 0.00188585177853 0.0045077241888 0.0029835758321 0.00107605420032 0.00126855719241 0.00112606062897 -0.000477299809179 0.00183001118855 0.00159957371081 0.00302413272984 0.00193037334249 0.000879563282212 0.00165501156302 0.00187643839463 0.0020682921627 0.000813656021361 0.0012717359421 0.000711250365852 0.00251095764153 0.00313616925279 
0.00181172076395 -0.000229452380582 -0.00105805673655 0.000519640394646 0.000860150926102 0.00127945491587 0.0022295880344 0.00199844624059 0.0052996621988 0.000439465598806 -0.000304140154728 0.000832592793491 -0.000817625108271 0.000452738163911 0.000253620791847 0.00267846239927 0.104523984618 0.0245261577659 0.00220686789035 0.00225796521413 0.000943616086481 -0.000582287062087 0.00242644098521 0.00125551369159 0.00161364313559 0.000282002792228 -0.000899283705008 -0.00070437219497 0.00326719851558 0.000784093945184 0.000314987381722 0.000803233016874 0.00942549876614 0.00100548407852 -4.8166165022e-05 0.00104563271499 -0.000617036671862 -0.000342434621352 0.000411816117992 0.00193411646625 
0.00343087429831 0.00205318245396 0.000390896634967 0.00321859947898 0.00131736332898 -0.00293110684203 0.00130732442979 0.000729749971025 0.000680654720213 8.42443565262e-05 3.78231432889e-05 0.000893338001805 0.000452767980469 0.00450913817534 0.000840143844914 0.00234877061 0.0245261577659 0.0287080417007 0.00200690848637 0.00171846738152 0.00234482698109 0.00316818374161 0.00265480542868 0.00231759890249 0.00287664650919 0.00258090277075 0.00577854564434 0.00119272992456 0.00274748993939 0.00193759914647 0.000111592422328 -0.000107554421018 0.00510021474018 0.00190904078959 0.000648207825074 0.00150068340608 0.00109825021973 0.000632615890111 0.00258357916936 0.00154116314744 
