20
0.0948967479515 0.0762578269544 0.0262084488718 0.0823962853659 0.085684238521 0.0335790413719 0.13190386478 0.0445346556631 0.0316067218978 0.0324129219316 0.1366928931 0.0680936188342 0.0360508970818 0.102568127786 0.0674926048947 0.101218808556 0.125568601155 0.0429486266904 0.0723841835345 0.037281538924 
0.560628497808 0.0490673631705 -0.0132874801665 0.0127669638272 0.00664757384407 0.0403754329305 -0.0130938049732 0.0134744842413 0.0233874019903 0.00700021047583 -0.00677314183081 0.0440379659314 0.0134004205601 0.0119356456978 0.0398079278773 0.0119167141099 0.0310935798471 0.0304925651386 0.0138890754255 0.0199880044998 
0.0490673631705 0.49163444885 0.0205282335307 0.0125385578413 0.0135346485748 -0.00749417466362 -0.033785576536 0.14663962933 0.0230769661401 -0.0165989072645 0.0120375248682 0.0114272376386 0.0164604484237 0.00654398464677 0.0401541500288 0.00961918856929 0.00988098575916 -0.00450939638678 0.024782047511 0.00362520324103 
-0.0132874801665 0.0205282335307 0.325541181524 -0.0106668255774 -0.00604052087225 0.0330531973065 0.00745638823725 0.0418983796056 0.0424743191218 0.0101386775448 0.0396092184398 0.0222223194867 0.029552395947 0.078795970289 0.026907604437 0.0586752849157 0.0111255429562 0.0385505827508 0.0231946448388 0.021537248414 
0.0127669638272 0.0125385578413 -0.0106668255774 0.347625500564 0.0507605001292 -0.00246165003567 -0.00308529859685 0.0353179683395 0.0114185824202 0.000772542507299 0.0141741158466 0.0173920076491 0.0222102084606 0.0211259104081 0.00336702222794 0.0119552872905 -0.00487581686383 -0.00206058344043 -0.00037086062016 0.0292563320534 
0.00664757384407 0.0135346485748 -0.00604052087225 0.0507605001292 0.459660121097 0.0162387231805 0.0086747444033 0.00890688443722 0.0148771588715 0.000544990546411 -0.010564090108 -0.00024864248953 0.0122154037144 0.101391789497 0.0310806706601 0.0941378541281 0.0059361307693 0.00505274974614 0.0160334263347 0.0229660111894 
0.0403754329305 -0.00749417466362 0.0330531973065 -0.00246165003567 0.0162387231805 0.248861040785 0.00502641644196 0.007464104622 0.0150155831493 0.0177046127765 0.0114754009198 0.0170329976526 0.00791438155336 0.00956118480035 0.00754180731131 0.0276787977479 0.0338875558445 0.0168658087388 0.0260668092271 0.0236110825463 
-0.0130938049732 -0.033785576536 0.00745638823725 -0.00308529859685 0.0086747444033 0.00502641644196 1.06873143186 -0.0155149348414 -0.00105231979583 -0.0187337073183 0.0300727161687 -0.00807219419833 0.00945109789327 0.000671592942787 -0.0411874392535 0.0135542005315 0.0325497483181 0.0050305684196 -0.0133649306931 -0.0522318879346 
0.0134744842413 0.14663962933 0.0418983796056 0.0353179683395 0.00890688443722 0.007464104622 -0.0155149348414 0.614325613362 0.0284899917391 0.0171915405051 -0.0193950371599 0.0036320165977 0.0410298713568 0.0076164592404 0.014546765195 0.0155818193842 -0.0315922397226 0.00942222706921 -0.0222197087266 0.0112396728482 
0.0233874019903 0.0230769661401 0.0424743191218 0.0114185824202 0.0148771588715 0.0150155831493 -0.00105231979583 0.0284899917391 0.1539919545 0.0240416516822 0.0174289596896 0.0180993016626 0.0602888443994 0.0353057875616 0.0186185054482 0.021654678676 0.0165147092952 0.0207664146912 0.0256038476234 0.00889088307796 
0.00700021047583 -0.0165989072645 0.0101386775448 0.000772542507299 0.000544990546411 0.0177046127765 -0.0187337073183 0.0171915405051 0.0240416516822 0.292407427346 0.0158268053241 0.00268577511198 0.0262388053867 0.00735847871686 9.82841863057e-05 0.024284027046 0.00257399784253 0.0336073651022 0.00446441901158 0.012277963791 
-0.00677314183081 0.0120375248682 0.0396092184398 0.0141741158466 -0.010564090108 0.0114754009198 0.0300727161687 -0.0193950371599 0.0174289596896 0.0158268053241 0.527616294345 0.0249520738983 0.00742045223794 -0.000526162657316 0.0179139420705 0.019152045542 0.0419553591758 0.0417445093995 -0.00265801018127 0.0113688573186 
0.0440379659314 0.0114272376386 0.0222223194867 0.0173920076491 -0.00024864248953 0.0170329976526 -0.00807219419833 0.0036320165977 0.0180993016626 0.00268577511198 0.0249520738983 0.302597683514 0.0257243939623 0.0197159177689 0.0297433549201 0.0162881238458 0.0160715210625 0.0251389263276 0.0385764862001 0.0705326871558 
0.0134004205601 0.0164604484237 0.029552395947 0.0222102084606 0.0122154037144 0.00791438155336 0.00945109789327 0.0410298713568 0.0602888443994 0.0262388053867 0.00742045223794 0.0257243939623 0.194497846424 0.0245494598267 0.0269288417882 0.0417154981355 0.0361354693363 0.00834043110688 0.0249650594017 0.0337856356428 
0.0119356456978 0.00654398464677 0.078795970289 0.0211259104081 0.101391789497 0.00956118480035 0.000671592942787 0.0076164592404 0.0353057875616 0.00735847871686 -0.000526162657316 0.0197159177689 0.0245494598267 0.291646006323 0.0146537578567 0.091933943288 0.0151260773185 0.035891680084 0.0375307983637 0.0454266264061 
0.0398079278773 0.0401541500288 0.026907604437 0.00336702222794 0.0310806706601 0.00754180731131 -0.0411874392535 0.014546765195 0.0186185054482 9.82841863057e-05 0.0179139420705 0.0297433549201 0.0269288417882 0.0146537578567 0.353420991796 0.0406846612608 -0.0001902949356 0.00444878326921 0.00734788657808 0.00264009547734 
0.0119167141099 0.00961918856929 0.0586752849157 0.0119552872905 0.0941378541281 0.0276787977479 0.0135542005315 0.0155818193842 0.021654678676 0.024284027046 0.019152045542 0.0162881238458 0.0417154981355 0.091933943288 0.0406846612608 0.330181270886 0.00474172809467 0.0170165427206 -0.0112784165915 0.0217957723484 
0.0310935798471 0.00988098575916 0.0111255429562 -0.00487581686383 0.0059361307693 0.0338875558445 0.0325497483181 -0.0315922397226 0.0165147092952 0.00257399784253 0.0419553591758 0.0160715210625 0.0361354693363 0.0151260773185 -0.000190294935601 0.00474172809467 0.838987652683 0.00223710815293 0.0201180806484 0.0243595546269 
0.0304925651386 -0.00450939638678 0.0385505827508 -0.00206058344043 0.00505274974614 0.0168658087388 0.0050305684196 0.00942222706921 0.0207664146912 0.0336073651022 0.0417445093995 0.0251389263276 0.00834043110688 0.035891680084 0.00444878326921 0.0170165427206 0.00223710815293 0.212502003618 0.0190487661956 0.00101324673297 
0.0138890754255 0.024782047511 0.0231946448388 -0.000370860620159 0.0160334263347 0.0260668092271 -0.0133649306931 -0.0222197087266 0.0256038476234 0.00446441901158 -0.00265801018127 0.0385764862001 0.0249650594017 0.0375307983637 0.00734788657808 -0.0112784165915 0.0201180806484 0.0190487661956 0.351132241803 0.0508658847573 
0.0199880044998 0.00362520324103 0.021537248414 0.0292563320534 0.0229660111894 0.0236110825463 -0.0522318879346 0.0112396728482 0.00889088307796 0.012277963791 0.0113688573186 0.0705326871558 0.0337856356428 0.0454266264061 0.00264009547734 0.0217957723484 0.0243595546269 0.00101324673297 0.0508658847573 0.386135906463 
0.0485518521187 0.00424935830024 -0.00115072953765 0.00110565150036 0.00057569678225 0.00349661506066 -0.00113395677389 0.00116692456558 0.00202540842521 0.000606236010391 -0.000586571288892 0.00381379972276 0.00116051046265 0.00103365723849 0.00344746768138 0.00103201771488 0.00269278300422 0.00264073360365 0.00120282921535 0.00173101196678 
0.00424935830024 0.0425767922079 0.00177779717324 0.00108587096174 0.00117213494971 -0.000649014563909 -0.00292591675616 0.0126993644201 0.00199852389196 -0.00143750753661 0.00104248023345 0.00098962780901 0.00142551664926 0.000566725694608 0.00347745139923 0.00083304616648 0.000855718468186 -0.000390525182669 0.00214618827023 0.000313951810061 
-0.00115072953765 0.00177779717324 0.0281926933178 -0.000923774192776 -0.000523124452746 0.00286249085437 0.000645742163394 0.00362850611159 0.00367838393679 0.000878035231454 0.0034302589393 0.00192450932065 0.00255931256328 0.00682393119861 0.00233026689975 0.00508142873113 0.000963500283095 0.00333857839928 0.00200871516621 0.00186518042541 
0.00110565150036 0.00108587096174 -0.000923774192776 0.0301052514492 0.00439598826207 -0.000213185146612 -0.000267194696313 0.00305862577921 0.00098887824511 6.69041436824e-05 0.00122751443994 0.0015061920447 0.00192346047502 0.00182955750915 0.000291592678451 0.00103535825031 -0.000422258126828 -0.000178451760603 -3.21174718322e-05 0.00253367267798 
0.00057569678225 0.00117213494971 -0.000523124452746 0.00439598826207 0.0398077341976 0.00140631467993 0.00075125490246 0.00077135881912 0.00128839975189 4.71975658014e-05 -0.000914877040144 -2.15330712393e-05 0.00105788499341 0.00878078654399 0.00269166503583 0.00815257731327 0.00051408400464 0.000437580963912 0.00138853545155 0.00198891491137 
0.00349661506066 -0.000649014563909 0.00286249085437 -0.000213185146612 0.00140631467993 0.0215519983332 0.000435300432874 0.000646410421916 0.00130038764599 0.00153326444286 0.000993798871514 0.00147510086697 0.000685405548046 0.000828022892738 0.000653139672204 0.00239705419959 0.00293474842335 0.00146062188232 0.00225745189863 0.00204477972959 
-0.00113395677389 -0.00292591675616 0.000645742163394 -0.000267194696313 0.00075125490246 0.000435300432874 0.0925548569811 -0.00134363277107 -9.11335676095e-05 -0.00162238664447 0.00260437361629 -0.000699072524004 0.000818489086923 5.81616549456e-05 -0.00356693687104 0.00117382819883 0.00281889089303 0.000435660004685 -0.00115743695 -0.0045234141839 
0.00116692456558 0.0126993644201 0.00362850611159 0.00305862577921 0.00077135881912 0.000646410421916 -0.00134363277107 0.0532021587367 0.00246730565997 0.00148883108076 -0.00167965948878 0.000314541864058 0.0035532910909 0.000659604718908 0.00125978682018 0.00134942514239 -0.00273596821622 0.000815988800216 -0.00192428322219 0.000973384221678 
0.00202540842521 0.00199852389196 0.00367838393679 0.00098887824511 0.00128839975189 0.00130038764599 -9.11335676095e-05 0.00246730565997 0.0133360944576 0.00208206811057 0.00150939218528 0.00156744550305 0.00522116708147 0.00305757089289 0.00161240986987 0.00187535018442 0.00143021577858 0.00179842426681 0.00221735824765 0.000769973060759 
0.000606236010391 -0.00143750753661 0.000878035231454 6.69041436824e-05 4.71975658014e-05 0.00153326444286 -0.00162238664447 0.00148883108076 0.00208206811057 0.0253232260337 0.00137064154714 0.000232594947583 0.00227234720298 0.000637262950201 8.51166021311e-06 0.00210305843281 0.000222914752091 0.00291048319328 0.000386630027717 0.00106330285497 
-0.000586571288892 0.00104248023345 0.0034302589393 0.00122751443994 -0.000914877040144 0.000993798871514 0.00260437361629 -0.00167965948878 0.00150939218528 0.00137064154714 0.0456929114353 0.0021609129873 0.000642630014562 -4.55670227758e-05 0.0015513928915 0.00165861579738 0.00363344068711 0.00361518056084 -0.00023019043405 0.000984571924991 
0.00381379972276 0.00098962780901 0.00192450932065 0.0015061920447 -2.15330712393e-05 0.00147510086697 -0.000699072524004 0.000314541864058 0.00156744550305 0.000232594947583 0.0021609129873 0.0262057281049 0.00222779786683 0.00170744856468 0.00257585009546 0.00141059290305 0.00139183455176 0.00217709488235 0.0033408217038 0.00610830988741 
0.00116051046265 0.00142551664926 0.00255931256328 0.00192346047502 0.00105788499341 0.000685405548046 0.000818489086923 0.0035532910909 0.00522116708147 0.00227234720298 0.000642630014562 0.00222779786683 0.0168440075985 0.00212604558591 0.00233210610831 0.00361266811169 0.00312942344229 0.000722302521707 0.00216203756488 0.00292592187497 
0.00103365723849 0.000566725694608 0.00682393119861 0.00182955750915 0.00878078654399 0.000828022892738 5.81616549456e-05 0.000659604718908 0.00305757089289 0.000637262950201 -4.55670227758e-05 0.00170744856468 0.00212604558591 0.0252572850388 0.00126905265648 0.00796171303575 0.00130995672174 0.00310831067373 0.00325026248073 0.00393406124759 
0.00344746768138 0.00347745139923 0.00233026689975 0.000291592678451 0.00269166503583 0.000653139672204 -0.00356693687104 0.00125978682018 0.00161240986987 8.5116602131e-06 0.0015513928915 0.00257585009546 0.00233210610831 0.00126905265648 0.0306071557126 0.00352339501962 -1.64800248442e-05 0.000385275932706 0.000636345644074 0.000228638975179 
0.00103201771488 0.00083304616648 0.00508142873113 0.00103535825031 0.00815257731327 0.00239705419959 0.00117382819883 0.00134942514239 0.00187535018442 0.00210305843281 0.00165861579738 0.00141059290305 0.00361266811169 0.00796171303575 0.00352339501962 0.0285945368441 0.000410645698783 0.00147367582806 -0.000976739528273 0.00188756925488 
0.00269278300422 0.000855718468186 0.000963500283095 -0.000422258126828 0.00051408400464 0.00293474842335 0.00281889089303 -0.00273596821622 0.00143021577858 0.000222914752091 0.00363344068711 0.00139183455176 0.00312942344229 0.00130995672174 -1.64800248442e-05 0.000410645698783 0.0726584620685 0.000193739249145 0.00174227689169 0.00210959931318 
0.00264073360365 -0.000390525182669 0.00333857839928 -0.000178451760603 0.000437580963912 0.00146062188232 0.000435660004685 0.000815988800216 0.00179842426681 0.00291048319328 0.00361518056084 0.00217709488235 0.000722302521707 0.00310831067373 0.000385275932706 0.00147367582806 0.000193739249145 0.0184032133488 0.00164967154361 8.77497411054e-05 
0.00120282921535 0.00214618827023 0.00200871516621 -3.21174718321e-05 0.00138853545155 0.00225745189863 -0.00115743695 -0.00192428322219 0.00221735824765 0.000386630027717 -0.00023019043405 0.0033408217038 0.00216203756488 0.00325026248073 0.000636345644074 -0.000976739528273 0.00174227689169 0.00164967154361 0.0304089441489 0.00440511483858 
0.00173101196678 0.000313951810061 0.00186518042541 0.00253367267798 0.00198891491137 0.00204477972959 -0.0045234141839 0.000973384221678 0.000769973060759 0.00106330285497 0.000984571924991 0.00610830988741 0.00292592187497 0.00393406124759 0.000228638975179 0.00188756925488 0.00210959931318 8.77497411054e-05 0.00440511483858 0.0334403504311 

['SUNW', 'OXY', 'BDK', 'AMAT', 'HLT', 'TMO', 'CVG', 'DJ', 'MTB', 'SGP', 'OMX', 'A', 'ASO', 'HOT', 'AMGN', 'HET', 'GM', 'BCR', 'MOLX', 'QLGC']