20
0.0621428512979 0.134016582451 0.110578936942 0.0617018630506 0.0358419118375 0.125568601155 0.0705908558691 -0.0290439391383 0.0309991269713 0.28152338764 0.0913653440874 0.0861150338972 0.399937027552 0.0300114281637 0.0392369654355 0.0759168136047 0.09797045465 0.105790735219 0.0493934577213 0.0703179731329 
0.18361652133 0.0409455818285 0.0110942890818 0.0221216282998 0.0406233757651 0.0421471340524 0.0173254881076 0.00208948497759 0.0192000214743 -0.0141321106403 0.0314603366108 0.0348885236085 0.024893193914 0.0315519131574 0.0440841270489 0.0102571683381 0.0244907040686 0.0306682304444 0.0297538752994 0.0230145700596 
0.0409455818285 0.231958329849 0.0236362174789 0.00680809666726 0.00809006970681 -0.010331428185 0.00215435511568 0.0116333854805 -0.00243865648249 -0.00161608209176 0.0338082316863 0.00918952628269 0.0394751487067 0.0258881101094 0.0412846730334 0.00202364570517 0.022598363222 0.0176928679277 0.0179495646644 0.0285645995396 
0.0110942890818 0.0236362174789 0.847575579079 0.0281011321453 0.00666214815919 -0.011176335645 0.0408589146212 0.0072752990648 0.0256170468858 -0.0181696434367 -0.0222935758916 0.0283831901883 0.0592233883235 0.0336750562589 0.023595935726 -0.00643694666493 0.0222183560284 0.0137511076185 0.00233429434801 0.022393883849 
0.0221216282998 0.00680809666726 0.0281011321453 0.280034658702 0.028816379744 0.0113529194548 0.00747943915067 0.00783588779814 0.0303479328056 0.0183383243888 0.0158723965455 0.0217447318302 0.0344050009444 0.0246811087763 0.0375432509138 -0.000351765454192 0.00400483223448 0.0497419487305 0.02329418396 0.012177998148 
0.0406233757651 0.00809006970681 0.00666214815919 0.028816379744 0.219650824518 0.0195243984758 0.0256857427296 0.0272743135175 0.0273088316309 -0.00359091783201 0.0238060544639 0.031467838991 0.0454736909954 0.0203377157588 0.0186526029857 0.0241168765551 -0.0153100035161 0.0165194122318 0.0227191522434 0.0215299406408 
0.0421471340524 -0.010331428185 -0.011176335645 0.0113529194548 0.0195243984758 0.817989689833 0.190397109223 0.00106479050577 0.030840505464 -0.0365416945898 0.0285512490499 0.010214659198 0.00549946790801 0.0231731947526 0.0109630905386 0.00610569867429 -0.0310625335946 0.0181509073411 0.0100394135275 -0.0028872888101 
0.0173254881076 0.00215435511568 0.0408589146212 0.00747943915067 0.0256857427296 0.190397109223 0.451132829803 0.00106223370193 0.0264624343137 -0.0256248883069 0.0231235261461 0.0258107625746 0.0322915760512 0.0138893437552 0.0196244945647 0.0196891716702 0.0328840116118 0.0181963266444 0.0165919663089 0.00132373943557 
0.00208948497759 0.0116333854805 0.0072752990648 0.00783588779814 0.0272743135175 0.00106479050577 0.00106223370193 0.334603107749 0.0320284848933 0.00599874739739 -0.0171109015404 -0.00831988466756 0.090723142716 0.0201724945661 0.0134031502864 0.00639753551154 0.0529172398081 0.0219266222827 -0.00138957550875 -0.000594491334795 
0.0192000214743 -0.00243865648249 0.0256170468858 0.0303479328056 0.0273088316309 0.030840505464 0.0264624343137 0.0320284848933 0.486566553886 -0.018278643181 0.0150335533584 0.0027560813044 0.00115827299709 0.0246384872125 0.00530519687681 0.00730628998172 -0.0129196249049 0.0398625740635 -0.00523664882489 0.0259007513076 
-0.0141321106403 -0.00161608209176 -0.0181696434367 0.0183383243888 -0.00359091783201 -0.0365416945898 -0.0256248883069 0.00599874739739 -0.018278643181 1.93755011315 0.0147483928528 -0.0131152854937 -0.0430332069263 0.00249660244371 0.00633731932004 -0.018639437336 -0.00633934133065 -0.0328682079499 0.0233783407445 0.00728805515889 
0.0314603366109 0.0338082316863 -0.0222935758916 0.0158723965455 0.0238060544639 0.0285512490499 0.0231235261461 -0.0171109015404 0.0150335533584 0.0147483928528 0.39048070072 0.0447511812715 0.0460704895411 0.027002240672 0.0443696420376 0.0377143388125 0.00485244369721 -0.00652586702229 0.0132933941164 0.0156886705867 
0.0348885236085 0.00918952628269 0.0283831901883 0.0217447318302 0.031467838991 0.010214659198 0.0258107625746 -0.00831988466756 0.0027560813044 -0.0131152854937 0.0447511812715 0.241182974836 0.0538617710835 0.0286414102483 0.0269028173463 0.0223117739486 0.0535096665149 0.029649318548 0.00763905380962 0.00357588500841 
0.024893193914 0.0394751487067 0.0592233883235 0.0344050009444 0.0454736909954 0.00549946790801 0.0322915760512 0.090723142716 0.00115827299709 -0.0430332069263 0.0460704895411 0.0538617710835 1.32248872775 0.0129089670595 0.00307662790949 0.0370065613291 0.0580042532697 -0.0243930684928 0.0116438081805 0.0341956007617 
0.0315519131574 0.0258881101094 0.0336750562589 0.0246811087763 0.0203377157588 0.0231731947526 0.0138893437552 0.0201724945661 0.0246384872125 0.00249660244371 0.027002240672 0.0286414102483 0.0129089670595 0.221566020263 0.0536984876753 0.0262089947515 0.014978770101 0.0058912334537 0.0250019710388 0.00354096647967 
0.0440841270489 0.0412846730334 0.023595935726 0.0375432509138 0.0186526029857 0.0109630905386 0.0196244945647 0.0134031502864 0.00530519687681 0.00633731932004 0.0443696420376 0.0269028173463 0.00307662790949 0.0536984876753 0.183693206551 0.0413329084638 0.0498588403921 0.0239889944205 0.0367394023243 0.0175346795196 
0.0102571683381 0.00202364570517 -0.00643694666493 -0.000351765454192 0.0241168765551 0.00610569867429 0.0196891716702 0.00639753551154 0.00730628998172 -0.018639437336 0.0377143388125 0.0223117739486 0.0370065613291 0.0262089947515 0.0413329084638 0.35112452243 -0.000531092851581 -0.00466166751927 0.0074056555061 0.0350748013111 
0.0244907040686 0.022598363222 0.0222183560284 0.00400483223448 -0.0153100035161 -0.0310625335946 0.0328840116118 0.0529172398081 -0.0129196249049 -0.00633934133065 0.00485244369721 0.0535096665149 0.0580042532697 0.014978770101 0.0498588403921 -0.000531092851581 0.962122658396 0.0434796760143 0.0100117539785 -0.0188014204135 
0.0306682304444 0.0176928679277 0.0137511076185 0.0497419487305 0.0165194122318 0.0181509073411 0.0181963266444 0.0219266222827 0.0398625740635 -0.0328682079499 -0.00652586702229 0.029649318548 -0.0243930684928 0.0058912334537 0.0239889944205 -0.00466166751927 0.0434796760143 0.360848891554 0.0485262947609 0.012769743858 
0.0297538752994 0.0179495646644 0.00233429434801 0.02329418396 0.0227191522434 0.0100394135275 0.0165919663089 -0.00138957550875 -0.00523664882489 0.0233783407445 0.0132933941164 0.00763905380962 0.0116438081805 0.0250019710388 0.0367394023243 0.0074056555061 0.0100117539785 0.0485262947609 0.174438751918 0.0311115266566 
0.0230145700596 0.0285645995396 0.022393883849 0.012177998148 0.0215299406408 -0.0028872888101 0.00132373943557 -0.000594491334795 0.0259007513076 0.00728805515889 0.0156886705867 0.00357588500841 0.0341956007617 0.00354096647967 0.0175346795196 0.0350748013111 -0.0188014204135 0.012769743858 0.0311115266566 0.286942813265 
0.0159016572026 0.00354599140362 0.000960793618174 0.00191578920807 0.00351808754001 0.00365004887861 0.00150043128342 0.000180954707142 0.001662770635 -0.00122387668236 0.00272454507166 0.00302143477455 0.00215581383109 0.00273247583323 0.0038177973928 0.000888296835168 0.002120957188 0.0026559466654 0.00257676118703 0.00199312023288 
0.00354599140362 0.0200881806269 0.00204695647861 0.000589598466526 0.000700620588449 -0.000894727926562 0.000186572625895 0.00100748073581 -0.000211193846494 -0.000139956814606 0.00292787874973 0.000795836320956 0.00341864815981 0.00224197610107 0.00357535756339 0.000175252858894 0.00195707566342 0.00153224730912 0.00155447789863 0.00247376688502 
0.000960793618174 0.00204695647861 0.073402198311 0.00243362943129 0.000576958954964 -0.000967899058977 0.0035384858033 0.000630059381025 0.0022185013373 -0.00157353727939 -0.00193068030633 0.00245805637435 0.00512889587863 0.00291634541941 0.00204346797648 -0.000557455933464 0.00192416607509 0.00119088085278 0.000202155820529 0.00193936723027 
0.00191578920807 0.000589598466526 0.00243362943129 0.0242517128376 0.00249557169034 0.000983191665497 0.000647738431054 0.000678607789439 0.0026282080762 0.00158814547835 0.00137458986273 0.00188314901635 0.00297956048351 0.00213744671939 0.0032513409032 -3.04637819504e-05 0.000346828645296 0.00430777912344 0.00201733550698 0.00105464557634 
0.00351808754001 0.000700620588449 0.000576958954964 0.00249557169034 0.0190223193995 0.00169086250736 0.00222445057189 0.00236202483769 0.002365014194 -0.000310982606542 0.00206166479296 0.00272519479684 0.00393813716058 0.0017612978502 0.00161536280323 0.00208858277567 -0.0013258851977 0.00143062306483 0.00196753629952 0.00186454755369 
0.00365004887861 -0.000894727926562 -0.000967899058977 0.000983191665497 0.00169086250736 0.070839985143 0.0164888733394 9.22135627709e-05 0.00267086611974 -0.00316460358121 0.0024726106987 0.00088461543565 0.000476267891563 0.00200685753426 0.000949431491044 0.000528769015979 -0.00269009431989 0.00157191468592 0.00086943871539 -0.000250046545761 
0.00150043128342 0.000186572625895 0.0035384858033 0.000647738431054 0.00222445057189 0.0164888733394 0.039069249109 9.19921370624e-05 0.00229171403616 -0.00221918042429 0.00200255610676 0.00223527760806 0.00279653251886 0.00120285245339 0.00169953108295 0.00170513228459 0.00284783894342 0.00157584811296 0.00143690643222 0.000114639197919 
0.000180954707142 0.00100748073581 0.000630059381025 0.000678607789439 0.00236202483769 9.22135627709e-05 9.19921370624e-05 0.0289774791496 0.00277374815623 0.000519506763703 -0.00148184754156 -0.000720523147867 0.00785685463032 0.0017469892752 0.00116074686387 0.000554042827461 0.0045827673972 0.0018989011916 -0.000120340769105 -5.14844598262e-05 
0.001662770635 -0.000211193846494 0.0022185013373 0.0026282080762 0.002365014194 0.00267086611974 0.00229171403616 0.00277374815623 0.0421378996297 -0.00158297693415 0.00130194391175 0.000238683642451 0.000100309383999 0.00213375558369 0.000459443526739 0.000632743273159 -0.0011188723375 0.00345220017992 -0.000453507091306 0.00224307086094 
-0.00122387668236 -0.000139956814606 -0.00157353727939 0.00158814547835 -0.000310982606542 -0.00316460358121 -0.00221918042429 0.000519506763703 -0.00158297693415 0.16779676191 0.00127724828755 -0.00113581704154 -0.00372678504045 0.00021621211394 0.000548827952304 -0.00161422262452 -0.000549003063561 -0.00284647030615 0.00202462369831 0.000631164091178 
0.00272454507166 0.00292787874973 -0.00193068030633 0.00137458986273 0.00206166479296 0.0024726106987 0.00200255610676 -0.00148184754156 0.00130194391175 0.00127724828755 0.0338166206511 0.00387556598305 0.00398982143073 0.0023384626381 0.00384252371614 0.00326615754986 0.000420233951222 -0.000565156662302 0.00115124170073 0.00135867872797 
0.00302143477455 0.000795836320956 0.00245805637435 0.00188314901635 0.00272519479684 0.00088461543565 0.00223527760806 -0.000720523147867 0.000238683642451 -0.00113581704154 0.00387556598305 0.0208870583169 0.00466456620511 0.00248041888752 0.00232985232553 0.0019322563043 0.004634073055 0.00256770630675 0.000661561466001 0.000309680725829 
0.00215581383109 0.00341864815981 0.00512889587863 0.00297956048351 0.00393813716058 0.000476267891563 0.00279653251886 0.00785685463032 0.000100309383999 -0.00372678504045 0.00398982143073 0.00466456620511 0.114530883445 0.00111794934101 0.000266443792761 0.00320486222177 0.00502331568591 -0.0021125016991 0.00100838336811 0.00296142589573 
0.00273247583323 0.00224197610107 0.00291634541941 0.00213744671939 0.0017612978502 0.00200685753426 0.00120285245339 0.0017469892752 0.00213375558369 0.00021621211394 0.0023384626381 0.00248041888752 0.00111794934101 0.0191881802163 0.00465042544716 0.00226976552625 0.00129719954249 0.000510195783053 0.00216523420643 0.000306656692534 
0.0038177973928 0.00357535756339 0.00204346797648 0.0032513409032 0.00161536280323 0.000949431491044 0.00169953108295 0.00116074686387 0.000459443526739 0.000548827952304 0.00384252371614 0.00232985232553 0.000266443792761 0.00465042544716 0.0159082983376 0.00357953487419 0.00431790223828 0.00207750785794 0.00318172557327 0.00151854779112 
0.000888296835168 0.000175252858894 -0.000557455933464 -3.04637819504e-05 0.00208858277567 0.000528769015979 0.00170513228459 0.000554042827461 0.000632743273159 -0.00161422262452 0.00326615754986 0.0019322563043 0.00320486222177 0.00226976552625 0.00357953487419 0.0304082756316 -4.59939901237e-05 -0.000403712249568 0.000641348579996 0.00303756689681 
0.002120957188 0.00195707566342 0.00192416607509 0.000346828645296 -0.0013258851977 -0.00269009431989 0.00284783894342 0.0045827673972 -0.0011188723375 -0.000549003063561 0.000420233951222 0.004634073055 0.00502331568591 0.00129719954249 0.00431790223828 -4.59939901237e-05 0.0833222663728 0.00376545039767 0.000867043328182 -0.00162825077053 
0.0026559466654 0.00153224730912 0.00119088085278 0.00430777912344 0.00143062306483 0.00157191468592 0.00157584811296 0.0018989011916 0.00345220017992 -0.00284647030615 -0.000565156662302 0.00256770630675 -0.0021125016991 0.000510195783053 0.00207750785794 -0.000403712249568 0.00376545039767 0.0312504307014 0.00420250040145 0.00110589225808 
0.00257676118703 0.00155447789863 0.000202155820529 0.00201733550698 0.00196753629952 0.00086943871539 0.00143690643222 -0.000120340769105 -0.000453507091306 0.00202462369831 0.00115124170073 0.000661561466001 0.00100838336811 0.00216523420643 0.00318172557327 0.000641348579996 0.000867043328182 0.00420250040145 0.0151068390565 0.00269433724351 
0.00199312023288 0.00247376688502 0.00193936723027 0.00105464557634 0.00186454755369 -0.000250046545761 0.000114639197919 -5.14844598262e-05 0.00224307086094 0.000631164091178 0.00135867872797 0.000309680725829 0.00296142589573 0.000306656692534 0.00151854779112 0.00303756689681 -0.00162825077053 0.00110589225808 0.00269433724351 0.0248499765721 

['MER', 'PNC', 'UVN', 'CI', 'APD', 'GM', 'F', 'THC', 'ZMH', 'ESRX', 'FLR', 'SPLS', 'JDSU', 'NCC', 'WB', 'DE', 'ANDW', 'SYMC', 'AFL', 'BF.B']