30
0.12825177486 0.0147816990943 0.0946915784272 0.0194782181544 0.025637758891 0.12260521459 0.0524452719686 0.0101927526284 0.126841392599 0.0729597235382 0.0807794462486 0.0697795953642 0.00640420781163 0.0172601721071 0.0398839612709 0.0714432896303 0.0444525953717 0.0413413845105 0.190895055806 0.0723841835345 0.0300114281637 0.0339335468557 0.142251168296 0.0088766616328 0.072987431854 0.0704328117516 0.00154943769328 0.0904248988876 0.0511719962834 0.0621428512979 
0.526981700916 0.0099164834591 0.0058452163362 0.0162345254056 0.0392767635274 0.00390854443917 -0.00520149603909 0.0042960682134 0.0190860295535 0.0761189353123 0.0170210380237 -0.00117032643355 0.0444152006641 0.0157936407376 0.0124790703484 0.0216623216741 0.0866452886696 0.00999330598676 0.116255763193 -0.0150312800354 -0.00262863046395 -0.00128823084197 0.00021446623464 0.0137618989567 -0.00393624690532 0.0120477161852 0.00682514853445 0.0526662380089 0.014278597673 0.00861220272794 
0.0099164834591 0.213299177482 0.000383444465498 0.0705119757638 0.014467104956 0.0408776976376 0.00212650569084 0.0140578635274 0.00464991217963 0.0308184226706 0.0342121562179 0.00693088542922 0.0151379238085 0.0249085913454 0.00992119959521 0.0174542619971 0.0127902048844 0.0131734350152 -0.00919490077046 0.0255721111612 0.0272178744615 0.0201251124956 0.0083278125457 0.0288029984043 0.0104469186215 -0.000599020013843 0.00928616179323 -0.0111198858916 0.018236962506 0.0204548315826 
0.0058452163362 0.000383444465499 0.366679876453 0.0115951211615 0.0335904415042 0.024035518271 0.0400880139327 0.028304390872 0.00826058703413 0.0265410839212 0.0278922321177 0.00501883609798 8.40690745027e-05 0.0176646445351 -0.00300857394808 0.0131177817081 -0.00913558460797 0.0391495311455 0.0707008847414 0.0329857886886 0.0158758981391 0.0215087187637 0.0371375076112 0.021822135221 0.0141224394979 0.0196501432699 0.00378995177719 0.000333155559642 0.0196692635183 0.0219613321419 
0.0162345254056 0.0705119757638 0.0115951211615 0.16913668453 0.0310613851326 0.0391392421172 0.0280267859986 0.0336036692588 0.0180789484537 0.0274402547303 -0.000952992085809 0.00826030657476 0.0196948521899 0.0223708585836 0.0178099985935 0.00326582789904 0.024718243986 0.0240841363193 0.0120660541762 0.00919922602577 0.0386399662939 0.0274311167426 0.0277146604353 0.0201568412672 0.00398809072382 0.0159759943239 0.021042413026 0.00114971842775 0.0286141209646 0.0379642656832 
0.0392767635274 0.014467104956 0.0335904415042 0.0310613851326 0.264285968534 0.0343449395643 0.0222963187329 0.0200462615462 0.0223309890231 0.0138081860427 0.00458792341992 0.00864344485264 0.0176934985246 0.0219652529193 -0.00302861406234 0.00133749398366 0.0137285085482 0.0475884643041 0.0570702164658 0.0315837507186 0.0337164186664 0.00838496995063 -0.0018148937182 0.0176661656266 0.034756119646 0.0376632726995 -0.0138422316355 0.0120301119712 -0.0128736954805 0.0400303530347 
0.00390854443917 0.0408776976376 0.024035518271 0.0391392421172 0.0343449395643 0.21521701264 0.0300283435983 0.0129940409052 0.0138214923005 0.0305881884058 0.0140681053593 -0.00105792316874 0.0289636776706 0.021805258567 0.00099189956226 0.0220472291175 0.0347491724739 0.0146616229505 0.046079698333 0.0255763152942 0.0244518942642 0.0295399612692 0.0120210040177 0.029222849694 0.00683484953373 0.0213940762113 0.0206013423638 0.0265249252117 0.00301440249577 0.0599098840772 
-0.00520149603909 0.00212650569084 0.0400880139327 0.0280267859986 0.0222963187329 0.0300283435983 0.26769199993 0.0280653707082 0.0142159348899 0.0223672588004 -0.00260166956954 0.0290753832098 0.032173340882 0.0329482103909 0.015122515036 0.00573469253368 0.0318973051072 0.0347922245713 0.0596731870828 0.0296455350392 0.0264561992262 0.031773897556 0.0316013991901 0.0238518181529 -0.00351028454693 0.0196558164882 0.0298426159361 0.00506642028465 -0.0127296598458 0.0265476405309 
0.0042960682134 0.0140578635274 0.028304390872 0.0336036692588 0.0200462615462 0.0129940409052 0.0280653707082 0.264762768038 0.00167343185463 0.00928733841666 0.0189394949786 0.00281383143524 0.0162366040098 0.00820189118406 0.0141341680052 0.00502839442593 0.00494677287555 0.0239138337557 0.0314072903806 0.0121985689422 0.0255336424791 0.0383360105893 0.0116407894688 0.0342800644429 0.0130547296335 0.00605821279243 0.0213891400966 -0.00195035540047 0.0038540241023 0.0171323825702 
0.0190860295535 0.00464991217963 0.00826058703413 0.0180789484537 0.0223309890231 0.0138214923005 0.0142159348899 0.00167343185463 0.867256107294 -0.00303603249227 0.0155058386882 0.0504346297511 0.0478729464033 0.0108644550716 0.010567395163 0.00758335157434 0.0297811669877 0.0141431574383 0.015999448856 0.065413990947 -0.000385998146554 -0.0151521203952 0.017883306533 0.0137174508709 0.0299781576575 0.0247944550347 -0.016033819078 0.0187663907175 0.126059237139 0.00331318056637 
0.0761189353123 0.0308184226706 0.0265410839212 0.0274402547303 0.0138081860427 0.0305881884058 0.0223672588004 0.00928733841666 -0.00303603249227 0.46458549227 0.0081892138306 0.0412039698309 0.039756202309 0.0221491629345 -0.00229326648786 0.0368645652571 0.106534741617 0.0200095179549 0.0464005244134 0.0505584214676 -0.0122210612822 0.0116600868895 0.0142929872795 0.0558628207799 -0.00834684391173 -0.00355431593924 -0.000480769499046 0.174036513156 0.00862103839691 0.0236319213454 
0.0170210380237 0.0342121562179 0.0278922321177 -0.000952992085809 0.00458792341992 0.0140681053593 -0.00260166956954 0.0189394949786 0.0155058386882 0.0081892138306 0.503559141713 0.0120632923615 0.00235310735175 0.0133816190722 0.0124446369146 -0.00664832886384 0.00734008195609 0.00151742567969 0.0056393426595 0.0243312604885 0.0143071599997 0.0208715112265 -0.0192698506357 0.0217954230124 0.0226042251908 0.0150364839298 0.00991152121435 0.0224901664588 0.0100583041435 0.0161459871943 
-0.00117032643355 0.00693088542922 0.00501883609798 0.00826030657476 0.00864344485264 -0.00105792316874 0.0290753832098 0.00281383143524 0.0504346297511 0.0412039698309 0.0120632923615 0.478592099837 0.0774030732048 0.0174168517822 0.0205924095849 -0.00891229967428 0.0419223300349 0.00332161397898 0.00293620371477 0.0136688634845 0.0075285452724 0.00930424644151 0.0270233215091 0.0296107200562 0.01810664929 0.00928726934243 -0.0049566019088 0.0448897103063 0.029974638657 0.0115677688815 
0.0444152006641 0.0151379238085 8.40690745027e-05 0.0196948521899 0.0176934985246 0.0289636776706 0.032173340882 0.0162366040098 0.0478729464033 0.039756202309 0.00235310735175 0.0774030732048 0.167362061004 0.0160011695105 -0.00935013756779 0.00465101803255 0.0434106675093 0.00945103992156 0.0267131364058 0.0190173728725 0.0302787285995 0.00503892469583 0.0160239270598 0.0288664520958 0.016421230165 0.0171720765511 0.00806323438024 0.0546355363628 -0.0127964325093 0.0288776246497 
0.0157936407376 0.0249085913454 0.0176646445351 0.0223708585836 0.0219652529193 0.021805258567 0.0329482103909 0.00820189118406 0.0108644550716 0.0221491629345 0.0133816190722 0.0174168517822 0.0160011695105 0.195279662031 0.00209970640844 0.000962064954752 0.0100558479692 0.0461689814978 0.00677142229952 0.02447035028 0.0153744666152 0.0108429790115 0.0241827972011 0.0213814789854 0.0125243142043 -0.0056716634009 0.03887896853 0.0170619482822 -0.0030976698845 0.0202161471663 
0.0124790703484 0.00992119959521 -0.00300857394808 0.0178099985935 -0.00302861406234 0.00099189956226 0.015122515036 0.0141341680052 0.010567395163 -0.00229326648786 0.0124446369146 0.0205924095849 -0.00935013756779 0.00209970640844 0.141743401085 0.00631852000126 0.00429556343034 0.0152085668346 0.00435827517158 0.0116349409845 0.0127001553956 0.0140263224165 0.0177630452715 0.0226085144739 0.00802119481313 0.00500576140819 0.0203226275814 0.00019968272228 0.0289311086187 0.0154670761308 
0.0216623216741 0.0174542619971 0.0131177817081 0.00326582789904 0.00133749398366 0.0220472291175 0.00573469253368 0.00502839442593 0.00758335157434 0.0368645652571 -0.00664832886384 -0.00891229967428 0.00465101803255 0.000962064954752 0.00631852000126 0.378185110764 0.0213537655328 0.0204159810706 0.0360911480541 0.00874532279452 0.00456542630618 -0.0051010214556 0.00445599237138 0.0187293407369 -0.0117076094112 0.0223511847086 -0.0106725558954 -0.00646935263064 0.00281727855163 0.0066361813872 
0.0866452886696 0.0127902048844 -0.00913558460797 0.024718243986 0.0137285085482 0.0347491724739 0.0318973051072 0.00494677287555 0.0297811669877 0.106534741617 0.00734008195609 0.0419223300349 0.0434106675093 0.0100558479692 0.00429556343034 0.0213537655328 0.215325269532 0.01392410608 0.0370451132548 0.00309920152104 0.00926046209733 0.0292875478835 -0.0139434060403 0.0329258828577 0.0162874524013 -0.00209665844475 0.0371301733562 0.100159653716 -0.00228709359863 0.0158750612993 
0.00999330598676 0.0131734350152 0.0391495311455 0.0240841363193 0.0475884643041 0.0146616229505 0.0347922245713 0.0239138337557 0.0141431574383 0.0200095179549 0.00151742567969 0.00332161397898 0.00945103992156 0.0461689814978 0.0152085668346 0.0204159810706 0.01392410608 0.243754949782 0.0179835339668 0.0264115370678 0.0178036497844 0.0224704007021 0.00514384288814 0.00260876543027 -0.0105218368176 0.0218392192199 0.0214322680693 0.0113809242516 0.00529781566219 0.0248944050896 
0.116255763193 -0.00919490077046 0.0707008847414 0.0120660541762 0.0570702164658 0.046079698333 0.0596731870828 0.0314072903806 0.015999448856 0.0464005244134 0.0056393426595 0.00293620371477 0.0267131364058 0.00677142229952 0.00435827517158 0.0360911480541 0.0370451132548 0.0179835339668 0.551019157164 0.0163770439834 0.0308712104975 0.0184463870976 -0.0191478800674 0.0327583949147 0.0136715695478 0.0363060181131 -0.0110467269026 0.0526501045243 0.00367027604423 0.0205779845446 
-0.0150312800354 0.0255721111612 0.0329857886886 0.00919922602577 0.0315837507186 0.0255763152942 0.0296455350392 0.0121985689422 0.065413990947 0.0505584214676 0.0243312604885 0.0136688634845 0.0190173728725 0.02447035028 0.0116349409845 0.00874532279452 0.00309920152104 0.0264115370678 0.0163770439834 0.339912469738 0.00869795590724 0.0169506310911 0.00442669523237 0.0328291571049 0.0145401041633 0.0222532154313 0.00848022463301 0.0242568866367 0.00982190548148 0.0320742295924 
-0.00262863046395 0.0272178744615 0.0158758981391 0.0386399662939 0.0337164186664 0.0244518942642 0.0264561992262 0.0255336424791 -0.000385998146554 -0.0122210612822 0.0143071599997 0.0075285452724 0.0302787285995 0.0153744666152 0.0127001553956 0.00456542630618 0.00926046209733 0.0178036497844 0.0308712104975 0.00869795590724 0.218026658112 0.026652656004 0.0338706107311 0.0329481915297 0.015857662869 0.0151546537654 0.00505271686629 0.0186350305233 0.00683258455972 0.0266640893708 
-0.00128823084197 0.0201251124956 0.0215087187637 0.0274311167426 0.00838496995063 0.0295399612692 0.031773897556 0.0383360105893 -0.0151521203952 0.0116600868895 0.0208715112265 0.00930424644151 0.00503892469583 0.0108429790115 0.0140263224165 -0.0051010214556 0.0292875478835 0.0224704007021 0.0184463870976 0.0169506310911 0.026652656004 0.30126372317 0.0165731138972 0.0241751942267 0.0308704648807 0.0340987364516 0.0058703306971 -0.000768342605517 0.0107089431462 0.0290978912562 
0.00021446623464 0.0083278125457 0.0371375076112 0.0277146604353 -0.0018148937182 0.0120210040177 0.0316013991901 0.0116407894688 0.017883306533 0.0142929872795 -0.0192698506357 0.0270233215091 0.0160239270598 0.0241827972011 0.0177630452715 0.00445599237138 -0.0139434060403 0.00514384288814 -0.0191478800674 0.00442669523237 0.0338706107311 0.0165731138972 0.811717432479 0.0121555760997 -0.00154738220077 0.000508399542037 0.0122309648922 -0.0123172970794 0.010280230657 0.0357960567202 
0.0137618989567 0.0288029984043 0.021822135221 0.0201568412672 0.0176661656266 0.029222849694 0.0238518181529 0.0342800644429 0.0137174508709 0.0558628207799 0.0217954230124 0.0296107200562 0.0288664520958 0.0213814789854 0.0226085144739 0.0187293407369 0.0329258828577 0.00260876543027 0.0327583949147 0.0328291571049 0.0329481915297 0.0241751942267 0.0121555760997 0.281988671077 0.0320011760994 0.0108951672082 0.0186036588619 0.0102692215967 -0.006086330908 0.0199076213303 
-0.00393624690532 0.0104469186215 0.0141224394979 0.00398809072382 0.034756119646 0.00683484953373 -0.00351028454693 0.0130547296335 0.0299781576575 -0.00834684391173 0.0226042251908 0.01810664929 0.016421230165 0.0125243142043 0.00802119481313 -0.0117076094112 0.0162874524013 -0.0105218368176 0.0136715695478 0.0145401041633 0.015857662869 0.0308704648807 -0.00154738220077 0.0320011760994 0.485429884578 0.0157892281723 0.012288628807 0.0214366630215 -0.0291436563144 0.0146641382094 
0.0120477161852 -0.000599020013843 0.0196501432699 0.0159759943239 0.0376632726995 0.0213940762113 0.0196558164882 0.00605821279243 0.0247944550347 -0.00355431593924 0.0150364839298 0.00928726934243 0.0171720765511 -0.0056716634009 0.00500576140819 0.0223511847086 -0.00209665844475 0.0218392192199 0.0363060181131 0.0222532154313 0.0151546537654 0.0340987364516 0.000508399542037 0.0108951672082 0.0157892281723 0.293166476131 -0.0107915461976 -0.0220497605875 0.0198371775778 0.0135007574149 
0.00682514853445 0.00928616179323 0.00378995177719 0.021042413026 -0.0138422316355 0.0206013423638 0.0298426159361 0.0213891400966 -0.016033819078 -0.000480769499046 0.00991152121435 -0.0049566019088 0.00806323438024 0.03887896853 0.0203226275814 -0.0106725558954 0.0371301733562 0.0214322680693 -0.0110467269026 0.00848022463301 0.00505271686629 0.0058703306971 0.0122309648922 0.0186036588619 0.012288628807 -0.0107915461976 0.29209328158 0.0337046593932 -7.94684151728e-05 0.00251217528154 
0.0526662380089 -0.0111198858916 0.000333155559642 0.00114971842775 0.0120301119712 0.0265249252117 0.00506642028465 -0.00195035540047 0.0187663907175 0.174036513156 0.0224901664588 0.0448897103063 0.0546355363628 0.0170619482822 0.00019968272228 -0.00646935263064 0.100159653716 0.0113809242516 0.0526501045243 0.0242568866367 0.0186350305233 -0.000768342605517 -0.0123172970794 0.0102692215967 0.0214366630215 -0.0220497605875 0.0337046593932 0.342261646564 -0.0194957714211 0.0272110549776 
0.014278597673 0.018236962506 0.0196692635183 0.0286141209646 -0.0128736954805 0.00301440249577 -0.0127296598458 0.0038540241023 0.126059237139 0.00862103839691 0.0100583041435 0.029974638657 -0.0127964325093 -0.0030976698845 0.0289311086187 0.00281727855163 -0.00228709359863 0.00529781566219 0.00367027604423 0.00982190548148 0.00683258455972 0.0107089431462 0.010280230657 -0.006086330908 -0.0291436563144 0.0198371775778 -7.94684151727e-05 -0.0194957714211 0.296680594513 0.0146702387679 
0.00861220272794 0.0204548315826 0.0219613321419 0.0379642656832 0.0400303530347 0.0599098840772 0.0265476405309 0.0171323825702 0.00331318056637 0.0236319213454 0.0161459871943 0.0115677688815 0.0288776246497 0.0202161471663 0.0154670761308 0.0066361813872 0.0158750612993 0.0248944050896 0.0205779845446 0.0320742295924 0.0266640893708 0.0290978912562 0.0357960567202 0.0199076213303 0.0146641382094 0.0135007574149 0.00251217528154 0.0272110549776 0.0146702387679 0.176394885296 
0.0456379540323 0.000858792659179 0.000506210583776 0.00140595114197 0.00340146749932 0.000338489877614 -0.000450462770753 0.000372050420919 0.00165289864507 0.00659209316895 0.00147406513273 -0.000101353242218 0.00384646920893 0.0013677694097 0.00108071919373 0.00187601208747 0.00750370211061 0.000865445685232 0.0100680444262 -0.00130174703621 -0.000227646075894 -0.000111564063509 1.85733207453e-05 0.00119181541008 -0.000340888981558 0.00104336282739 0.000591075201544 0.00456103000375 0.00123656283153 0.000745838634493 
0.000858792659179 0.0184722506306 3.32072648062e-05 0.00610651622825 0.00125288804111 0.00354011246024 0.000184160794956 0.00121744669376 0.000402694207293 0.00266895369373 0.00296285964029 0.000600232285242 0.00131098265787 0.00215714728776 0.000859201088547 0.00151158342938 0.00110766423495 0.00114085293783 -0.00079630176525 0.0022146097894 0.00235713707207 0.00174288586752 0.000721209722253 0.00249441283233 0.00090472969175 -5.18766549363e-05 0.000804205201659 -0.000963010366932 0.0015793672818 0.00177144037807 
0.000506210583776 3.32072648062e-05 0.0317554088065 0.00100416694858 0.0029090175667 0.00208153694158 0.0034717238453 0.00245123215338 0.000715387822173 0.00229852529197 0.00241553815822 0.000434643955828 7.2805954192e-06 0.00152980309162 -0.00026055014682 0.00113603322005 -0.000791164834892 0.00339044885183 0.0061228762256 0.00285665309682 0.00137489310964 0.00186270968523 0.00321620250245 0.00188985234662 0.00122303913686 0.00170175232598 0.000328219451816 2.88521178062e-05 0.00170340818806 0.00190190715359 
0.00140595114197 0.00610651622825 0.00100416694858 0.0146476665515 0.00268999486015 0.00338955779584 0.00242719086612 0.00291016312385 0.00156568286346 0.00237639576828 -8.25315355916e-05 0.000715363533679 0.00170562423203 0.00193737318379 0.00154239112233 0.000282828992496 0.00214066272288 0.00208574738807 0.001044950944 0.000796676343347 0.00334631924119 0.00237560439532 0.00240015999942 0.00174563365974 0.000345378787942 0.00138356169352 0.00182232642375 9.95685365631e-05 0.00247805556623 0.00328780185177 
0.00340146749932 0.00125288804111 0.0029090175667 0.00268999486015 0.0228878362614 0.00297435901542 0.00193091784336 0.00173605717499 0.00193392037856 0.00119582398932 0.000397325823226 0.00074854428186 0.00153230192041 0.00190224670286 -0.000262285671624 0.000115830376726 0.00118892371588 0.00412128190144 0.00494242572589 0.00273523304691 0.00291992750897 0.000726159698722 -0.000157174406513 0.00152993482201 0.00300996825504 0.00326173509474 -0.00119877242414 0.00104183825774 -0.00111489473267 0.00346673026505 
0.000338489877614 0.00354011246024 0.00208153694158 0.00338955779584 0.00297435901542 0.0186383400273 0.00260053083897 0.00112531695217 0.00119697634505 0.00264901482152 0.00121833366242 -9.1618833938e-05 0.00250832806497 0.00188839078551 8.5901021892e-05 0.00190934604988 0.00300936661229 0.00126973379359 0.00399061893551 0.002214973878 0.00211759616034 0.00255823568859 0.00104104948583 0.0025307730206 0.000591915332726 0.00185278134895 0.00178412858391 0.00229712590668 0.000261054913856 0.00518834815487 
-0.000450462770753 0.000184160794956 0.0034717238453 0.00242719086612 0.00193091784336 0.00260053083897 0.023182807233 0.00243053239999 0.00123113607532 0.00193706143341 -0.000225311193947 0.00251800204844 0.00278629305284 0.00285339872077 0.00130964821903 0.000496638941706 0.00276238765351 0.00301309503329 0.00516784959385 0.00256737864527 0.00229117406175 0.00275170024608 0.00273676144938 0.00206562804469 -0.000303999559215 0.00170224364109 0.00258444635161 0.000438764867275 -0.0011024208808 0.00229909311103 
0.000372050420919 0.00121744669376 0.00245123215338 0.00291016312385 0.00173605717499 0.00112531695217 0.00243053239999 0.0229291283097 0.000144923449761 0.000804307100237 0.00164020837863 0.000243684950489 0.00140613115436 0.000710304612447 0.00122405485539 0.00043547173131 0.000428403097698 0.00207099875343 0.00271995113336 0.00105642705937 0.00221127830381 0.00331999590501 0.00100812194001 0.00296874066509 0.00113057275021 0.000524656617978 0.00185235386888 -0.000168905732321 0.000333768277939 0.00148370785332 
0.00165289864507 0.000402694207293 0.000715387822173 0.00156568286346 0.00193392037856 0.00119697634505 0.00123113607532 0.000144923449761 0.0751065820504 -0.000262928126502 0.0013428450211 0.00436776705949 0.00414591877393 0.000940889409028 0.000915163266298 0.000656737510921 0.00257912471657 0.00122483336313 0.00138559291559 0.0056650177923 -3.34284200729e-05 -0.00131221211834 0.00154873977613 0.00118796609293 0.002596184609 0.0021472627933 -0.00138856946412 0.00162521710987 0.0109170501744 0.000286929853781 
0.00659209316895 0.00266895369373 0.00229852529197 0.00237639576828 0.00119582398932 0.00264901482152 0.00193706143341 0.000804307100237 -0.000262928126502 0.0402342838535 0.000709206721433 0.00356836846103 0.00344298811576 0.00191817377738 -0.000198602703614 0.00319256500121 0.00922617926255 0.00173287508664 0.00401840328909 0.00437848773662 -0.00105837495316 0.00100979314566 0.001237809008 0.00483786219224 -0.000722857886898 -0.000307812789646 -4.16358599538e-05 0.0150720041579 0.000746603825873 0.00204658442253 
0.00147406513273 0.00296285964029 0.00241553815822 -8.25315355916e-05 0.000397325823226 0.00121833366242 -0.000225311193947 0.00164020837863 0.0013428450211 0.000709206721433 0.0436095009031 0.00104471176383 0.000203785074445 0.00115888220603 0.00107773717089 -0.00057576216888 0.000635669743983 0.000131412918697 0.000488381400377 0.00210714896892 0.00123903640157 0.00180752589375 -0.00166881801777 0.0018875390015 0.00195758332481 0.00130219770668 0.000858362916178 0.00194770554887 0.000871074690728 0.00139828350794 
-0.000101353242218 0.000600232285242 0.000434643955828 0.000715363533679 0.00074854428186 -9.1618833938e-05 0.00251800204844 0.000243684950489 0.00436776705949 0.00356836846103 0.00104471176383 0.0414472916509 0.00670330277264 0.00150834360973 0.00178335498257 -0.000771827792406 0.0036305802796 0.000287660208736 0.000254282700767 0.00118375830185 0.000651991145944 0.000805771378142 0.00234028829215 0.0025643635793 0.00156808182626 0.000804301118234 -0.000429254316947 0.00388756294937 0.00259587985462 0.00100179817165 
0.00384646920893 0.00131098265787 7.2805954192e-06 0.00170562423203 0.00153230192041 0.00250832806497 0.00278629305284 0.00140613115436 0.00414591877393 0.00344298811576 0.000203785074445 0.00670330277264 0.014493979646 0.00138574192863 -0.000809745666258 0.000402789976965 0.00375947408583 0.000818484066425 0.00231342547422 0.00164695280208 0.00262221481614 0.000436383679435 0.00138771279022 0.00249990808321 0.00142212024842 0.0014871454529 0.000698296580995 0.00473157624396 -0.00110820356309 0.00250087565476 
0.0013677694097 0.00215714728776 0.00152980309162 0.00193737318379 0.00190224670286 0.00188839078551 0.00285339872077 0.000710304612447 0.000940889409028 0.00191817377738 0.00115888220603 0.00150834360973 0.00138574192863 0.0169117148161 0.00018183990902 8.33172690906e-05 0.000870861979794 0.00399835108439 0.000586422373114 0.0021191944982 0.00133146786584 0.000939029527667 0.00209429167107 0.00185169039718 0.00108463742659 -0.000491180458689 0.00336701744199 0.00147760806504 -0.000268266081252 0.00175076970127 
0.00108071919373 0.000859201088547 -0.00026055014682 0.00154239112233 -0.000262285671624 8.5901021892e-05 0.00130964821903 0.00122405485539 0.000915163266298 -0.000198602703614 0.00107773717089 0.00178335498257 -0.000809745666258 0.00018183990902 0.0122753386159 0.000547199883541 0.000372006705424 0.00131710052339 0.000377437701527 0.00100761544641 0.00109986572046 0.00121471515344 0.00153832484537 0.00195795478762 0.000694655847688 0.000433511654478 0.00175999117571 1.72930310191e-05 0.00250550750235 0.00133948808516 
0.00187601208747 0.00151158342938 0.00113603322005 0.000282828992496 0.000115830376726 0.00190934604988 0.000496638941706 0.00043547173131 0.000656737510921 0.00319256500121 -0.00057576216888 -0.000771827792406 0.000402789976965 8.33172690906e-05 0.000547199883541 0.0327517913255 0.00184929034178 0.00176807582503 0.00312558510666 0.000757367170435 0.000395377516026 -0.00044176141658 0.000385900259268 0.00162200848743 -0.00101390871677 0.00193566937623 -0.000924270452876 -0.000560262372417 0.000243983479525 0.000574710166544 
0.00750370211061 0.00110766423495 -0.000791164834892 0.00214066272288 0.00118892371588 0.00300936661229 0.00276238765351 0.000428403097698 0.00257912471657 0.00922617926255 0.000635669743983 0.0036305802796 0.00375947408583 0.000870861979794 0.000372006705424 0.00184929034178 0.0186477153492 0.00120586295902 0.00320820091647 0.000268398724867 0.000801979542707 0.00253637604817 -0.00120753438462 0.00285146509968 0.00141053475425 -0.000181575947622 0.00321556733733 0.00867408045525 -0.000198068115724 0.00137482063719 
0.000865445685232 0.00114085293783 0.00339044885183 0.00208574738807 0.00412128190144 0.00126973379359 0.00301309503329 0.00207099875343 0.00122483336313 0.00173287508664 0.000131412918697 0.000287660208736 0.000818484066425 0.00399835108439 0.00131710052339 0.00176807582503 0.00120586295902 0.0211097978809 0.00155741972651 0.00228730620537 0.00154184129933 0.00194599378412 0.00044546986142 0.000225925713513 -0.000911217797849 0.00189133186432 0.00185608886087 0.000985616952045 0.000458804294802 0.00215591872197 
0.0100680444262 -0.00079630176525 0.0061228762256 0.001044950944 0.00494242572589 0.00399061893551 0.00516784959385 0.00271995113336 0.00138559291559 0.00401840328909 0.000488381400377 0.000254282700767 0.00231342547422 0.000586422373114 0.000377437701527 0.00312558510666 0.00320820091647 0.00155741972651 0.0477196588076 0.00141829361285 0.00267352525364 0.00159750398346 -0.0016582550567 0.00283696021834 0.0011839926538 0.00314419339962 -0.000956674612629 0.00455963280299 0.000317855229321 0.00178210573743 
-0.00130174703621 0.0022146097894 0.00285665309682 0.000796676343347 0.00273523304691 0.002214973878 0.00256737864527 0.00105642705937 0.0056650177923 0.00437848773662 0.00210714896892 0.00118375830185 0.00164695280208 0.0021191944982 0.00100761544641 0.000757367170435 0.000268398724867 0.00228730620537 0.00141829361285 0.0294372833857 0.000753265077667 0.00146796771351 0.000383363052604 0.00284308840376 0.00125920995791 0.00192718498794 0.000734408996198 0.00210070800441 0.000850601966053 0.00277770976338 
-0.000227646075894 0.00235713707207 0.00137489310964 0.00334631924119 0.00291992750897 0.00211759616034 0.00229117406175 0.00221127830381 -3.34284200729e-05 -0.00105837495316 0.00123903640157 0.000651991145944 0.00262221481614 0.00133146786584 0.00109986572046 0.000395377516026 0.000801979542707 0.00154184129933 0.00267352525364 0.000753265077667 0.0188816624627 0.00230818771778 0.00293328093348 0.00285339708735 0.00137331388892 0.00131243151464 0.000437578116433 0.00161384098335 0.000591719180222 0.00230917787639 
-0.000111564063509 0.00174288586752 0.00186270968523 0.00237560439532 0.000726159698722 0.00255823568859 0.00275170024608 0.00331999590501 -0.00131221211834 0.00100979314566 0.00180752589375 0.000805771378142 0.000436383679435 0.000939029527667 0.00121471515344 -0.00044176141658 0.00253637604817 0.00194599378412 0.00159750398346 0.00146796771351 0.00230818771778 0.0260902037504 0.00143527376548 0.00209363323418 0.00267346068133 0.0029530372004 0.000508385551231 -6.65404215188e-05 0.000927421681226 0.00251995130244 
1.85733207452e-05 0.000721209722253 0.00321620250245 0.00240015999942 -0.000157174406513 0.00104104948583 0.00273676144938 0.00100812194001 0.00154873977613 0.001237809008 -0.00166881801777 0.00234028829215 0.00138771279022 0.00209429167107 0.00153832484537 0.000385900259268 -0.00120753438462 0.00044546986142 -0.0016582550567 0.000383363052604 0.00293328093348 0.00143527376548 0.0702967917221 0.00105270377 -0.000134007229523 4.40286918677e-05 0.00105923263094 -0.00106670921767 0.00089029409057 0.0031000294475 
0.00119181541008 0.00249441283233 0.00188985234662 0.00174563365974 0.00152993482201 0.0025307730206 0.00206562804469 0.00296874066509 0.00118796609293 0.00483786219224 0.0018875390015 0.0025643635793 0.00249990808321 0.00185169039718 0.00195795478762 0.00162200848743 0.00285146509968 0.000225925713513 0.00283696021834 0.00284308840376 0.00285339708735 0.00209363323418 0.00105270377 0.0244209352732 0.0027713831453 0.000943549158075 0.00161112411778 0.000889340677982 -0.000527091718217 0.00172405058009 
-0.000340888981558 0.00090472969175 0.00122303913686 0.000345378787942 0.00300996825504 0.000591915332726 -0.000303999559215 0.00113057275021 0.002596184609 -0.000722857886898 0.00195758332481 0.00156808182626 0.00142212024842 0.00108463742659 0.000694655847687 -0.00101390871677 0.00141053475425 -0.000911217797849 0.0011839926538 0.00125920995791 0.00137331388892 0.00267346068133 -0.000134007229523 0.0027713831453 0.0420394611801 0.00136738727034 0.00106422647245 0.0018564694749 -0.00252391467274 0.00126995162139 
0.00104336282739 -5.18766549363e-05 0.00170175232598 0.00138356169352 0.00326173509474 0.00185278134895 0.00170224364109 0.000524656617978 0.0021472627933 -0.000307812789646 0.00130219770668 0.000804301118234 0.0014871454529 -0.000491180458689 0.000433511654478 0.00193566937623 -0.000181575947622 0.00189133186432 0.00314419339962 0.00192718498794 0.00131243151464 0.0029530372004 4.40286918677e-05 0.000943549158075 0.00136738727034 0.0253889615867 -0.000934575315324 -0.00190956528161 0.00171794997218 0.00116919988917 
0.000591075201544 0.000804205201659 0.000328219451816 0.00182232642375 -0.00119877242414 0.00178412858391 0.00258444635161 0.00185235386888 -0.00138856946412 -4.16358599538e-05 0.000858362916178 -0.000429254316947 0.000698296580995 0.00336701744199 0.00175999117571 -0.000924270452876 0.00321556733733 0.00185608886087 -0.000956674612629 0.000734408996198 0.000437578116433 0.000508385551231 0.00105923263094 0.00161112411778 0.00106422647245 -0.000934575315324 0.0252960202123 0.00291890912604 -6.88216663381e-06 0.000217560761257 
0.00456103000375 -0.000963010366932 2.88521178062e-05 9.95685365631e-05 0.00104183825774 0.00229712590668 0.000438764867275 -0.000168905732321 0.00162521710987 0.0150720041579 0.00194770554887 0.00388756294937 0.00473157624396 0.00147760806504 1.72930310191e-05 -0.000560262372417 0.00867408045525 0.000985616952045 0.00455963280299 0.00210070800441 0.00161384098335 -6.65404215188e-05 -0.00106670921767 0.000889340677982 0.0018564694749 -0.00190956528161 0.00291890912604 0.0296407280666 -0.00168838333171 0.00235654648744 
0.00123656283153 0.0015793672818 0.00170340818806 0.00247805556623 -0.00111489473267 0.000261054913856 -0.0011024208808 0.000333768277939 0.0109170501744 0.000746603825873 0.000871074690728 0.00259587985462 -0.00110820356309 -0.000268266081252 0.00250550750235 0.000243983479525 -0.000198068115724 0.000458804294802 0.000317855229321 0.000850601966053 0.000591719180222 0.000927421681226 0.00089029409057 -0.000527091718217 -0.00252391467274 0.00171794997218 -6.88216663381e-06 -0.00168838333171 0.0256932931658 0.00127047994526 
0.000745838634493 0.00177144037807 0.00190190715359 0.00328780185177 0.00346673026505 0.00518834815487 0.00229909311103 0.00148370785332 0.000286929853781 0.00204658442253 0.00139828350794 0.00100179817165 0.00250087565476 0.00175076970127 0.00133948808516 0.000574710166544 0.00137482063719 0.00215591872197 0.00178210573743 0.00277770976338 0.00230917787639 0.00251995130244 0.0031000294475 0.00172405058009 0.00126995162139 0.00116919988917 0.000217560761257 0.00235654648744 0.00127047994526 0.0152762451764 

['NEM', 'SAFC', 'JBL', 'STI', 'AA', 'GS', 'IR', 'INTC', 'ACS', 'NE', 'PAYX', 'CEG', 'PGL', 'WY', 'K', 'AGN', 'XOM', 'IP', 'GILD', 'MOLX', 'NCC', 'MMC', 'DRI', 'APCC', 'PFE', 'EDS', 'SYY', 'APC', 'EFX', 'MER']