60
0.20394989535 0.0415957971797 0.075466134778 0.0749299903321 -0.00662659235152 0.165506763093 0.0431194173031 -0.0108233812146 0.185813705736 0.0950879331279 0.12260521459 0.0160420823192 0.088181568025 0.0601344650096 0.0731585002716 0.0433119494187 0.0464034886179 0.332832739506 0.259768981863 0.143358946574 0.0825599502725 0.0558285331973 0.0737969483193 0.0392369654355 0.0315088302779 0.0270606760034 0.0994766710856 0.0372282541949 0.0431815223905 0.134627172929 0.0759168136047 0.0697795953642 0.0636277148901 0.0729597235382 0.0347685991573 0.0578888041786 0.100220943784 0.0482129600444 0.0146033592013 0.100072423231 0.0423549004831 0.0461662895592 0.0979044774238 0.0669670800901 0.0916953774684 0.0842142990337 0.0321720089654 0.0905877796438 0.0160922749751 0.139274044211 0.0444525953717 0.0564449965361 0.00643120824938 0.0477990277318 0.0966324757555 0.0413132452317 0.0358059899839 0.234257183995 0.0723241103927 0.0277880817415 
0.707356041976 -0.0194336048906 0.0263828952468 -0.00341323366896 -0.00109711212039 0.0206779787262 0.016871060345 0.0291554885897 0.155660123749 -0.00566063503969 0.0211804537169 -0.0116411911411 0.0449176836537 -0.0285444530222 0.0236855641602 -0.00547731368059 0.00817204299537 -0.00325354629853 0.0515935080586 0.0376087869262 -0.0241859030775 -0.0355150309273 0.000415305843062 -0.00273061322983 0.0409009501536 0.058160716287 0.0331063722501 0.0504629886048 0.0129616317002 0.00346341802455 0.0170224606467 0.0285079082324 -0.0107457780256 0.127124659105 0.0845605910799 0.136406709643 0.00733270939005 0.018850801265 0.00968889590383 0.0225824785859 0.00282197842719 -0.00489589530281 -0.0266014710749 -0.00610823392085 0.0533461884083 -0.00785806382535 0.0175104697694 0.0299670237177 0.0234037112198 0.0466316635263 0.094357421023 0.0645617126905 -0.0105410593163 -0.00514036688683 -0.0215440428515 0.00210493958343 0.0425746691543 0.0166348955326 -0.00236850257874 6.79479229799e-05 
-0.0194336048906 0.228869110411 0.0137600917253 0.0366136504578 0.0151860406897 0.0247765137479 0.0245310244353 0.00649681964318 0.0296024511054 0.0287953871493 0.0317579543293 0.0232056428288 0.0449814852409 0.00133255720967 0.0420498071539 0.0163217596344 0.00287541610107 0.0241031412162 0.0243532665095 0.00638204499022 0.0364674897701 0.0192784876574 0.0170873480906 0.0229637250973 0.0204086019807 0.00714979469184 -0.0037812833584 0.0164298447834 0.0104209550634 0.0240089697272 0.0174986794894 0.00512779611063 0.0204663204947 0.0302893428987 0.0157910698603 0.00902281481498 0.0135709030916 0.0217447163876 0.0263164745403 -0.00485841821156 0.0060256040466 0.0351368616012 0.0118483307601 0.0119756603041 0.0243689007831 0.0280238566712 0.0329045499239 0.0454100345233 0.00462362709778 -0.000139315062033 0.0141443940388 0.00301088951627 0.0221431286882 0.0111304418998 0.0257044346984 0.0292479270775 0.0111394156625 0.0218396158626 0.0406709482723 0.0100009450021 
0.0263828952468 0.0137600917253 0.441683614567 0.011525118362 0.00882516379356 0.0188361473114 -0.000919710847458 0.0190054967095 0.00864780988756 0.0110314564588 -0.00306578606123 0.0303435278247 0.03601637769 0.0151896203745 -0.00878397256425 -0.00699128323813 0.00172648399226 0.0219105912761 -0.00648220038806 0.00609075011311 0.0692383828274 -0.00885603992264 -0.0169412535152 0.00745257904955 0.0119289312225 -0.00188639111165 0.0143621519867 0.0131531118109 0.00465762195335 0.0150434592674 -0.0161666257622 0.0673344547504 0.00585733670861 0.00035496350622 0.00933608713792 -0.001777727373 -0.00444471962937 0.00219300633985 0.0169381260785 -0.0272205637245 0.0347449850386 0.0247807233019 -0.0128128859908 0.0160709982838 0.00221918933279 0.0419383103051 0.0160426619003 0.0466362186271 -0.0036063495367 0.0212779754726 -0.00523221502661 0.0119609087862 -0.00263476788045 0.0412287272303 0.0247965272398 -0.00935943866538 0.00363306946334 0.000897622454705 0.00822580768823 0.0115330066561 
-0.00341323366896 0.0366136504578 0.011525118362 0.401185044785 0.0159016402356 -0.0177163814508 0.00333617470589 0.00992118576995 0.0806362146159 0.016222282898 0.0533464545234 0.0212273113742 0.0280769870613 0.0365207188833 0.0289414308167 0.014225029867 0.0133219860701 0.0273319702988 0.0151149903012 -0.00253733363349 -0.0195612363531 0.0636306298012 0.0130260751799 0.00877029558334 0.0270624873898 0.0109797389194 0.0153413702483 0.0362329033534 0.0308960831531 0.0844221377052 0.0259443093934 0.0268647561588 0.00967545894976 0.0204645864585 0.0277752215792 0.0101629571463 0.0176212323255 0.00433175244945 -0.0155217973597 0.0401365500349 0.00233264381563 -0.00826897598328 0.0299505130389 0.0363137770606 0.0828096673048 0.0169431709945 0.0213030232267 0.0403843255518 -0.0236042157829 0.0392335167111 0.00965360584387 0.0252783361514 0.00316247292507 0.0272045629308 0.046375967438 0.00143194051303 0.0225129017869 0.00956910973496 0.0182693210656 0.0108167523062 
-0.00109711212039 0.0151860406897 0.00882516379356 0.0159016402356 0.152774975712 0.0184310668867 0.016833461182 0.0297579589206 0.0321598392128 0.0112449136166 0.0261402906396 0.0148917115656 -0.00180962304714 0.00495056032655 -0.00338723906591 0.00844598290372 0.00545754372311 0.000183409082216 -0.0011322838222 0.0115822473794 -0.00199837982245 0.0199161986057 0.00288497230396 0.0104581156791 0.0179433828202 0.0325734699259 0.0179884092317 0.00747292937604 0.0211103400485 0.00494667956068 0.0165167337157 0.0520242791699 0.00766934893429 0.0403189990731 0.0230778025751 0.0247209962453 0.0123994335388 0.0257683319015 0.0215325667907 0.00332281312035 0.0141169780026 0.00958862117939 0.00940713429854 0.00874398175639 0.00986130682907 0.00635441732281 0.0115612383352 0.0209879274452 0.0114088418255 0.0149724574824 0.0269923703087 0.0446444411486 0.0244479001195 0.0120420772623 0.00594112659621 0.00327811638303 0.0262812620153 0.00474953791803 0.0243330747126 0.013382822486 
0.0206779787262 0.0247765137479 0.0188361473114 -0.0177163814508 0.0184310668867 0.328520181967 0.0202166131847 0.000901789426387 0.0116512060241 0.00415121025131 0.0251504103632 0.0224734647053 0.00172008404679 0.0221886471638 0.00467989703143 0.0119926643273 0.0243684418082 -0.0123293522096 0.0723261427985 0.0371558031943 0.0317266905045 0.0302617975278 0.013263474311 0.00280138761463 0.00782938734697 0.00530886811536 0.0641622318396 0.0175840324042 0.0291536699734 0.0215587961256 0.0550311541027 0.0116875049839 -0.00277887088946 0.0150214389524 -0.000179406154193 0.00935338431773 0.156745466089 0.0334937880932 0.00585055429808 0.0388463761479 0.0399945220597 0.0307473851433 0.00998763534712 0.0159987405562 0.0286839042608 0.0173224894478 0.0282954308166 0.00097935922483 0.0222532598531 0.0534995180733 0.0124484833377 0.0279301528723 0.0112731235514 -0.000172065211709 0.00885498196564 0.00577009498464 0.00506800234118 0.0272790431553 0.0133941489905 0.00775709542873 
0.016871060345 0.0245310244353 -0.000919710847457 0.00333617470589 0.016833461182 0.0202166131847 0.17055062978 0.00223145786816 0.0125429646471 0.00155957344771 0.0198360228421 0.0129180895604 0.0127605850319 0.0111736602512 0.00904519962437 0.0113111933708 0.0007302923355 -0.00183674395128 0.0225225573299 0.0167459084405 0.0146489657762 0.0231445725518 0.0242499170532 0.00880458641802 0.00883563878012 0.00594336295676 -0.00455032661071 0.0168518682206 0.00538276544809 0.0171294387904 0.0110605479097 0.0450154287412 -0.0124150218918 0.020385907308 -0.00567827266134 0.00138200510641 0.0194109881283 0.0424577760788 0.00320842520014 -0.014570995589 -0.00246847607858 0.0282447549759 0.00369690836281 0.017993422739 0.00174327227226 -0.011294942575 0.00776540730567 0.0321377705139 0.00793959836361 0.0202437973182 -0.00587355511085 -0.00730187369896 0.0231662616499 0.00816471832647 0.0144934962239 0.00202766630414 0.00612310150357 0.00750184724892 0.014111431533 0.00723794925067 
0.0291554885897 0.00649681964318 0.0190054967095 0.00992118576995 0.0297579589206 0.000901789426387 0.00223145786816 0.188252544653 0.0226640168696 0.0204273620902 0.0206416348947 0.025967165941 0.0137306997898 0.0131650464219 0.0256865497215 0.0189845594386 -0.011326876552 0.00956208407299 0.00470745370991 0.0146016632002 0.0143129401767 0.00261875917034 0.0123228297198 0.0246626698894 0.00871374827662 0.0238593203278 -0.00660903231363 0.010085836693 -0.00229761397269 0.0146156003373 0.010128502633 0.0631023743582 0.00773319573297 0.0273021997476 0.0358550693891 0.0475392186195 -0.0257261476331 0.0177534352668 0.00178628038061 0.0217202625944 0.0213324774346 0.00246953550818 -0.000338032532319 0.00488357739674 0.0113281224844 -0.0060225274105 0.0300545992118 0.0250692224157 0.00743660210385 0.00465476243625 0.023538028667 0.0603172778613 0.0150661490559 0.0122023694323 0.00213926628592 0.00799524697331 0.0535108662743 0.0084446258777 0.00734923249566 0.0209726103244 
0.155660123749 0.0296024511054 0.00864780988756 0.0806362146159 0.0321598392128 0.0116512060241 0.0125429646471 0.0226640168696 0.510245707879 0.0774443323427 0.0393599088503 0.0398716284684 0.0357364745818 0.0294749564508 0.0385628969336 0.0230094151354 0.00987952432237 0.0563907791524 0.0016135218454 0.0421349016756 0.0179901450718 0.0553396807209 0.00911895269887 0.0300488802362 0.0563947669554 0.0279971200829 0.0183787721438 0.0344893418061 0.0515198071212 0.0330403497768 0.0257830100951 0.0301466731821 0.00786135797807 0.0584484899687 0.0310304381586 0.00810362125609 0.0576048717201 0.0054804710724 0.014374153941 -0.0026932350932 -0.0131947177921 0.0407805193069 0.0776901546358 0.0181383537285 0.259708830634 0.0236945880469 0.0152545379046 0.0698841730744 0.0160521527875 0.0457184542856 0.0238073585267 0.037169542127 0.0276169922843 0.0371270975491 0.033191833299 0.00540364491079 0.0219794310712 0.0197269085835 0.0657920976157 0.0304745496644 
-0.00566063503969 0.0287953871493 0.0110314564588 0.016222282898 0.0112449136166 0.00415121025131 0.00155957344771 0.0204273620902 0.0774443323427 0.26071812833 0.0246010105997 0.0360097959658 0.00801162936073 0.000684006438819 0.0130698849522 0.0419644516568 0.00164281600059 0.0209507478665 0.0210191749508 -0.00450762128711 0.0204201335496 0.0311217220273 0.032017255273 0.0520138099241 0.0266487520468 0.0181548401266 0.00736579407553 0.0265183546946 0.0108863183098 0.0476857640775 0.0250967770183 0.0468020841343 0.0128707531219 0.0279042688074 0.00620167257301 0.00400872690718 0.0160832136803 0.0113511400649 0.00982340087472 0.0222038330243 0.0174328682381 0.0367012296478 0.00108637428463 0.0499194790723 0.0576342146812 0.0184219833197 0.0287586359222 0.0127820324819 -0.000737206848642 0.0336738970056 0.0246945567682 -0.00298962197787 0.0314420373416 0.0363131770565 -0.00566019592537 0.0396823242124 0.0150276789695 0.00532684265685 0.031002983265 0.0363264716021 
0.0211804537169 0.0317579543293 -0.00306578606123 0.0533464545234 0.0261402906396 0.0251504103632 0.0198360228421 0.0206416348947 0.0393599088503 0.0246010105997 0.190447704918 0.0326979250024 0.00429954989637 0.0280164298728 0.0205136488856 0.0299416342667 -0.00254286040621 0.0281048192234 0.00852066656347 0.0220754749045 0.0173651468309 0.0395847279755 0.0270347478271 0.0396580063917 0.0189148584128 0.0237699319501 0.00964297109473 0.0332883490472 0.0162257315834 0.00449569138684 -0.000285671046451 -0.0121372270022 0.0208044051444 0.0218379839025 0.0146450704577 0.0256172787096 0.010918272569 0.00974584685764 0.0211176102483 0.0145860597345 0.00539891520507 0.00139118975414 0.0126520259056 0.0273121786638 0.0246836488736 0.0244530011953 0.0205992422512 0.0122040424898 -0.00162468517606 0.0291319198659 0.0270912741916 0.00867187757712 0.00574728975686 0.0186586834546 0.0252382641621 0.00163679794029 0.0189158655107 0.0440502108819 0.0292308962833 0.00637017001725 
-0.0116411911411 0.0232056428288 0.0303435278247 0.0212273113742 0.0148917115656 0.0224734647053 0.0129180895604 0.025967165941 0.0398716284684 0.0360097959658 0.0326979250024 0.153246041377 0.00799025353459 0.00997761173781 0.0064819469237 0.0391029638005 0.0136951986128 0.0128185830971 0.0210282444986 0.026854175536 0.024519065675 0.0380254383741 0.0108435597306 0.0519456213985 0.0232874649414 0.0209338259889 0.00382790147642 0.00825545955424 0.0220563081534 0.00201155366718 0.00513814333002 0.0102490834311 0.00553048201361 0.035952405747 0.0146332101225 0.0167649892645 0.00189126108413 0.022860955523 -0.00543991086543 -0.000835740853162 0.0172146927212 0.00463420372402 0.0170550316851 0.0113341447465 0.0384502697154 0.00332200257336 0.0198541310717 0.00678331646557 0.00388575697905 0.0390686557265 0.0135926969973 0.0239102836093 0.0283362853966 0.0233834095681 0.02070429544 0.0128684227629 0.0245460133639 0.0315536880437 0.0167241158949 0.0383655143629 
0.0449176836537 0.0449814852409 0.03601637769 0.0280769870613 -0.00180962304714 0.00172008404679 0.0127605850319 0.0137306997898 0.0357364745818 0.00801162936073 0.00429954989637 0.00799025353459 0.329060293073 -0.0101737161858 0.0594366432359 0.00204649273027 0.0176360361968 0.0311730237342 0.0104970329005 -0.00618071732071 -0.0255134980334 0.0171954868364 0.0284027492196 0.00873287834829 0.0243017652481 0.0140572828279 0.0380497194854 0.0104188775405 0.0143056644981 0.0308918317654 0.0332901420433 -0.000406721364525 0.00307668110292 0.0373439117371 0.0168752135177 0.00381937559476 -0.00155838982339 0.0176822182241 0.0207025333488 0.00319386571973 0.0125978158743 0.0215779080726 0.0296415441262 -0.0303027391147 0.0223388626498 0.0773521006894 0.0155722768942 0.0185855401133 -0.00734356425663 0.110851064055 0.00948886135182 -0.0104159807962 0.0295313824215 -0.000700950492747 0.0276857749024 0.0128792357675 -0.000711123135348 -0.00897246402676 0.0891780104535 0.00530593363297 
-0.0285444530222 0.00133255720967 0.0151896203745 0.0365207188833 0.00495056032655 0.0221886471638 0.0111736602512 0.0131650464219 0.0294749564508 0.000684006438819 0.0280164298728 0.0099776117378 -0.0101737161858 0.261269845344 -0.00798691596774 0.0169430949665 0.004655683667 0.0327516354019 -0.00106068060635 -0.00387583959393 0.0369717575724 0.0565506422993 -0.00408714150117 0.0128261708135 0.00339432616851 -0.0205000411841 -0.0110030489695 0.00668256847295 -0.00411728102202 0.0404252407691 -0.00207390939719 0.00846792589235 0.0172446964761 -0.0233163103303 -0.0139060943234 -0.0219469600634 -0.0163110951198 0.0120102804454 -0.0173043834946 -0.00396858841943 -0.0125917351221 0.0137864264241 0.0415436804399 0.0626917987685 0.0402398186988 -0.0225804745802 0.0211016343889 0.00846552013549 -0.0129976452485 0.000136181693975 -0.0108659717844 0.0121977264 0.00351806832705 0.0166401852659 0.0486531647173 -0.00838580761655 -0.0130131972368 -0.00651200589886 0.0207340224398 0.010204250865 
0.0236855641602 0.0420498071539 -0.00878397256425 0.0289414308167 -0.00338723906591 0.00467989703143 0.00904519962437 0.0256865497215 0.0385628969336 0.0130698849522 0.0205136488856 0.0064819469237 0.0594366432359 -0.00798691596774 0.321301632882 0.00448334790447 0.0190195031738 0.0330574425924 -0.0169955866677 0.0324184287174 0.0108207816929 0.0148358228983 -0.0115990107472 0.0101923124595 -0.00894672568694 0.00302361742911 0.00283244634426 0.0191773812898 0.0113319722646 0.03812705355 -0.0300854594684 -0.00721954558771 -0.00307395101966 0.00263270192375 0.00657340010662 0.015873507944 0.0202078147279 -0.0133804338533 0.0174430026461 -0.00726051324836 -0.0115745054552 0.0282478439452 0.00910468186531 0.00812853978527 0.0195186895099 0.020661895362 0.0314130811103 0.0570232025694 -0.00160249530981 0.00607134987272 0.00202597626404 -0.00284299873412 0.0153994318075 0.0117046461022 0.0153868533524 0.0201214944069 0.000748950865978 0.00764781409816 0.020794242348 0.00378063570615 
-0.00547731368059 0.0163217596344 -0.00699128323813 0.014225029867 0.00844598290371 0.0119926643273 0.0113111933708 0.0189845594386 0.0230094151354 0.0419644516568 0.0299416342667 0.0391029638005 0.00204649273027 0.0169430949665 0.00448334790447 0.16344654695 0.00176305751843 0.0111565530786 0.0467328623767 0.0142471676791 0.018407561304 0.0311143110196 0.00396241273728 0.0359916042568 0.0336190214359 0.00777967310559 -0.00545838167966 0.00668123617818 0.0107104918056 0.0114246412305 0.00463812782086 0.00553983852199 0.010717356056 0.000854533376016 -0.00648163780354 0.00312191388706 -0.0227482556953 0.0487728677599 0.00214458849708 0.00152299574035 -0.0011307528215 0.0130233688708 0.0163423287842 0.0207687991973 0.010515759634 0.0178062646481 0.0110905121252 0.0147877560267 0.00658956299808 0.0473961901537 0.0064797351329 0.0114402765501 0.0269612961946 0.0202491231232 0.009846611596 0.0105428546974 0.0201852959281 0.0118639524227 0.00812151843651 0.0301243723748 
0.00817204299537 0.00287541610107 0.00172648399226 0.0133219860701 0.00545754372311 0.0243684418082 0.000730292335501 -0.011326876552 0.00987952432237 0.00164281600059 -0.00254286040621 0.0136951986128 0.0176360361968 0.004655683667 0.0190195031738 0.00176305751843 0.174047432896 0.00810524235655 -0.00737937146867 -0.00297915624018 0.00257944635185 0.000974480232061 0.0186849369263 0.0103855278393 0.0155475633856 -0.00369345153244 0.0150276617151 0.0142053478368 -0.00974704732907 0.0313154783692 -0.0021499480058 0.0136443430059 0.00628144211588 -0.00135126612109 -0.00221285725196 -0.0145949922091 0.0221773523186 0.00391186844377 -0.00747611540528 0.0209842218828 5.68007644828e-05 -0.00694303314249 0.0502856861716 -0.00525581197961 -0.00111844097566 0.0095804568267 -0.006733416982 0.0214803017451 0.00386630622436 0.0190587790442 0.00468653855974 -0.00737799604441 0.0190675734365 -0.00276484529323 0.0216736141521 0.00818408328262 0.00106409825189 0.0014393361085 -0.0131352382386 0.0118283971418 
-0.00325354629853 0.0241031412162 0.0219105912761 0.0273319702988 0.000183409082216 -0.0123293522096 -0.00183674395128 0.00956208407299 0.0563907791524 0.0209507478665 0.0281048192234 0.0128185830971 0.0311730237342 0.0327516354019 0.0330574425924 0.0111565530786 0.00810524235655 0.504613230256 0.0489027166666 0.0668461385798 0.0195627212416 -0.00933146743446 0.00133285868974 0.0331970626161 0.032659557496 0.012642270238 0.0165868047822 0.0021991928158 0.0176912344946 0.029023737884 0.0124735588863 0.0228397427197 -0.0213926305423 0.00358567728376 -0.00364662195431 0.0180739022295 0.0187624604127 -5.01627809674e-05 0.0166417507008 0.0245358667015 0.00024502224202 0.0341873016918 0.0540769731679 0.0306411047577 0.0254786286746 -0.00209798505009 0.00246661666629 -0.0248771622688 -0.0091720857961 0.0472871433461 0.0190978401539 0.011511039382 0.00584956273697 -0.0129937758385 0.0560337929184 0.00612016608055 -0.00811362969551 -0.0318107451129 0.0493914524249 0.00491245275514 
0.0515935080586 0.0243532665095 -0.00648220038806 0.0151149903012 -0.0011322838222 0.0723261427985 0.0225225573299 0.00470745370991 0.0016135218454 0.0210191749508 0.00852066656347 0.0210282444986 0.0104970329005 -0.00106068060635 -0.0169955866677 0.0467328623767 -0.00737937146867 0.0489027166666 0.566033850794 0.158596767879 0.0226399202946 0.00803834286962 0.0117953000193 0.022751910496 0.0143828048871 0.000902801045376 0.0552340767879 0.0197391363836 0.0343427011709 0.014934593046 0.0181504682239 -0.00653071114063 0.0051247635769 0.023793885874 0.0159493166303 0.0493559921583 0.100839174674 0.0721719542429 0.00781857376708 0.0311799921434 0.00760619232729 0.0117056498688 0.0039936963441 0.0140718049054 0.00674113432336 0.0402024598424 0.00207430752222 -0.00441265276443 0.0307441426577 0.108839708835 0.0245006548106 0.00991081348727 0.0121696434769 0.0487143185958 0.000828972817167 0.0144728195234 0.0248971423423 -0.00150102952747 0.0331854083217 0.0236459843913 
0.0376087869262 0.00638204499022 0.00609075011311 -0.00253733363349 0.0115822473794 0.0371558031943 0.0167459084405 0.0146016632002 0.0421349016756 -0.0045076212871 0.0220754749045 0.026854175536 -0.00618071732071 -0.00387583959393 0.0324184287174 0.0142471676791 -0.00297915624018 0.0668461385798 0.158596767879 0.635552963805 0.00159397911765 0.0131106130675 -0.00402584719954 0.0136491906718 0.0220604596062 0.0199786672156 0.046509961235 0.0360029447995 0.0317578078143 -0.0228265254056 0.0160941377407 -0.0106442953739 0.000454737620159 0.024730993067 0.0381226557158 0.0619526365385 0.0584432923417 0.0310747924912 0.00491130546354 -0.000557662060455 0.0103425430172 -0.00416212729306 0.00679602137665 -0.0010373358915 0.0203860989569 -0.00321362728648 0.0242895288843 0.0272771099367 0.016963350601 0.0331051752471 0.0318153272565 0.0218950453348 0.0235217278987 0.0234803189735 -0.0175440858079 0.0196280466806 0.0429871995017 0.0613972546431 0.0243750314605 0.0212081687071 
-0.0241859030775 0.0364674897701 0.0692383828274 -0.0195612363531 -0.00199837982245 0.0317266905045 0.0146489657762 0.0143129401767 0.0179901450718 0.0204201335496 0.0173651468309 0.024519065675 -0.0255134980334 0.0369717575724 0.0108207816929 0.018407561304 0.00257944635185 0.0195627212416 0.0226399202946 0.00159397911765 0.347825163171 0.0422597532611 -0.000727927670887 0.0256945214731 0.00252143450781 0.00613691336425 -0.00191156636163 0.0173475484216 -0.00546088236558 0.0269800578897 -0.0138260008065 0.00258995826803 0.0259998542797 -0.007183568186 -0.0087163240397 -0.0140119598783 0.00502588180136 -0.00983870579896 0.015081628997 -0.0110042554381 0.0299930695402 0.0140990548697 0.0119272006046 0.029465980483 -0.0092115222838 0.0360046007177 0.0149299391111 0.0469930638972 0.0187824463156 0.0115294166544 0.00352029352097 0.00623196192661 0.00613991224238 0.0378671400011 0.0385375592672 -0.000689212559175 -0.00726221757181 0.00804229876183 0.0222330912602 0.0263301604785 
-0.0355150309273 0.0192784876574 -0.00885603992264 0.0636306298012 0.0199161986057 0.0302617975278 0.0231445725518 0.00261875917034 0.0553396807209 0.0311217220273 0.0395847279755 0.0380254383741 0.0171954868364 0.0565506422993 0.0148358228983 0.0311143110196 0.00097448023206 -0.00933146743446 0.00803834286962 0.0131106130675 0.0422597532611 0.261551766862 0.0227026342669 0.039325898723 0.0290357477158 0.0106292399557 0.00518175676091 0.0233357837879 0.00529209311584 0.0390682319911 0.0364953302416 -0.0101650422518 0.00316638958964 0.00509511215964 -0.0129231712325 0.00264340913285 0.00153913573302 0.0226905593623 -0.0088069377134 -0.00713225752901 0.00718898772511 0.0456182639937 0.00103989229394 0.0864333702519 0.0582740974577 0.0179260862547 0.0231634008783 0.0146652864508 0.0125747986164 0.0141431144636 -0.00423719830997 -0.00483862164892 0.0156753557728 0.044545751363 0.0506979551921 0.00511065558713 -0.00388436031076 -0.00579432629469 0.0117218775514 0.0166049521752 
0.000415305843062 0.0170873480906 -0.0169412535152 0.0130260751799 0.00288497230396 0.013263474311 0.0242499170532 0.0123228297198 0.00911895269887 0.032017255273 0.0270347478271 0.0108435597306 0.0284027492196 -0.00408714150117 -0.0115990107472 0.00396241273728 0.0186849369263 0.00133285868974 0.0117953000193 -0.00402584719954 -0.000727927670887 0.0227026342669 0.330660686535 0.0162589334544 0.000448929484452 0.00272140686989 0.00779623584263 0.0358277926622 -0.00759633775135 0.0492605819625 -0.00484882493633 -0.004188807021 -0.00951872775562 0.0220387510676 -0.00620042948868 0.0108329807755 -0.00245406086172 -3.95335728657e-05 0.00912074801772 0.0211299132754 0.00551779785205 0.012518325169 -0.000816780226106 0.0147308305739 0.00210344911684 0.0546988069165 0.00438588808065 0.0517970785708 -0.0217623708043 0.0465875576649 0.00246283193871 0.0013063852075 0.0222342743272 0.00790629633373 0.0221646983387 0.0116752349033 0.00256402604605 -0.00244169025139 0.0210528747435 0.000283618415224 
-0.00273061322983 0.0229637250973 0.00745257904955 0.00877029558334 0.0104581156791 0.00280138761463 0.00880458641802 0.0246626698894 0.0300488802362 0.0520138099241 0.0396580063917 0.0519456213985 0.00873287834829 0.0128261708135 0.0101923124595 0.0359916042568 0.0103855278393 0.0331970626161 0.022751910496 0.0136491906718 0.0256945214731 0.039325898723 0.0162589334544 0.146984478169 0.0400457076263 -0.00326330106832 0.00413221907758 0.0216998127083 0.00315560269432 0.00140568474664 0.034589174632 0.00250575366881 0.0061261460117 0.00884335238885 0.00658688317001 0.00358099419422 0.0175741540137 0.0120902309859 0.00591137627447 0.0177786231532 0.0062033520165 0.0220170119275 0.0102220720199 0.0349249666545 0.0445153117592 0.00792341297738 0.0297237495143 0.011628617548 -0.00496349449659 0.0139051551928 0.022617210609 0.0132324924423 0.0298376030421 0.0329612130176 0.0218820532076 0.0269970054277 0.0177021915679 -1.81322328805e-05 0.0178864138802 0.0395474704646 
0.0409009501536 0.0204086019807 0.0119289312225 0.0270624873898 0.0179433828202 0.00782938734697 0.00883563878012 0.00871374827662 0.0563947669554 0.0266487520468 0.0189148584128 0.0232874649414 0.0243017652481 0.00339432616851 -0.00894672568694 0.0336190214359 0.0155475633856 0.032659557496 0.0143828048871 0.0220604596062 0.00252143450781 0.0290357477158 0.000448929484452 0.0400457076263 0.211188533578 0.0209725209837 0.00405955670819 0.017213922584 0.0184513885423 0.0231030365769 0.0203338145686 0.00681069959632 0.0174593735058 0.00244851794843 0.0193835974973 0.00745887988244 0.0233678394776 0.0176013868413 0.00295224765451 0.0116051372189 0.00434069287042 0.00379342630543 0.00912009061237 0.0316482713377 0.0592605497555 0.0220746540364 0.010744274519 0.00172669174354 0.0170454148778 0.0135690405423 0.0329187546208 0.0339974893155 0.0220108470416 0.0196902674046 0.035973090451 0.0108012898283 0.0271290137309 -0.0294030500052 0.00358830365602 0.0264495134498 
0.058160716287 0.00714979469184 -0.00188639111165 0.0109797389194 0.0325734699259 0.00530886811536 0.00594336295676 0.0238593203278 0.0279971200829 0.0181548401266 0.0237699319501 0.0209338259889 0.0140572828279 -0.0205000411841 0.00302361742911 0.00777967310559 -0.00369345153244 0.012642270238 0.000902801045377 0.0199786672156 0.00613691336425 0.0106292399557 0.00272140686989 -0.00326330106832 0.0209725209837 0.186766853896 -0.00461479434512 0.00931255346373 0.0192168118229 0.0135925518366 0.000484309140168 0.0190060411926 0.00190998140389 0.100437916253 0.04531496521 0.0614823975134 -0.00971138497934 0.0134988170747 0.000494146996095 0.0203967765593 0.00478420790487 -0.00725595225321 -0.00940218771836 -0.0109768572287 0.0174148261053 0.00189855683632 0.00321767129031 0.0179042695884 0.0125402472435 0.0406154706188 0.0436421990908 0.0343757972882 0.0217312686059 0.018696520375 0.00222072246677 0.00358348565822 0.0264390975211 0.00153677541253 -0.0106638470448 0.00824722417343 
0.0331063722501 -0.0037812833584 0.0143621519867 0.0153413702483 0.0179884092317 0.0641622318396 -0.00455032661071 -0.00660903231363 0.0183787721438 0.00736579407553 0.00964297109473 0.00382790147642 0.0380497194854 -0.0110030489695 0.00283244634426 -0.00545838167965 0.0150276617151 0.0165868047822 0.0552340767879 0.046509961235 -0.00191156636163 0.00518175676091 0.00779623584263 0.00413221907758 0.00405955670819 -0.00461479434512 0.294259214614 -0.0141090050584 0.0313940976879 0.0101951475101 0.00101345067769 0.0247777672844 0.00930821661614 -0.00480226336889 0.00672862059997 0.0124262910304 0.316968085951 0.0240862491602 0.02754317215 0.0367932825283 0.0127862443288 0.0146459484894 0.00829637733117 -0.0109413871587 0.0251830758944 0.00758768161617 -0.00940051871032 -0.0124726223544 0.0116796814179 0.00843239522685 0.0161501041534 -0.00292737770672 0.0116760959489 0.0257115600178 0.0130823146054 -0.0021714122464 0.0184114031878 0.00850253818256 0.0252428463062 -0.0102306650574 
0.0504629886048 0.0164298447834 0.0131531118109 0.0362329033534 0.00747292937604 0.0175840324042 0.0168518682206 0.010085836693 0.0344893418061 0.0265183546946 0.0332883490472 0.00825545955424 0.0104188775405 0.00668256847295 0.0191773812898 0.00668123617818 0.0142053478368 0.0021991928158 0.0197391363836 0.0360029447995 0.0173475484216 0.0233357837879 0.0358277926622 0.0216998127083 0.017213922584 0.00931255346373 -0.0141090050584 0.162007223515 0.0104430958964 0.0142621125179 0.00679279236916 0.0172199989722 0.00250355084015 0.0126561982436 0.0117118419804 0.0133417253397 0.0147026578695 0.0118430684305 0.00419524143116 -0.00561527582378 0.0137329469847 0.0101491453463 -0.0020167287774 0.0186337461233 0.0200686628028 0.0112023984628 0.0362441729837 0.0476541046088 0.00107924984809 0.043346438983 0.0255814981887 0.0141608147957 0.0275276998051 0.0277192303798 0.0154295816622 0.0219552040378 -0.00180945107142 0.0277886129964 0.0174750559248 0.00327590850688 
0.0129616317002 0.0104209550634 0.00465762195335 0.0308960831531 0.0211103400485 0.0291536699734 0.00538276544809 -0.00229761397269 0.0515198071212 0.0108863183098 0.0162257315834 0.0220563081534 0.0143056644981 -0.00411728102202 0.0113319722646 0.0107104918056 -0.00974704732907 0.0176912344946 0.0343427011709 0.0317578078143 -0.00546088236558 0.00529209311584 -0.00759633775135 0.00315560269432 0.0184513885423 0.0192168118229 0.0313940976879 0.0104430958964 0.191960515999 0.000475889566071 0.0106614628617 0.0184688262572 0.0047109237678 -0.00225178062 -0.0121431432 -0.00352843679821 0.0332919821141 0.00765825634782 0.00387986583653 0.0153313158606 0.00532765993981 0.0298453128621 0.0131257290033 0.00353653070882 0.0268077872317 0.000898224345272 0.0121073844433 0.0139078331837 0.00854293572988 0.0530819914037 -0.0107024193947 0.00832180127515 0.00860967929863 -0.0142945349654 0.00677841775498 -0.00383653896565 0.00447959347767 0.0171812448886 -0.010698954266 -0.00532310659647 
0.00346341802455 0.0240089697272 0.0150434592674 0.0844221377052 0.00494667956068 0.0215587961256 0.0171294387904 0.0146156003373 0.0330403497768 0.0476857640775 0.00449569138684 0.00201155366718 0.0308918317654 0.0404252407691 0.03812705355 0.0114246412305 0.0313154783692 0.029023737884 0.014934593046 -0.0228265254056 0.0269800578897 0.0390682319911 0.0492605819625 0.00140568474664 0.0231030365769 0.0135925518366 0.0101951475101 0.0142621125179 0.000475889566071 0.719087996111 0.030645606795 0.0112647415549 0.0239345360184 0.000894143841308 0.0110004209729 -0.00199766956443 -0.00248167790871 0.00696005505704 0.00940330601577 0.0714175100709 0.00349504365989 -0.00407795783829 0.0204133395499 0.00989020603557 0.0173971129033 0.0441741518407 0.0185754854151 -0.0461085676375 -0.0230308657671 0.0161706966946 0.0256649873718 0.00228020869777 0.00293605484924 0.0289583713688 0.0869868885031 0.0031189745998 0.00128568880374 0.0076778116743 0.00520971393049 0.0159630443799 
0.0170224606467 0.0174986794894 -0.0161666257622 0.0259443093934 0.0165167337157 0.0550311541027 0.0110605479097 0.010128502633 0.0257830100951 0.0250967770183 -0.000285671046451 0.00513814333002 0.0332901420433 -0.00207390939719 -0.0300854594684 0.00463812782086 -0.0021499480058 0.0124735588863 0.0181504682239 0.0160941377407 -0.0138260008065 0.0364953302416 -0.00484882493633 0.034589174632 0.0203338145686 0.000484309140168 0.00101345067769 0.00679279236916 0.0106614628617 0.030645606795 0.336002986448 0.00359177305821 0.00172614644532 -0.000180252933665 -0.00791281162066 0.00500502512705 0.0135336085422 0.0207466145898 -0.00109794689522 -0.0177474403216 0.0114041931415 0.00881970184892 0.00368797380405 0.00938490395276 0.00996382221395 -0.00781154675919 0.0149115610286 0.0300368681483 -0.0147636799549 0.0149862225525 -0.00551521230674 0.0120971100792 0.0029736128843 0.0101393796465 0.00404239108914 0.0159079783257 0.0260215471278 0.027032720842 0.0177918029411 0.0143856902449 
0.0285079082324 0.00512779611063 0.0673344547504 0.0268647561588 0.0520242791699 0.0116875049839 0.0450154287412 0.0631023743582 0.0301466731821 0.0468020841343 -0.0121372270022 0.0102490834311 -0.000406721364525 0.00846792589235 -0.00721954558771 0.00553983852199 0.0136443430059 0.0228397427197 -0.00653071114063 -0.0106442953739 0.00258995826803 -0.0101650422519 -0.004188807021 0.00250575366881 0.00681069959632 0.0190060411926 0.0247777672844 0.0172199989722 0.0184688262572 0.0112647415549 0.00359177305821 0.455886603638 -0.00112199258428 0.035756316915 0.0268941695651 0.0166585360788 0.038504115557 0.00042159295797 0.0329168766497 0.00947800648928 0.0157905678222 -0.00468692772354 0.00472460381236 -0.0061643791312 0.0520125463699 0.00421654878263 0.0164656017105 0.00160773491021 0.0103849154755 0.0415493878894 0.03250517716 0.0586825934794 0.0191901361035 0.0114626426585 0.00630792057942 0.013433625814 0.0636616510397 0.00427129750481 -0.00015558070311 -0.00596795870341 
-0.0107457780256 0.0204663204947 0.00585733670861 0.00967545894976 0.00766934893429 -0.00277887088946 -0.0124150218918 0.00773319573297 0.00786135797807 0.0128707531219 0.0208044051444 0.00553048201361 0.00307668110292 0.0172446964761 -0.00307395101966 0.010717356056 0.00628144211588 -0.0213926305423 0.0051247635769 0.000454737620159 0.0259998542797 0.00316638958964 -0.00951872775562 0.0061261460117 0.0174593735058 0.00190998140389 0.00930821661614 0.00250355084015 0.0047109237678 0.0239345360184 0.00172614644532 -0.00112199258428 0.238978278074 -0.00379014015321 0.00272340244925 0.0155933646084 0.0159548752213 0.00476484848785 0.0017464047465 0.00403361851611 0.00582916311746 -0.00335029181005 0.0451601752986 0.0107159204753 -0.00250578831874 -0.00223805503085 -0.00107492433047 0.0156146148311 -0.00396029466089 0.00688995322123 0.0113906192193 -0.00376786893592 0.0110311327494 0.00934864353504 0.0344506818019 0.0112827725753 0.00261228044832 0.000344137346876 0.00149618919527 0.00392402835567 
0.127124659105 0.0302893428987 0.00035496350622 0.0204645864585 0.0403189990731 0.0150214389524 0.020385907308 0.0273021997476 0.0584484899687 0.0279042688074 0.0218379839025 0.035952405747 0.0373439117371 -0.0233163103303 0.00263270192375 0.000854533376016 -0.00135126612109 0.00358567728376 0.023793885874 0.024730993067 -0.007183568186 0.00509511215964 0.0220387510676 0.00884335238885 0.00244851794843 0.100437916253 -0.00480226336889 0.0126561982436 -0.00225178062 0.000894143841308 -0.000180252933665 0.035756316915 -0.00379014015321 0.431699976107 0.0938492131864 0.121644433764 -0.0362594988363 0.028756984901 0.00183591242711 -0.00628776587189 -0.0077123419023 -0.00562467542226 -0.0237259566108 -0.00775591846303 0.0642318503564 0.0674515896728 0.00492279169815 0.0777907837871 -0.0199929421509 0.0214733049769 0.0924319578428 0.0230414439157 0.00846707992114 -0.000363763880892 0.0286105900504 0.00875444390595 0.013227214503 0.0364192244314 0.00928794891652 0.00988128174995 
0.0845605910799 0.0157910698603 0.00933608713792 0.0277752215792 0.0230778025751 -0.000179406154194 -0.00567827266133 0.0358550693891 0.0310304381586 0.00620167257301 0.0146450704577 0.0146332101225 0.0168752135177 -0.0139060943234 0.00657340010662 -0.00648163780355 -0.00221285725196 -0.00364662195431 0.0159493166303 0.0381226557158 -0.0087163240397 -0.0129231712325 -0.00620042948868 0.00658688317001 0.0193835974973 0.04531496521 0.00672862059997 0.0117118419804 -0.0121431432 0.0110004209729 -0.00791281162066 0.0268941695651 0.00272340244925 0.0938492131864 0.192787575687 0.102772297123 0.00591549198591 0.0182025254095 -0.00755154443817 -0.0102834110585 0.0111599171013 0.0200748269106 -0.00885465118578 -0.0114259344934 0.0219624417131 0.0399165167115 0.0110246464298 0.00447769988591 0.00630621272025 0.00749096643671 0.089393944567 0.0442072517462 -0.0101569615602 -0.00299532307575 0.00185556187923 -3.58263069529e-05 0.023333337131 0.0197903938102 0.0120636050602 0.00638739499452 
0.136406709643 0.00902281481498 -0.001777727373 0.0101629571463 0.0247209962453 0.00935338431773 0.00138200510641 0.0475392186195 0.00810362125609 0.00400872690718 0.0256172787096 0.0167649892645 0.00381937559476 -0.0219469600634 0.015873507944 0.00312191388706 -0.0145949922091 0.0180739022295 0.0493559921583 0.0619526365385 -0.0140119598783 0.00264340913285 0.0108329807755 0.00358099419422 0.00745887988244 0.0614823975134 0.0124262910304 0.0133417253397 -0.00352843679821 -0.00199766956443 0.00500502512705 0.0166585360788 0.0155933646084 0.121644433764 0.102772297123 0.380805589922 0.0245443309441 0.0276885367813 -0.00611481444115 0.010314859944 0.000713651064931 0.00701268158127 0.0132830824202 0.000742163524919 0.0247259948995 0.00986863649681 -0.006626086063 0.0114211001207 0.0140340113154 0.0298622390824 0.0844384697855 0.0536440653184 -0.00317346731129 0.020057789883 -0.00110712097947 -0.00399380884243 0.0511085276974 0.0257487510918 -0.00176665188154 0.00674413549811 
0.00733270939005 0.0135709030916 -0.00444471962937 0.0176212323255 0.0123994335388 0.156745466089 0.0194109881283 -0.0257261476331 0.0576048717201 0.0160832136803 0.010918272569 0.00189126108413 -0.00155838982339 -0.0163110951198 0.0202078147279 -0.0227482556953 0.0221773523186 0.0187624604127 0.100839174674 0.0584432923417 0.00502588180136 0.00153913573302 -0.00245406086172 0.0175741540137 0.0233678394776 -0.00971138497934 0.316968085951 0.0147026578695 0.0332919821141 -0.00248167790871 0.0135336085422 0.038504115557 0.0159548752213 -0.0362594988363 0.00591549198591 0.0245443309441 1.04548191832 0.0270511441134 0.0331147288518 0.0913785233107 0.00535428622425 0.0167304104324 -0.00092592825632 0.000401790820494 0.0447475632562 0.000960722475161 0.00657645283622 0.00567002313604 0.0230415184368 -0.0287853836656 0.0402366679973 -0.0175410642982 0.00910837398092 0.0110808012155 -0.00565341146418 -0.00896138303372 0.00164142664081 0.00258596476263 0.0204863235848 -0.00996060728112 
0.018850801265 0.0217447163876 0.00219300633985 0.00433175244945 0.0257683319015 0.0334937880932 0.0424577760788 0.0177534352668 0.0054804710724 0.0113511400649 0.00974584685764 0.022860955523 0.0176822182241 0.0120102804454 -0.0133804338533 0.0487728677599 0.00391186844377 -5.01627809674e-05 0.0721719542429 0.0310747924912 -0.00983870579896 0.0226905593623 -3.95335728654e-05 0.0120902309859 0.0176013868413 0.0134988170747 0.0240862491602 0.0118430684305 0.00765825634782 0.00696005505704 0.0207466145898 0.00042159295797 0.00476484848785 0.028756984901 0.0182025254095 0.0276885367813 0.0270511441134 0.263514713017 0.0153925527321 -0.0150222664832 0.00404335601396 0.0137889443122 0.00995751082011 0.014930731247 0.0390425965998 -0.0148912572594 0.00177137687088 0.0151150996169 0.00785951002834 0.0179355560586 -0.00432984881243 0.0276100776233 0.014026941028 -0.0098179969129 0.0270601059007 0.00745882310313 0.004981062966 -0.0213074838128 -0.000749214501293 0.00632472837817 
0.00968889590383 0.0263164745403 0.0169381260785 -0.0155217973597 0.0215325667907 0.00585055429808 0.00320842520014 0.00178628038061 0.014374153941 0.00982340087472 0.0211176102483 -0.00543991086543 0.0207025333488 -0.0173043834946 0.0174430026461 0.00214458849708 -0.00747611540528 0.0166417507008 0.00781857376708 0.00491130546354 0.015081628997 -0.0088069377134 0.00912074801772 0.00591137627447 0.00295224765451 0.000494146996095 0.02754317215 0.00419524143116 0.00387986583653 0.00940330601577 -0.00109794689522 0.0329168766497 0.0017464047465 0.00183591242711 -0.00755154443816 -0.00611481444115 0.0331147288518 0.0153925527321 0.159578567555 0.00393908786623 0.0112797133573 -0.0141296134694 0.00219348542884 -0.0108098574505 0.0256717437698 0.0267210163721 0.0165269421817 0.0198423291933 0.00887813807165 0.00906906975794 0.00453353735187 0.00404741920935 0.00537878021923 -0.0116587998134 -0.0035092806674 0.00404137433866 -0.00123608717447 0.00289229885665 0.0269353771327 -0.00310119748725 
