40
0.0213104348082 0.275152850517 0.0493961611292 0.151795006465 0.168192385625 0.0283013122104 0.12260521459 0.190895055806 0.330982708656 0.0262084488718 0.0755027876102 0.0146303634135 0.0609589558998 0.201678989994 0.103848753038 0.067616439087 0.102568127786 0.0571686925308 0.00238062118955 0.0759168136047 0.00496789573306 0.0625194128962 0.0901624306535 0.0206658862902 0.124759587163 0.0946915784272 0.0291549562933 0.0413413845105 0.0810581507116 0.0189508527873 0.0453963667668 0.0917148498368 0.0594275332512 0.0413299620627 0.0321720089654 0.0669670800901 -0.00773505516991 0.0331605059077 0.0939670182087 0.0524263551757 
0.329004158995 -0.0138725051392 -0.00222757375565 0.0188810561331 0.014203400802 0.00757992880388 0.00129843646991 0.0241172642834 0.0320652357806 0.0280540014184 0.0262753144812 0.00353386733796 0.0236184567886 0.0430217793708 0.0195264278875 0.0691149305778 0.02021506517 0.0412063395949 0.00144960583763 0.0083933581334 -0.0191004300062 0.0175859514903 0.034841376922 0.0341853080201 0.0355003121873 0.0275018889495 0.00402432652008 0.0232534575455 0.00811935005508 0.0251702818618 0.022374785781 0.0244691723894 0.00138174150428 0.00428315659979 0.0132696437966 -0.00764498824074 0.00173267146878 -0.000607946027731 0.0168403783749 0.103258811832 
-0.0138725051392 2.71005867873 -0.000545338212898 0.0314797501383 -0.0142792426974 -0.00173993234279 -0.000636530604534 0.00168206267782 -0.0485228930213 -0.0233235928345 -0.031815849839 -0.00736027499467 -0.00428249495782 7.44104088065e-06 0.00714018288247 -0.0604673226777 -0.00366968356639 -0.000418079142834 -0.0110369153429 -0.00445155075663 -0.00589323714419 -0.0338202887608 0.0813470136295 0.0113038886777 0.0736196736761 -0.00293660000066 0.181722605441 -0.0189817276223 -0.0226001217744 0.0170158432688 -0.00677313642331 0.00228048184607 -0.0293953195576 -0.0167581360218 -0.0148133448197 -0.0134028540014 0.0186456467806 -0.00222548470943 -0.0115193584178 -0.0273274209233 
-0.00222757375565 -0.000545338212899 0.423623260512 0.0109635084007 -0.0100968200179 0.0161521200796 0.0318361644504 0.00991745897685 0.0204033215476 0.0041574652152 -0.0066252066351 -0.0113129990799 0.000479615815782 0.006749150249 -0.00185625562994 0.0449123032574 0.00511046660811 0.0177437350415 0.014198679878 0.00281128543267 0.0260445434754 0.0176309501975 0.0220411497998 0.00383424368929 0.00689394014569 -0.0025858922004 0.01679305822 0.00461612037333 0.0286057374091 0.000523886492436 -0.0179252199576 0.0183125873526 0.00957950988013 0.00994042238008 0.0340943364734 0.0196089451503 0.00135994402618 0.011758039609 0.00230910150949 0.0238855106423 
0.0188810561331 0.0314797501383 0.0109635084007 0.49411661961 0.0141585622937 0.0158414533111 0.0399204737678 0.0973075812704 0.0225047352402 0.0417328202146 -0.00205737592921 0.00680470801939 0.00854190258171 -0.0066683262064 0.0275904193348 0.0120086242624 0.00421060355178 -0.0119349716673 0.0368469748371 0.0213679193647 0.0496576486733 0.0278526312473 0.00352544413796 0.0481163616851 0.0142694725481 0.00804489236992 0.016825688406 0.0276648645835 0.0255044693239 -0.00448130955208 0.00777367557702 0.032597070718 0.0382930890323 0.00261246940457 0.0180863927796 -0.00652541841452 0.0342319033884 0.0364315668327 0.038991123231 0.000553688190376 
0.014203400802 -0.0142792426974 -0.0100968200179 0.0141585622937 0.69165022268 0.0181443531533 0.0245967077758 -0.0149979808762 -0.0117885964616 -0.0129611334287 0.0651487660123 -0.0132289802279 0.00139051587442 0.0222903244269 -0.00862073137011 0.000569756713934 -0.0133448436514 0.00902863824638 -0.00936977336361 0.0248752235575 0.0148666848996 0.0306131861862 0.0117680463629 0.00381505483262 -0.0157702927994 -0.00787272489847 0.024494294322 0.0392355010483 0.0424377942912 0.0118291857533 -0.0193756567634 0.0196105639876 -0.0291835623172 0.162589215 0.0286021919871 -0.0106697144401 0.0162263625781 0.00612411609657 -0.00797761105574 0.00182080440823 
0.00757992880388 -0.00173993234279 0.0161521200796 0.0158414533111 0.0181443531533 0.207019290153 0.0188561048025 0.0259061886036 -0.000129629024316 -0.0280902165566 -0.0394627136557 0.00989322130997 0.00655849957543 0.0207065450595 0.000868044754127 0.0328220476845 0.00521133651463 -0.00962325999578 0.0182711276258 0.0066984190684 0.00380348462949 -0.0032999155704 -0.0126812163585 0.0131971134485 0.00578849884821 0.017394293129 0.0186832795404 -0.00263509863876 -0.00388066660735 0.0140391013026 0.00720422961676 0.0192685368692 0.00829507177012 0.00494300604476 0.0112453931669 0.00356777557641 0.00783753888344 0.000862834753006 0.0229718200326 0.0191279654625 
0.00129843646991 -0.000636530604534 0.0318361644504 0.0399204737678 0.0245967077758 0.0188561048025 0.207359149892 0.0422368477788 0.0212691152268 0.0117249036955 0.00178369734491 0.0230186289471 0.0333922366576 0.0208338178231 0.021918988912 0.0107980711204 0.0282344993685 0.033644388406 0.0267327484109 -0.00139119543107 0.0132350651323 0.0447888571238 0.022613146078 0.0233966513576 0.0428980485993 0.0195112826586 0.0183372566608 0.0154049382184 0.0276571395489 0.00988705297735 0.00396705082106 0.0325912268286 3.6486327719e-05 0.0268951268231 0.0294614699818 0.0411479200806 0.0107555961147 0.0286770018705 0.0268790450739 0.0143070932712 
0.0241172642834 0.00168206267782 0.00991745897685 0.0973075812704 -0.0149979808762 0.0259061886036 0.0422368477788 0.556485975652 0.0254114849606 0.0447562581841 0.0118882362116 0.0103623134324 0.0193938857131 0.0379669982781 0.000265767306211 0.0145996034209 0.011433182114 0.00729076530221 0.0212626026086 0.021991201823 0.0257903370994 0.045857502421 0.0374816157832 0.0440441834599 0.00904659273905 0.0660466510966 0.0152438938394 0.0185561635519 0.0271690283393 0.0429167724893 -0.00063332212789 0.0196862131416 0.013617002175 0.0124805837685 0.0122817817692 0.0142360191106 0.0223326390406 0.0315861961553 0.0209124128374 0.0327291813099 
0.0320652357806 -0.0485228930213 0.0204033215476 0.0225047352402 -0.0117885964616 -0.000129629024316 0.0212691152268 0.0254114849606 1.01646067024 0.0147331248727 0.0669434730263 0.0153307570515 -0.00468021766273 0.0235410356611 0.0272327760177 0.0364973576043 0.0139277199494 -0.0146586254548 0.0128012086117 -0.0142354028828 0.0186945323987 0.00958446913912 0.0265088728472 0.0117561641167 0.0478468824982 0.0434925995732 0.0106328985104 -0.00753709993673 0.0262878733312 0.0109413348198 -0.0264164808135 0.0119965730405 0.0241223466787 -0.00455948526406 0.0116387583106 -0.0123384276068 0.00668037510677 0.0106296774991 0.00412429695754 0.0174627579506 
0.0280540014184 -0.0233235928345 0.0041574652152 0.0417328202146 -0.0129611334287 -0.0280902165566 0.0117249036955 0.0447562581841 0.0147331248727 0.301188324317 0.0123780192062 0.0207046795618 0.0394500335024 -0.009380177559 0.0326735686106 -0.00147060729969 0.0612359704862 0.031136705626 0.0158595785049 0.0257789126578 0.0283373552018 0.0636637957387 0.0260776555974 0.0578957410711 0.0343721374026 0.0052245556682 0.0189368895953 0.027210196162 0.0369179606499 0.00346234777578 0.0164988065893 0.0379072726229 0.017239358797 0.0247260283763 0.0328804495965 0.0492189596255 0.0143049519195 0.0058773114178 0.0407765601196 -0.0285450904188 
0.0262753144812 -0.031815849839 -0.0066252066351 -0.00205737592921 0.0651487660123 -0.0394627136557 0.00178369734491 0.0118882362116 0.0669434730263 0.0123780192062 0.683467227342 -0.00713819133579 0.0325236951434 0.0442187545227 0.000921372164099 0.0178052282912 0.00301849388652 -0.0154114267875 0.0107235373338 0.0376455862768 0.0138645944896 0.0120073030347 0.237957284584 0.0128923699167 0.0630252264755 0.044878118117 0.0502431782476 -0.00262437461031 0.0162256665925 -0.0105915106391 -0.00905132079607 0.0142362734215 0.0174847096464 0.0136008230506 0.0130659954918 0.00846815948287 0.0297815847124 0.00869332226364 0.0157072945388 0.0148747949951 
0.00353386733796 -0.00736027499467 -0.0113129990799 0.00680470801939 -0.0132289802279 0.00989322130997 0.0230186289471 0.0103623134324 0.0153307570515 0.0207046795618 -0.00713819133579 0.151697656576 0.0241573669851 -0.00317899222529 0.0172501769674 0.00766633670338 0.0527285711964 0.0208013639752 0.0127990623649 0.0172692101635 0.0153618357072 0.0130563750279 -0.0149665177288 0.0152020810092 0.00460015008045 0.0142582870247 0.0132219787702 0.00511463322645 0.00431214572779 0.0152913127044 0.017196932633 0.00739739485008 0.00268292460651 0.00907399876275 0.0301308662378 0.0182162138935 0.00886471457223 0.01096008908 0.00945232851228 0.00147484624405 
0.0236184567886 -0.00428249495782 0.000479615815782 0.00854190258171 0.00139051587443 0.00655849957543 0.0333922366576 0.0193938857131 -0.00468021766273 0.0394500335024 0.0325236951434 0.0241573669851 0.433947410509 0.00860845852895 0.00937263608615 0.0071600583626 0.052973340329 0.0484096390048 0.0110631073334 0.0217959492292 0.0149625979749 0.0671780991056 0.0596287676026 0.0268839420299 0.045715765097 0.0229007651095 0.00977212576931 0.0313256480566 0.00177285553215 0.0165410920204 0.025654139582 0.0102506954189 0.0267006753965 0.0156162011396 0.0204474821755 0.0216297350728 0.00191443730777 0.0080188219851 0.0284626298848 0.0226820222766 
0.0430217793708 7.44104088173e-06 0.006749150249 -0.0066683262064 0.0222903244269 0.0207065450595 0.0208338178231 0.0379669982781 0.0235410356611 -0.009380177559 0.0442187545227 -0.00317899222528 0.00860845852895 1.23219869147 -0.0180951887041 0.112375620073 0.0274897569702 0.00590532361541 0.00675982993322 0.0997663924434 -0.0123701878038 0.0196711846259 0.0362347650671 0.0270338612192 -0.0213473207008 -0.00852452174193 0.0228346290422 0.0368347202526 0.0318372594842 0.0212621369696 -0.00544551467482 0.032392931849 0.00638526424555 0.0545191383761 0.000333433477086 -0.0131010917076 0.00932029700385 0.00699570773642 0.0169982491538 0.026768016491 
0.0195264278875 0.00714018288247 -0.00185625562994 0.0275904193348 -0.00862073137011 0.000868044754127 0.021918988912 0.00026576730621 0.0272327760177 0.0326735686106 0.000921372164099 0.0172501769674 0.00937263608615 -0.0180951887041 0.358295039955 0.00519235996592 0.019174843236 0.0243744404778 0.0125245663551 -0.000356341734815 0.00438022891913 -0.00229208922012 -0.0244429122266 0.00572945720837 0.0189840279738 -0.0067157161037 0.0102347302315 -0.00814217172849 0.0126010169047 0.0309568578399 0.0252821208996 0.0245176584599 0.0133916941947 0.00125357119099 0.00905118438659 -0.0116933336781 0.0152012581027 0.00355766767789 -0.00990897672998 0.0174650805675 
0.0691149305778 -0.0604673226777 0.0449123032574 0.0120086242624 0.000569756713936 0.0328220476845 0.0107980711204 0.0145996034209 0.0364973576043 -0.00147060729968 0.0178052282912 0.00766633670338 0.0071600583626 0.112375620073 0.00519235996592 0.381958566383 0.0299420039197 0.0138731996375 0.0112226946231 0.0343857184868 0.0154901544609 0.0214264392196 0.0130543698046 0.0314054384453 0.0355241612394 0.0356147895856 0.0160988495808 0.0356789504847 0.0173510846835 0.0562609780998 0.00844367443469 0.0272215584426 -0.00820028981182 0.0175298512644 0.0309800153276 -0.0156282810098 0.0192005410263 0.00646442530826 0.0125152026703 0.0916081188341 
0.02021506517 -0.00366968356639 0.00511046660811 0.00421060355178 -0.0133448436514 0.00521133651463 0.0282344993685 0.011433182114 0.0139277199494 0.0612359704862 0.00301849388652 0.0527285711964 0.052973340329 0.0274897569702 0.019174843236 0.0299420039197 0.288914164901 0.0225385188645 0.00913968469354 0.019998623904 0.0333186554141 0.0531251403736 0.0503823851928 0.0352378011616 0.011077354792 0.0449713274114 0.0131753304325 0.0352525086181 0.0260527424729 0.0219041391255 -0.00145182858982 0.0486756719482 -0.00926551664064 0.0200570370878 0.0206721063877 0.0489527449632 0.0179835799347 0.015519634953 0.0412784211446 0.0164559963536 
0.0412063395949 -0.000418079142834 0.0177437350415 -0.0119349716673 0.00902863824638 -0.00962325999578 0.033644388406 0.00729076530221 -0.0146586254548 0.031136705626 -0.0154114267875 0.0208013639752 0.0484096390048 0.00590532361541 0.0243744404778 0.0138731996375 0.0225385188645 0.365350992661 0.00761812679576 0.0166774257849 -0.00312770128652 0.0336526505852 0.0375630734853 0.0193856322855 0.0177037598991 0.0211546094508 0.00577304143746 0.0345751872332 0.0380603341266 0.0235604851239 0.00709135901764 0.0210964208776 -0.00715017544113 0.0212424197014 0.0110392787908 0.031987412492 0.00356442964545 -0.0144297676948 0.012239097104 0.00714046177388 
0.00144960583763 -0.0110369153429 0.014198679878 0.0368469748371 -0.00936977336361 0.0182711276258 0.0267327484109 0.0212626026086 0.0128012086117 0.0158595785049 0.0107235373338 0.0127990623649 0.0110631073334 0.00675982993322 0.0125245663551 0.0112226946231 0.00913968469354 0.00761812679576 0.115147676284 0.00365981618353 0.0445860361217 0.018010488258 -0.00475664605687 0.0269625459264 0.0176697148226 0.00427478756914 0.00322628830501 0.00886216542135 0.0252978414899 0.00602032743283 -0.00290130620687 0.0194052174887 0.0183807210397 0.0201988044637 0.0202962794687 -3.93945586656e-05 0.0428934563983 0.0485679829439 0.0281606813693 0.0023395630823 
0.0083933581334 -0.00445155075662 0.00281128543267 0.0213679193647 0.0248752235575 0.00669841906841 -0.00139119543107 0.021991201823 -0.0142354028828 0.0257789126578 0.0376455862768 0.0172692101635 0.0217959492292 0.0997663924434 -0.000356341734815 0.0343857184868 0.019998623904 0.0166774257849 0.00365981618353 0.326492690588 0.00829255851038 0.0453633581471 0.0166801039994 0.0185967221084 0.0123755573846 -0.00270786113705 0.00354727567838 0.00314485884863 -0.00490732389356 -0.0144386377255 0.0447278795552 0.0362591546476 0.0148384776198 0.01756398386 0.0150621236723 0.0132449562333 0.0138299863464 0.0176199674552 0.0260072299441 0.0101342389781 
-0.0191004300062 -0.00589323714419 0.0260445434754 0.0496576486733 0.0148666848996 0.00380348462949 0.0132350651323 0.0257903370994 0.0186945323987 0.0283373552018 0.0138645944896 0.0153618357072 0.0149625979749 -0.0123701878038 0.00438022891913 0.0154901544609 0.0333186554141 -0.00312770128652 0.0445860361217 0.00829255851038 0.158736149925 0.033105299435 -0.0056008071152 0.0328231026901 0.0195764321436 0.00255031414416 -0.00773218868807 -0.00280330408682 0.0235368952107 -0.00224522768811 -0.00120345630873 0.0240023954299 0.0162635230401 0.00389482707637 0.0085956271986 -0.0196789410789 0.0395818907752 0.0349402184702 0.040358457449 -0.00980868583493 
0.0175859514903 -0.0338202887608 0.0176309501975 0.0278526312473 0.0306131861862 -0.0032999155704 0.0447888571238 0.045857502421 0.00958446913912 0.0636637957387 0.0120073030347 0.0130563750279 0.0671780991056 0.0196711846259 -0.00229208922012 0.0214264392196 0.0531251403736 0.0336526505852 0.018010488258 0.0453633581471 0.033105299435 0.330356926403 0.0129805919522 0.0239122075528 0.0301840957457 -0.00301326222406 0.0298816732919 0.0262481887793 0.041295537079 0.0191064107384 0.0123383075295 0.0171127758554 0.00331976620331 0.0225681445532 0.0273749891033 0.0227010575985 0.0204239896835 0.01206045954 0.027122117165 0.00114442786063 
0.034841376922 0.0813470136295 0.0220411497998 0.00352544413796 0.0117680463629 -0.0126812163585 0.022613146078 0.0374816157832 0.0265088728472 0.0260776555974 0.237957284584 -0.0149665177288 0.0596287676026 0.0362347650671 -0.0244429122266 0.0130543698046 0.0503823851928 0.0375630734853 -0.00475664605687 0.0166801039994 -0.0056008071152 0.0129805919522 0.481747868368 0.0188903723004 0.0550470179815 0.0355157229858 0.0459637133439 -0.00284203566955 0.0287721440824 0.0221597318128 0.0232455443574 0.0280959175958 0.0148182415942 0.00568852279332 0.00424731912168 0.0670219934745 0.00881636267887 0.0155625768549 0.01628399894 0.00622033480191 
0.0341853080201 0.0113038886777 0.00383424368929 0.0481163616851 0.00381505483262 0.0131971134485 0.0233966513576 0.0440441834599 0.0117561641167 0.0578957410711 0.0128923699167 0.0152020810092 0.0268839420299 0.0270338612192 0.00572945720837 0.0314054384453 0.0352378011616 0.0193856322855 0.0269625459264 0.0185967221084 0.0328231026901 0.0239122075528 0.0188903723004 0.191971566774 0.00754558838439 0.0351229145603 0.0017088932471 0.0240679093896 0.0189170286348 -0.00430134230261 -0.00332433505373 0.0663519939282 0.0112099452327 0.00989376451468 0.0158743510993 0.0198054702018 0.0290926099103 0.0156236582004 0.103418093904 0.0241092742499 
0.0355003121873 0.0736196736761 0.00689394014569 0.0142694725481 -0.0157702927994 0.00578849884821 0.0428980485993 0.00904659273905 0.0478468824982 0.0343721374026 0.0630252264755 0.00460015008045 0.045715765097 -0.0213473207008 0.0189840279738 0.0355241612394 0.011077354792 0.0177037598991 0.0176697148226 0.0123755573846 0.0195764321436 0.0301840957457 0.0550470179815 0.00754558838439 0.313440908639 0.0434484800028 0.0351514095337 0.00818937587806 0.00465049031203 0.0330004774627 0.0251756342718 0.00252340727045 0.00486984220989 0.00819671263816 0.0130849593832 0.0126315256167 0.000365666189361 0.0228125688723 0.00866994968444 0.0323332731889 
0.0275018889495 -0.00293660000066 -0.0025858922004 0.00804489236992 -0.00787272489847 0.017394293129 0.0195112826586 0.0660466510966 0.0434925995732 0.0052245556682 0.044878118117 0.0142582870247 0.0229007651095 -0.00852452174193 -0.0067157161037 0.0356147895856 0.0449713274114 0.0211546094508 0.00427478756914 -0.00270786113705 0.00255031414416 -0.00301326222406 0.0355157229858 0.0351229145603 0.0434484800028 0.345722869207 0.0122673002562 0.0408196428747 0.0132069803007 0.0883984270016 -0.00924811180559 0.0268804629117 0.00247347510992 0.00376726953258 0.00804727972087 0.0220145153154 0.0063046549052 0.0031731385683 0.0409100002196 0.0351100416324 
0.00402432652008 0.181722605441 0.01679305822 0.016825688406 0.024494294322 0.0186832795404 0.0183372566608 0.0152438938394 0.0106328985104 0.0189368895953 0.0502431782476 0.0132219787702 0.00977212576931 0.0228346290422 0.0102347302315 0.0160988495808 0.0131753304325 0.00577304143746 0.00322628830501 0.00354727567838 -0.00773218868807 0.0298816732919 0.0459637133439 0.0017088932471 0.0351514095337 0.0122673002562 0.161538744691 0.0147410833531 0.0229647792253 0.0122202951095 0.00703503856638 0.00836509000501 0.0140575689149 0.00421410914689 0.017793620603 0.0294603053688 0.00380315386703 -0.00091785958854 0.00332705005248 0.0167665751537 
0.0232534575455 -0.0189817276223 0.00461612037333 0.0276648645835 0.0392355010483 -0.00263509863876 0.0154049382184 0.0185561635519 -0.00753709993673 0.027210196162 -0.00262437461031 0.00511463322645 0.0313256480566 0.0368347202526 -0.00814217172849 0.0356789504847 0.0352525086181 0.0345751872332 0.00886216542135 0.00314485884863 -0.00280330408682 0.0262481887793 -0.00284203566955 0.0240679093896 0.00818937587805 0.0408196428747 0.0147410833531 0.237699785574 0.0231628518299 0.0173721478933 0.0143711464474 0.0176348851989 0.00564759083526 0.0297523888598 0.0130581066865 -0.00839571585292 0.00178190081162 0.00795980318746 0.0151476864264 0.00677422813445 
0.00811935005508 -0.0226001217744 0.0286057374091 0.0255044693239 0.0424377942912 -0.00388066660735 0.0276571395489 0.0271690283393 0.0262878733312 0.0369179606499 0.0162256665925 0.00431214572779 0.00177285553215 0.0318372594842 0.0126010169047 0.0173510846835 0.0260527424729 0.0380603341266 0.0252978414899 -0.00490732389356 0.0235368952107 0.041295537079 0.0287721440824 0.0189170286348 0.00465049031203 0.0132069803007 0.0229647792253 0.0231628518299 0.213922284045 0.00549160948862 -0.00693907260015 0.0244104115545 -0.00244801566456 -0.00174142592993 0.0190541290881 0.0194346692459 0.0301265899618 0.0121098260847 0.0437562733 0.0181484143612 
0.0251702818618 0.0170158432688 0.000523886492433 -0.00448130955208 0.0118291857533 0.0140391013026 0.00988705297735 0.0429167724893 0.0109413348198 0.00346234777578 -0.0105915106391 0.0152913127044 0.0165410920204 0.0212621369696 0.0309568578399 0.0562609780998 0.0219041391255 0.0235604851239 0.00602032743283 -0.0144386377255 -0.00224522768811 0.0191064107384 0.0221597318128 -0.00430134230261 0.0330004774627 0.0883984270016 0.0122202951095 0.0173721478933 0.00549160948862 0.379298376065 0.0536656002108 -0.00452410539732 -0.00735513813898 -0.0190068378466 0.0118559618957 -0.0167856218054 -0.00119508634278 -0.0152784932157 -0.00420232740908 0.0286839551156 
0.022374785781 -0.00677313642331 -0.0179252199577 0.00777367557702 -0.0193756567634 0.00720422961676 0.00396705082106 -0.000633322127893 -0.0264164808135 0.0164988065893 -0.00905132079607 0.017196932633 0.025654139582 -0.00544551467482 0.0252821208996 0.00844367443469 -0.00145182858982 0.00709135901764 -0.00290130620687 0.0447278795552 -0.00120345630874 0.0123383075295 0.0232455443574 -0.00332433505373 0.0251756342718 -0.00924811180559 0.00703503856638 0.0143711464474 -0.00693907260015 0.0536656002108 0.365268142541 0.0131424072993 -0.00900048906758 -0.00205614541575 0.0278047050361 0.014204179303 0.013908821794 -0.0105258599453 0.0161339933887 -0.00447455285895 
0.0244691723894 0.00228048184607 0.0183125873526 0.032597070718 0.0196105639876 0.0192685368692 0.0325912268286 0.0196862131416 0.0119965730405 0.0379072726229 0.0142362734215 0.00739739485008 0.0102506954189 0.032392931849 0.0245176584599 0.0272215584426 0.0486756719482 0.0210964208776 0.0194052174887 0.0362591546476 0.0240023954299 0.0171127758554 0.0280959175958 0.0663519939282 0.00252340727044 0.0268804629117 0.00836509000501 0.0176348851989 0.0244104115545 -0.00452410539732 0.0131424072993 0.168730709937 0.0115042915407 0.0192687384994 0.0119449579435 0.0148185436787 0.0278956299221 0.0186945544283 0.0696652920338 0.00318943571886 
0.00138174150428 -0.0293953195576 0.00957950988013 0.0382930890323 -0.0291835623172 0.00829507177012 3.64863277189e-05 0.013617002175 0.0241223466787 0.017239358797 0.0174847096464 0.00268292460651 0.0267006753965 0.00638526424555 0.0133916941947 -0.00820028981182 -0.00926551664064 -0.00715017544113 0.0183807210397 0.0148384776198 0.0162635230401 0.00331976620331 0.0148182415942 0.0112099452327 0.00486984220989 0.00247347510992 0.0140575689149 0.00564759083526 -0.00244801566456 -0.00735513813898 -0.00900048906758 0.0115042915407 0.229588198951 0.00740416920684 0.0139815238655 0.00926058203353 0.00423082218099 0.0123381673081 0.0275927737574 -0.0128334149219 
0.00428315659979 -0.0167581360218 0.00994042238008 0.00261246940457 0.162589215 0.00494300604476 0.0268951268231 0.0124805837685 -0.00455948526406 0.0247260283763 0.0136008230506 0.00907399876275 0.0156162011396 0.0545191383761 0.00125357119099 0.0175298512644 0.0200570370878 0.0212424197014 0.0201988044637 0.01756398386 0.00389482707637 0.0225681445532 0.00568852279332 0.00989376451468 0.00819671263816 0.00376726953258 0.00421410914689 0.0297523888598 -0.00174142592993 -0.0190068378466 -0.00205614541575 0.0192687384994 0.00740416920685 0.24361885249 0.0340974988491 0.00924202418532 -0.00184578154495 0.0192401952737 0.0303013886637 -0.00339636477698 
0.0132696437966 -0.0148133448197 0.0340943364734 0.0180863927796 0.0286021919871 0.0112453931669 0.0294614699818 0.0122817817692 0.0116387583106 0.0328804495965 0.0130659954918 0.0301308662378 0.0204474821755 0.000333433477086 0.00905118438659 0.0309800153276 0.0206721063877 0.0110392787908 0.0202962794687 0.0150621236723 0.0085956271986 0.0273749891033 0.00424731912168 0.0158743510993 0.0130849593832 0.00804727972087 0.017793620603 0.0130581066865 0.0190541290881 0.0118559618957 0.0278047050361 0.0119449579435 0.0139815238655 0.0340974988491 0.146383468497 0.0241753802115 0.0297298267839 -0.00529687198077 0.0181049542815 0.0159854509924 
-0.00764498824074 -0.0134028540014 0.0196089451503 -0.00652541841452 -0.0106697144401 0.00356777557641 0.0411479200806 0.0142360191106 -0.0123384276068 0.0492189596255 0.00846815948287 0.0182162138935 0.0216297350728 -0.0131010917076 -0.0116933336781 -0.0156282810098 0.0489527449632 0.031987412492 -3.93945586659e-05 0.0132449562333 -0.0196789410789 0.0227010575985 0.0670219934745 0.0198054702018 0.0126315256167 0.0220145153154 0.0294603053688 -0.00839571585292 0.0194346692459 -0.0167856218054 0.014204179303 0.0148185436787 0.00926058203353 0.00924202418532 0.0241753802115 0.247299661011 0.000648281811388 0.00675839136568 0.018738422807 -0.00324944723286 
0.00173267146878 0.0186456467806 0.00135994402618 0.0342319033884 0.0162263625781 0.00783753888344 0.0107555961148 0.0223326390406 0.00668037510677 0.0143049519195 0.0297815847124 0.00886471457223 0.00191443730777 0.00932029700385 0.0152012581027 0.0192005410263 0.0179835799347 0.00356442964545 0.0428934563983 0.0138299863464 0.0395818907752 0.0204239896835 0.00881636267887 0.0290926099103 0.000365666189361 0.0063046549052 0.00380315386704 0.00178190081162 0.0301265899618 -0.00119508634278 0.013908821794 0.0278956299221 0.00423082218099 -0.00184578154495 0.0297298267839 0.00064828181139 0.126086925556 0.0292262481819 0.0182146541585 0.00459730829387 
-0.000607946027732 -0.00222548470943 0.011758039609 0.0364315668327 0.00612411609657 0.000862834753006 0.0286770018705 0.0315861961553 0.0106296774991 0.0058773114178 0.00869332226364 0.01096008908 0.0080188219851 0.00699570773642 0.00355766767789 0.00646442530826 0.015519634953 -0.0144297676948 0.0485679829439 0.0176199674552 0.0349402184702 0.01206045954 0.0155625768549 0.0156236582004 0.0228125688723 0.0031731385683 -0.000917859588542 0.00795980318746 0.0121098260847 -0.0152784932157 -0.0105258599453 0.0186945544283 0.0123381673081 0.0192401952737 -0.00529687198077 0.00675839136568 0.0292262481819 0.150625725693 0.0322759974597 -0.00410794586314 
0.0168403783749 -0.0115193584178 0.00230910150949 0.038991123231 -0.00797761105575 0.0229718200326 0.0268790450739 0.0209124128374 0.00412429695754 0.0407765601196 0.0157072945388 0.00945232851228 0.0284626298848 0.0169982491538 -0.00990897672998 0.0125152026703 0.0412784211446 0.012239097104 0.0281606813693 0.0260072299441 0.040358457449 0.027122117165 0.01628399894 0.103418093904 0.00866994968444 0.0409100002196 0.00332705005248 0.0151476864264 0.0437562733 -0.00420232740908 0.0161339933887 0.0696652920338 0.0275927737574 0.0303013886637 0.0181049542815 0.018738422807 0.0182146541585 0.0322759974597 0.208701012742 0.0154402399295 
0.103258811832 -0.0273274209233 0.0238855106423 0.000553688190376 0.00182080440823 0.0191279654625 0.0143070932712 0.0327291813099 0.0174627579506 -0.0285450904188 0.0148747949951 0.00147484624405 0.0226820222766 0.026768016491 0.0174650805675 0.0916081188341 0.0164559963536 0.00714046177388 0.0023395630823 0.0101342389781 -0.00980868583493 0.00114442786063 0.00622033480191 0.0241092742499 0.0323332731889 0.0351100416324 0.0167665751537 0.00677422813445 0.0181484143612 0.0286839551156 -0.00447455285895 0.00318943571886 -0.0128334149219 -0.00339636477698 0.0159854509924 -0.00324944723286 0.00459730829387 -0.00410794586314 0.0154402399295 0.277390832788 
0.0284925959641 -0.00120139418647 -0.00019291354612 0.00163514742615 0.00123005059147 0.000656441090304 0.000112447896814 0.00208861635392 0.00277693087644 0.00242954779061 0.00227550898332 0.000306041888828 0.00204541835771 0.00372579538511 0.00169103825957 0.00598552856612 0.00175067599764 0.00356857368861 0.000125539548086 0.000726886136659 -0.00165414576086 0.00152298807403 0.00301735175173 0.00296053451816 0.00307441721965 0.00238173344823 0.000348516899951 0.00201380849603 0.000703156340992 0.00217981035127 0.00193771328906 0.00211909248988 0.000119662324417 0.000370932242381 0.0011491848627 -0.000662075402811 0.000150053750838 -5.26496704145e-05 0.0014584195482 0.00894247542114 
-0.00120139418647 0.234697966153 -4.72276746024e-05 0.00272622633246 -0.00123661869228 -0.000150682560972 -5.51251673813e-05 0.000145670900975 -0.00420220580216 -0.00201988239022 -0.00275533342036 -0.000637418512423 -0.000370874942505 6.44413043324e-07 0.000618357976389 -0.00523662375377 -0.000317803919234 -3.62067158487e-05 -0.000955824906641 -0.000385515604147 -0.00051036930774 -0.00292892292302 0.00704485803252 0.000978945475648 0.00637565076219 -0.000254317020133 0.0157376392754 -0.00164386583286 -0.00195722795853 0.00147361525376 -0.000586570820589 0.000197495521157 -0.00254570934893 -0.00145129715149 -0.00128287329289 -0.00116072120484 0.0016147603782 -0.00019273262941 -0.000997605702515 -0.00236662407395 
-0.00019291354612 -4.72276746025e-05 0.0366868505237 0.000949467678963 -0.000874410263293 0.00139881463139 0.00275709271731 0.000858877141494 0.00176697947818 0.000360047049171 -0.000573759725132 -0.000979734459616 4.15359480524e-05 0.000584493556959 -0.000160756453145 0.00388951955634 0.000442579390782 0.00153665253039 0.00122964174746 0.000243464460198 0.00225552362797 0.00152688507639 0.00190881956552 0.000332055243922 0.000597032729834 -0.000223944833699 0.00145432150257 0.000399767751023 0.00247732952903 4.53699011149e-05 -0.00155236958517 0.00158591658564 0.000829609891199 0.000860865830549 0.00295265615112 0.00169818446416 0.000117774607439 0.00101827610001 0.000199974056713 0.00206854589986 
0.00163514742615 0.00272622633246 0.000949467678963 0.0427917545014 0.00122616746274 0.00137191010002 0.00345721444141 0.0084270837361 0.00194896724235 0.00361416824774 -0.000178173981983 0.000589305001013 0.000739750463241 -0.000577493989547 0.0023894004045 0.00103997736758 0.000364648964111 -0.00103359886573 0.00319104162616 0.00185051609958 0.00430047852433 0.00241210862224 0.00030531241831 0.0041669991557 0.00123577257252 0.000696708116307 0.00145714735957 0.00239584755216 0.00220875183445 -0.000388092791432 0.000673220053048 0.00282298913307 0.00331627878913 0.000226246487096 0.001566327561 -0.00056511781173 0.00296456979542 0.00315506623768 0.00337673032402 4.79508038641e-05 
0.00123005059147 -0.00123661869228 -0.000874410263293 0.00122616746274 0.0598986663374 0.0015713470766 0.00213013737833 -0.00129886324442 -0.00102092240107 -0.00112246708111 0.00564204863919 -0.00114566329435 0.000120422207162 0.00193039872123 -0.000746577236572 4.93423788243e-05 -0.00115569736116 0.000781903008295 -0.000811446176059 0.00215425755256 0.00128749267931 0.00265117969281 0.00101914271031 0.000330393440188 -0.00136574741894 -0.000681797975908 0.00212126811306 0.0033978940638 0.00367522079367 0.00102443753684 -0.00167798109721 0.00169832465958 -0.00252737063396 0.0140806390571 0.00247702248648 -0.000924024375627 0.00140524422036 0.000530364011535 -0.000690881383579 0.000157686287285 
0.000656441090304 -0.000150682560972 0.00139881463139 0.00137191010002 0.0015713470766 0.0179283964346 0.00163298657754 0.00224354174459 -1.12262028125e-05 -0.00243268411358 -0.00341757125281 0.00085677809797 0.000567982724303 0.00179323940462 7.51748808696e-05 0.0028424727099 0.000451314980934 -0.000833398762357 0.00158232606798 0.000580100107843 0.000329391431204 -0.000285781071431 -0.00109822555173 0.0011429035503 0.000501298705232 0.00150638997306 0.0016180194708 -0.000228206236264 -0.000336075586558 0.00121582183744 0.000623904586281 0.00166870424225 0.000718374287914 0.000428076880582 0.000973879615807 0.000308978428417 0.000678750777621 7.47236815371e-05 0.00198941797194 0.00165653040133 
0.000112447896814 -5.51251673813e-05 0.00275709271731 0.00345721444141 0.00213013737833 0.00163298657754 0.0179578291513 0.00365781831522 0.00184195941024 0.00101540644572 0.000154472721335 0.00199347174284 0.00289185252347 0.00180426154927 0.00189824012231 0.00093514039021 0.00244517937162 0.00291368950544 0.00231512392368 -0.000120481058494 0.00114619026253 0.00387882880757 0.00195835589631 0.00202620944391 0.00371507998598 0.00168972664427 0.0015880530104 0.00133410678408 0.00239517854454 0.000856243904694 0.000343556678914 0.00282248303741 3.15980866954e-06 0.00232918630668 0.00255143814371 0.00356351441027 0.000931461946822 0.00248350121243 0.00232779358635 0.00123903062271 
0.00208861635392 0.000145670900975 0.000858877141494 0.0084270837361 -0.00129886324442 0.00224354174459 0.00365781831522 0.0481930991764 0.00220069915238 0.00387600565658 0.00102955145654 0.00089740266744 0.00167955977056 0.00328803850143 2.30161238674e-05 0.00126436274477 0.00099014261568 0.000631398796475 0.00184139540096 0.00190449394385 0.00223350871002 0.00397137620507 0.00324600314431 0.00381433817652 0.000783457912971 0.00571980776845 0.00132015993175 0.00160701090328 0.0023529068738 0.00371670152242 -5.48473051532e-05 0.0017048760685 0.00117926698069 0.00108085025976 0.00106363350159 0.00123287541985 0.00193406327427 0.00273544482794 0.00181106807716 0.00283443024594 
0.00277693087644 -0.00420220580216 0.00176697947818 0.00194896724235 -0.00102092240107 -1.12262028125e-05 0.00184195941024 0.00220069915238 0.0880280762378 0.00127592604169 0.00579747482583 0.00132768250659 -0.000405318739117 0.00203871349139 0.00235842758469 0.00316076388563 0.0012061759293 -0.00126947420284 0.00110861718569 -0.00123282205296 0.00161899399691 0.000830039375627 0.00229573573114 0.00101811367761 0.00414366157353 0.00376656961071 0.000920836022588 -0.000652732001607 0.00227659661163 0.000947547390526 -0.00228773434631 0.00103893370114 0.00208905650226 -0.000394863006686 0.00100794603655 -0.00106853917502 0.000578537454927 0.000920557074826 0.000357174593798 0.00151231920054 
0.00242954779061 -0.00201988239022 0.000360047049171 0.00361416824774 -0.00112246708111 -0.00243268411358 0.00101540644572 0.00387600565658 0.00127592604169 0.0260836740181 0.00107196790811 0.00179307784778 0.00341647311932 -0.00081234720581 0.00282961404491 -0.000127358328052 0.00530319060664 0.00269651780623 0.00137347978785 0.00223251932436 0.00245408694808 0.00551344644111 0.00225839122185 0.00501391825385 0.0029767144173 0.000452459793215 0.00163998274582 0.00235647211183 0.00319718917787 0.000299848113056 0.00142883856385 0.00328286610796 0.00149297226632 0.00214133687085 0.00284753046385 0.00426248693835 0.00123884517622 0.000508990099377 0.00353135369425 -0.0024720773456 
0.00227550898332 -0.00275533342036 -0.000573759725132 -0.000178173981983 0.00564204863919 -0.00341757125281 0.000154472721335 0.00102955145654 0.00579747482583 0.00107196790811 0.0591899981533 -0.000618185503387 0.00281663462192 0.00382945647403 7.97931700449e-05 0.00154197800203 0.000261409238689 -0.00133466871065 0.000928685574948 0.00326020340561 0.00120070910412 0.0010398629459 0.0206077053466 0.00111651198628 0.00545814472071 0.00388655903633 0.00435118687293 -0.000227277508157 0.00140518394624 -0.000917251727789 -0.00078386737472 0.00123289744382 0.00151422027315 0.00117786582742 0.00113154840216 0.000733364123547 0.00257916089259 0.00075286379236 0.00136029160954 0.00128819503418 
0.000306041888828 -0.000637418512423 -0.000979734459616 0.000589305001013 -0.00114566329435 0.00085677809797 0.00199347174284 0.00089740266744 0.00132768250659 0.00179307784778 -0.000618185503387 0.0131374024289 0.00209208934977 -0.000275308802553 0.00149390914735 0.000663924233909 0.00456642821614 0.00180145096359 0.00110843131526 0.00149555747049 0.00133037399712 0.00113071524555 -0.00129613845593 0.00131653883443 0.000398384683089 0.00123480387778 0.00114505695033 0.000442940230515 0.000373442774508 0.00132426652592 0.00148929805273 0.0006406331862 0.000232348086568 0.000785831344245 0.00260940956 0.00157757039925 0.000767706801685 0.000949171557102 0.000818595661655 0.000127725431402 
0.00204541835771 -0.000370874942505 4.15359480524e-05 0.000739750463241 0.000120422207162 0.000567982724303 0.00289185252347 0.00167955977056 -0.000405318739117 0.00341647311932 0.00281663462192 0.00209208934977 0.0375809481407 0.00074551437735 0.000811694095103 0.000620079243459 0.00458762584482 0.00419239771662 0.000958093199549 0.00188758457321 0.00129579899528 0.00581779404034 0.00516400275402 0.00232821767518 0.00395910139274 0.00198326443509 0.000846290916519 0.0027128807007 0.000153533792808 0.0014325005896 0.00222171365903 0.000887736263919 0.00231234631916 0.00135240268975 0.00177080390074 0.00187319000502 0.000165795134248 0.000694450354753 0.00246493605387 0.00196432075008 
0.00372579538511 6.44413043418e-07 0.000584493556959 -0.000577493989547 0.00193039872123 0.00179323940462 0.00180426154927 0.00328803850143 0.00203871349139 -0.00081234720581 0.00382945647403 -0.000275308802553 0.00074551437735 0.106711536932 -0.0015670893104 0.00973201417494 0.002380682788 0.000511416026851 0.000585418444743 0.00864002302999 -0.00107128968877 0.00170357456086 0.00313802270483 0.00234120105782 -0.00184873220296 -0.000738245238362 0.00197753688365 0.003189980348 0.00275718755002 0.00184135507544 -0.000471595404507 0.00280531018843 0.000552980104652 0.00472149588262 2.88761861628e-05 -0.00113458782361 0.000807161397615 0.000605846061719 0.00147209155871 0.00231817822901 
0.00169103825957 0.000618357976389 -0.000160756453145 0.0023894004045 -0.000746577236572 7.51748808696e-05 0.00189824012231 2.30161238673e-05 0.00235842758469 0.00282961404491 7.9793170045e-05 0.00149390914735 0.000811694095103 -0.0015670893104 0.0310292606651 0.000449671563608 0.00166059013559 0.00211088846568 0.00108465926349 -3.08600994779e-05 0.000379338951836 -0.000198500749237 -0.00211681829307 0.000496185549234 0.00164406504914 -0.00058159807504 0.000886353638139 -0.000705132755885 0.0010912800753 0.00268094253107 0.00218949589606 0.00212329150676 0.00115975473724 0.000108562449685 0.000783855561312 -0.00101267240202 0.00131646756864 0.000308103058728 -0.000858142557367 0.00151252034506 
0.00598552856612 -0.00523662375377 0.00388951955634 0.00103997736758 4.93423788245e-05 0.0028424727099 0.00093514039021 0.00126436274477 0.00316076388563 -0.000127358328052 0.00154197800203 0.000663924233909 0.000620079243459 0.00973201417494 0.000449671563608 0.0330785821681 0.00259305360347 0.00120145433179 0.000971913864255 0.00297789057369 0.00134148672717 0.00185558406768 0.00113054158812 0.00271979075106 0.00307648260814 0.00308433125315 0.00139420127087 0.00308988775001 0.00150264801191 0.00487234362762 0.000731243656173 0.00235745611419 -0.000710165929543 0.00151812965195 0.00268294802834 -0.0013534488372 0.00166281562952 0.000559835653782 0.0010838483446 0.00793349581033 
0.00175067599764 -0.000317803919234 0.000442579390782 0.000364648964111 -0.00115569736116 0.000451314980934 0.00244517937162 0.00099014261568 0.0012061759293 0.00530319060664 0.000261409238689 0.00456642821614 0.00458762584482 0.002380682788 0.00166059013559 0.00259305360347 0.0250207006318 0.00195189299003 0.000791519912719 0.00173193163416 0.00288548020086 0.00460077211432 0.00436324254802 0.00305168309795 0.000959327065662 0.00389463119802 0.00114101708578 0.00305295680104 0.00225623368198 0.00189695409307 -0.000125732044072 0.00421543684535 -0.000802417278998 0.00173699036427 0.00179025692815 0.00423943207231 0.00155742370744 0.00134403981267 0.00357481613393 0.00142513108868 
0.00356857368861 -3.62067158486e-05 0.00153665253039 -0.00103359886573 0.000781903008295 -0.000833398762357 0.00291368950544 0.000631398796475 -0.00126947420284 0.00269651780623 -0.00133466871065 0.00180145096359 0.00419239771662 0.000511416026851 0.00211088846568 0.00120145433179 0.00195189299003 0.0316403240942 0.000659749133438 0.00144430743995 -0.000270866876958 0.00291440503115 0.00325305758825 0.00167884500277 0.00153319058151 0.00183204291915 0.000499960054194 0.00299429904846 0.00329612162302 0.00204039786428 0.000614129705663 0.0018270036409 -0.000619223357353 0.00183964750992 0.000956029587231 0.00277019118194 0.000308688662296 -0.00124965453944 0.00105993690115 0.000618382129093 
