50
0.0142076594304 0.0524452719686 0.201887649263 0.330982708656 0.036872425502 0.073470583658 0.148588071013 0.0445346556631 0.0461662895592 0.0408230851415 0.0716337087719 0.0445332570478 0.133040507733 0.0213104348082 0.124759587163 0.0477990277318 0.0564449965361 0.0729384759615 0.101801748802 0.155431064381 0.0411806556966 0.138189015222 0.00633581846688 0.0605665428979 0.0773544805674 0.0205902908148 0.0539269159384 0.234070828585 0.119808933935 0.126841392599 0.0472299451056 0.158066549078 0.0415097954764 0.112605751981 0.0499403633474 0.0132966740539 0.424855775916 0.0637387331612 0.0038222736377 0.00108215816497 0.0324129219316 0.110057805124 -0.00660692339257 0.0669670800901 0.0756818342608 0.0771685990004 0.0904248988876 0.12260521459 0.0520830917934 0.0506400072768 
0.127717386766 0.0154165606746 0.00585295444077 -0.00583137701698 0.00347593582442 0.00956108462703 0.00391831453825 0.0165209859445 0.00712593764576 0.0155197386132 -0.00382573226278 0.0138448953202 -0.00420704183716 -0.00448182821578 -0.00919054160133 0.0095660492281 0.0116412828272 0.0109638666039 0.0144489403503 -0.00279181384571 0.0111444589499 0.00136038287028 0.00100876731931 0.0169736306692 0.0121185761277 0.00228739005774 -0.00081657452481 0.0151871996203 -0.00528818684742 0.0173347521472 0.0167311221782 0.00298739377644 0.00773656751556 0.000622955234344 0.00684453503824 0.00516099997075 -0.0136998573119 -0.00632087575683 0.0155078236264 0.017736564595 0.00661260172499 0.00391043986358 0.00967595636777 0.0151312005426 0.0149278640314 0.00402501906102 -0.0101914461152 0.00463388201671 0.0087367149224 0.00931180154232 
0.0154165606746 0.245959425124 0.0290566030162 -0.0255289606994 0.00122551408318 0.0321621916115 0.0132933028463 -0.0131068351225 0.0256694262687 0.0250376209851 0.00177559619252 0.0105249528289 0.0355761499047 0.0235364223398 0.0388798685365 0.00998095525503 -0.00912939724808 0.0343090522624 0.0246679227559 0.0264563865024 0.0165773570939 0.0329844104024 0.042105343106 0.0283396103626 0.0355626459935 0.0328192524005 0.0269738050916 0.0557201270606 0.00296661931629 0.0136881567933 0.013768968146 -0.00766224077236 0.0235024454974 0.0339258157896 0.00418340922029 0.018575995337 -0.00667595630706 -0.00957476599115 0.0184664254428 0.0279433518359 0.0142655583006 0.0408703220795 0.0248294286577 0.0394321248784 0.0341588406797 0.0354514574235 0.00202844348749 0.0208642399935 -0.00417092939918 0.0226320329811 
0.00585295444077 0.0290566030162 0.768428556926 0.00552280295105 0.0221693378192 -0.0121742595042 0.00473084277852 0.0145821005404 -0.00804869673315 -0.00251516754313 -0.00686122193486 -0.0184389039529 -0.0177009282563 0.0682813558584 0.016425868263 -0.0075999546015 0.00824575117325 0.0265268342984 -0.0113702124442 0.11361615736 0.00515547316375 0.0183287937697 -0.00138902636937 0.0286827633947 0.0605305253092 0.0321048657301 0.0282845184571 0.0777445312887 -0.00754877431824 0.0104849507677 -0.0307504194143 -0.00305875491721 -0.0102329908346 0.0272101644992 -0.0126898555868 0.0110334053098 0.00533742822714 0.00338713476747 0.00414513960365 0.0114215283547 0.00956748167334 0.00354501030754 0.0130756713717 -0.00857950297881 -0.0087452911959 0.0133986891718 -0.0114127764489 -0.0128410890065 0.0113054317185 0.0121564350589 
-0.00583137701698 -0.0255289606994 0.00552280295105 1.01115711872 0.0411307822625 0.0756102793408 0.0213833708371 0.018989853141 0.00727689584399 0.00286396398765 -0.00375631453905 0.0105344459037 -0.00294155646832 0.0343912475664 0.0453704433559 0.0193869810787 0.027373027238 0.00269339502445 0.0219390444296 0.0547632225492 0.00188910848113 0.00359100367861 0.0023139446625 0.0147475483898 0.0283625663539 0.0371949120419 -0.00121043468252 0.0238455424782 0.0396430326504 0.028482798054 0.018569905242 0.0586808756808 0.0222738747259 0.0108705330307 0.0264690838846 0.0100440850562 -0.022622940635 0.0181560678791 -0.0111280264019 0.0177015753248 0.0431993841203 -0.00798773175627 0.00412638464629 -0.0104307460799 0.0164600306939 0.023408798643 0.0116651491111 0.0185160435786 0.00836340879581 0.0321291540931 
0.00347593582442 0.00122551408318 0.0221693378192 0.0411307822625 0.163871534493 0.0257957489584 -0.00312289629786 -0.0130092856894 0.0112348329417 -0.00195625238318 0.0164066445976 0.0129391836735 -0.00297214201257 -0.000578349214355 0.0224474267124 0.0243613264174 0.013508858037 0.0100929984134 0.0167340511856 -0.00253110676267 0.010916142393 0.03219964004 0.00859852635796 0.0292687597216 0.0402448832579 0.0102171959103 0.00592715527263 -0.00758583874247 0.00165292053961 -0.0252559710033 0.0249715947456 0.0118369323976 -0.00993746665276 0.0157321486349 0.0239037166993 -0.0036776415071 0.0190344052736 -0.00438565819294 0.0159312378588 0.00314603628466 0.0140450445667 0.0339809858381 0.0234172816596 0.00720031463751 0.00811713682315 0.019702801826 0.00667799485159 0.0209178585033 0.0313216132149 0.00407451400465 
0.00956108462703 0.0321621916115 -0.0121742595042 0.0756102793408 0.0257957489584 0.422808821152 0.0296571912583 0.069589032078 0.00892554032664 0.0106397436636 -0.00444912309234 0.00320795570248 0.0950957690536 0.00785811318561 0.0164862570062 0.0261874338366 0.0464310295879 0.024414468754 0.0527175925353 0.00915570051311 0.00532989664025 0.0614289537183 0.017120657868 -0.00123191878069 -0.00526626516919 0.00868362391066 0.0233598830202 0.00861047776601 0.0423871003062 0.042584651123 0.0273604042505 -0.0201221578644 0.0809303172331 0.09358785043 0.046394287989 -0.0143758858127 -0.0309184251555 0.0286761283593 0.01571905302 0.0333429071094 -0.0156764271104 0.0269982565156 0.0364532702397 0.00851079914649 0.0159982381622 0.0214296773744 0.0716262041433 0.0358633043882 0.0115010009999 0.0297041941418 
0.00391831453825 0.0132933028463 0.00473084277852 0.0213833708371 -0.00312289629786 0.0296571912583 0.464129580034 0.0204452370133 0.0294931030997 0.0246241394814 0.0158065991063 0.00734932203991 -0.0166520390824 0.00482599771198 0.0237050892575 0.0351156647317 0.0120304702852 -0.0173804911897 0.0181005677897 0.055510692567 0.0283553353179 0.0110273831058 0.0128769990212 0.0180472876682 0.0439344009919 -0.0115189465976 0.0259872286958 0.0387535236212 -0.0205073173112 0.0324215515986 0.0113159631413 -0.0161751452398 0.0089223300598 -0.00977994714374 0.0122293201194 0.0067201511822 0.0574279430922 -0.0146886870661 0.00436725368563 0.0269674355121 0.0673058298906 0.0552236480921 0.0275549491224 0.0283722003225 0.00771478730813 0.0276979361743 -0.00516181189975 0.0272430261478 -0.000887756023403 0.0479929149607 
0.0165209859445 -0.0131068351225 0.0145821005404 0.018989853141 -0.0130092856894 0.069589032078 0.0204452370133 0.604380861786 0.0300951371223 -0.0054922996358 -0.0106299532762 0.010325629328 0.014764585198 0.0336234416446 -0.0272236273192 -0.00868978634188 0.0268469583239 0.0173554474301 -0.00384952064957 -0.0113328745045 -0.00912718251679 -0.00377869088513 -0.00964242730775 0.0380406471287 0.00895533442092 -0.0191322345091 0.00998294744752 0.00141611541392 -0.0289448556498 0.00652064461445 -0.00177900375894 0.00454282395146 0.0660986312981 0.100819279507 0.0242912680934 -0.00199493401771 0.000182300384566 0.0902562119701 0.0269419116684 -0.00301625408171 0.0191787759051 0.0347640184659 0.00532378778167 0.0186342921628 0.0209743476264 0.0246468090166 -0.00767775318102 0.00370037758116 0.0140726596162 0.0357796125542 
0.00712593764576 0.0256694262687 -0.00804869673315 0.00727689584398 0.0112348329417 0.00892554032664 0.0294931030997 0.0300951371223 0.330868768553 0.00645345477137 -0.00173198772105 0.0241905994011 -0.017125008818 0.0119194699381 0.000263318985866 0.0164283315348 0.0111027691031 0.0295235289462 0.00604788337424 0.0107391782828 0.0127216457737 0.0130307199076 0.00429561023667 0.00481596345153 0.0564123888114 0.00512622624627 0.0121056303291 0.0608026468159 0.023442842302 0.0172506319418 0.0568989529508 -0.013002299941 -0.00526569392851 0.0200215699521 -0.00564086552274 0.00450188431363 0.0244267166518 -0.000172467202951 0.0127261357652 0.0349318737868 -0.0164472306129 0.0498355499405 0.0304493416442 0.0281123242559 0.0072181746711 0.00586802752961 -0.0102909425976 0.0135002193059 0.0289439448524 0.0560420792162 
0.0155197386132 0.0250376209851 -0.00251516754313 0.00286396398765 -0.00195625238318 0.0106397436636 0.0246241394814 -0.0054922996358 0.00645345477137 0.196001186815 0.0146971461448 -0.00228763010295 0.00856705452007 0.0393075413799 0.0515847749595 0.021007008064 -0.00108847523594 0.0186616621331 0.0131912180278 0.0130279254891 0.0241787462235 0.00783034957864 0.0167432265442 0.0182312487645 0.0131373821987 0.0233966010941 0.0131860514949 0.00662481818725 0.00133442570785 -0.0166814277354 0.0120471293706 -0.00310030066091 0.00323153122667 0.0128961261721 0.0178813550178 0.0189599931816 -0.00524743531064 0.0146027145999 0.0230218327675 -0.00452577947157 0.00281239165986 0.0354906030369 0.0160923736501 0.0466956395373 0.0123795599543 0.0339188571456 0.0116213248964 0.0095308562324 0.0106018297976 0.0343428278548 
-0.00382573226278 0.00177559619252 -0.00686122193486 -0.00375631453905 0.0164066445976 -0.00444912309234 0.0158065991063 -0.0106299532762 -0.00173198772105 0.0146971461448 0.178004098163 0.00929173022723 0.00305250374665 0.00972228937459 -0.00299093502956 0.0225471661009 0.0148543504491 0.00299140548955 0.00503591080662 0.0193525717863 0.0222788844519 0.00679883395317 0.0216946088071 0.0115631791385 0.0109271674887 0.0118598307725 0.00448691327876 -0.00157488592215 0.0100102174166 0.0134801795901 0.00409621034224 0.00893275216619 0.00651825245148 -0.00136161797866 0.00387431357105 0.00200175860975 -0.0097345886883 0.0107662758708 0.0307521549596 -0.00739062772954 -0.00595774713089 0.0163910009614 0.0119935569855 0.0174565366588 0.0288058762458 0.0200780513715 0.0128044625125 0.0260362642902 -0.00211523241647 0.03117548254 
0.0138448953202 0.0105249528289 -0.0184389039529 0.0105344459037 0.0129391836735 0.00320795570248 0.00734932203991 0.010325629328 0.0241905994011 -0.00228763010295 0.00929173022723 0.165591757909 0.00361928799336 0.0145081558119 -0.00866528549577 0.0455784409511 0.0112585396412 -0.0146719169445 0.0144047428635 0.00238191443008 0.00890700027635 0.0413297317695 -0.00348707883649 0.00184286631967 0.0176554883296 -0.00844082977815 0.00079465841803 0.0234042718662 -0.00845031031919 -0.027174476196 0.0397315320111 -0.00678393028704 -0.0143102959796 0.000810344511739 0.00511101306963 0.0416461867255 0.0200546012794 -0.00597533225819 -0.00242869170626 0.00986392216118 0.00938581690929 0.0169908946351 0.00467157692224 -0.00182246476165 -0.00546347456237 0.00836602200711 0.0069488159224 0.00315470441288 0.0242209437914 0.0153819341723 
-0.00420704183716 0.0355761499047 -0.0177009282563 -0.00294155646832 -0.00297214201257 0.0950957690536 -0.0166520390824 0.014764585198 -0.017125008818 0.00856705452006 0.00305250374665 0.00361928799336 0.403722862703 -0.0123813812069 0.00353664436784 0.00714083343663 0.0743754258141 -0.00362126703401 0.0365734787669 0.0313609393786 -0.00114905082615 0.0208475305418 0.00694135229025 0.00354225239241 -0.00250078181162 0.0209599049923 0.00314311587596 0.00739716618561 5.23454521978e-05 0.0232456291404 0.0177027490989 0.0106234374246 0.146818348531 0.142234968748 0.0334642363822 -0.00484554692169 -0.0460923180843 0.0939906988905 0.00527630855084 0.0209070662926 0.00779456243794 0.0449400561439 -0.000364803553265 -0.0217354035829 -0.0015927239521 0.0249413110641 0.159736150635 0.0266110131626 0.0350000830695 0.0118998439404 
-0.00448182821578 0.0235364223398 0.0682813558584 0.0343912475664 -0.000578349214355 0.00785811318561 0.00482599771198 0.0336234416446 0.0119194699381 0.0393075413799 0.00972228937459 0.0145081558119 -0.0123813812069 0.334948623915 0.0322361079774 0.0112394886705 -0.00429756645087 0.0240165682381 0.0144033137487 0.0335648160589 0.00362650000293 0.0194585830315 0.0179424473532 0.0163983863654 0.0228268721109 0.0219869843948 0.0377429445321 0.0618683764283 -0.0183212626201 0.00818973691152 0.0103725585617 0.00199409002472 0.00381030797795 0.0255507646636 -0.00135159800942 0.0144678552272 0.00672988423091 -0.0120200556345 0.00717642142111 0.00494716878556 0.00138098035195 0.0436318348353 0.0396216080804 -0.0132780868957 0.012477638839 0.022994715722 -0.0104395675098 0.00418821475959 -0.0173426594366 0.0425446374497 
-0.00919054160133 0.0388798685365 0.016425868263 0.0453704433559 0.0224474267124 0.0164862570062 0.0237050892575 -0.0272236273192 0.000263318985866 0.0515847749595 -0.00299093502956 -0.00866528549577 0.00353664436784 0.0322361079774 0.312219650099 0.0308919719172 0.00296956203094 0.0217692871021 5.55769118261e-05 0.0222133030511 0.0360829923282 0.0310985217297 0.014480098151 0.00913949547911 0.00491527669452 0.0556287129305 0.0359944271931 0.0722397652445 0.0107458542686 -0.00951877092276 0.018678866265 0.0246778348528 0.0307529093058 0.0523387416613 0.015875901846 0.00944325607375 -0.0251028544577 0.0169657513819 0.0109295672426 -0.011360316633 -0.00185946396147 0.0346595663478 0.01885151969 0.0139803524854 0.0162368785578 0.000369786397432 0.0147089291472 0.0342221219976 0.00621334822284 0.00953987633075 
0.0095660492281 0.00998095525503 -0.0075999546015 0.0193869810787 0.0243613264174 0.0261874338366 0.0351156647317 -0.00868978634188 0.0164283315348 0.021007008064 0.0225471661009 0.0455784409511 0.00714083343663 0.0112394886705 0.0308919719172 0.244018089486 0.024023580494 -0.0200062325114 0.0135734675247 0.0181335583451 0.0290978159055 0.031550594771 0.00338610030328 0.0212333784093 0.0509299151477 0.0127869412719 0.0222639803808 -0.0127780709913 -0.00771365286924 0.0544110595647 0.0933298316048 0.00815116011311 -0.00604963915503 -0.00241654514369 0.0415851789836 -0.00155642235572 -0.0153515185151 -0.0018409762293 0.0231817343384 0.011329361025 -0.00390352305848 0.0251356416021 0.0220191288924 0.0179812242906 0.00599873355628 0.0259705342476 0.0154555316728 0.0107890866436 0.0100403894692 -0.0170266590376 
0.0116412828272 -0.00912939724808 0.00824575117325 0.027373027238 0.013508858037 0.0464310295879 0.0120304702852 0.0268469583239 0.0111027691031 -0.00108847523594 0.0148543504491 0.0112585396412 0.0743754258141 -0.00429756645087 0.00296956203094 0.024023580494 0.244927754692 0.0169920318892 0.01525915169 0.0256617893341 0.003523409206 0.0195613188747 0.00598977021264 0.0346853122719 0.00291371149471 0.0395777232962 0.0184858777537 0.0164169478528 0.0372940310393 -0.0189172890275 0.0190817507364 -0.0132676801891 0.0353546339226 0.0479384384149 0.0490606642875 0.0123489635791 0.0023956209479 0.0280946694244 0.0188074935143 0.0232640607505 -0.0107120272344 0.0361945434385 0.00408726991804 -0.00562587560386 0.00114947735095 0.0303849465526 0.0398329960686 0.0046492652006 0.0576985167283 -0.002114543859 
0.0109638666039 0.0343090522624 0.0265268342984 0.00269339502445 0.0100929984134 0.024414468754 -0.0173804911897 0.0173554474301 0.0295235289462 0.0186616621331 0.00299140548955 -0.0146719169445 -0.00362126703401 0.0240165682381 0.0217692871021 -0.0200062325114 0.0169920318892 0.313700964279 0.0182400852307 0.00301857297266 0.026171754466 0.0216362636054 0.0228171871399 0.00617471688879 0.00587513911463 0.00812545022742 0.00217931628468 0.0206718661117 -0.00354064853865 -0.029944557604 -0.0180844613251 -0.00540761091402 0.0141089224878 -0.00209537069287 0.0163818481621 0.00136708973437 0.015970108588 0.00351521851834 0.0160788897361 0.0114437091647 0.0435925216166 0.0116938636473 0.0359121881278 0.00448647116272 0.0320233748739 0.0167029573026 -0.000628749224991 0.027611159596 -0.00500301722942 0.0262557078142 
0.0144489403503 0.0246679227559 -0.0113702124442 0.0219390444296 0.0167340511856 0.0527175925353 0.0181005677897 -0.00384952064957 0.00604788337424 0.0131912180278 0.00503591080662 0.0144047428635 0.0365734787669 0.0144033137487 5.55769118257e-05 0.0135734675247 0.01525915169 0.0182400852307 0.293527208523 -0.000719871043262 0.0211973053379 0.0319263337353 0.00131551103735 0.00115506055951 0.00428429346991 0.0215511829316 0.00210220576516 0.0494956442695 0.026550696402 0.0149525577543 0.00360073545953 -0.00712627716848 0.0196874529742 0.0185233684749 0.049553008152 0.0490568615595 0.00283970034893 0.00207624011886 0.016230330078 0.0116148261006 0.00556271640544 0.0247284379639 0.0107940312911 -0.0158804990124 -0.00204607367415 0.00709274388146 0.0246202637327 0.015728048501 0.00368637730074 -0.00393797603454 
-0.00279181384571 0.0264563865024 0.11361615736 0.0547632225492 -0.00253110676267 0.00915570051311 0.055510692567 -0.0113328745045 0.0107391782828 0.0130279254891 0.0193525717863 0.00238191443007 0.0313609393786 0.0335648160589 0.0222133030511 0.0181335583451 0.0256617893341 0.00301857297266 -0.000719871043264 0.690155459834 -0.00132888124653 0.0447111187112 0.0107144814345 0.0118137552871 0.00836238400096 -0.00222405473269 0.00388496980554 0.00710148002726 0.0397029244797 -0.0101141078782 0.0418525147105 0.00983017450596 0.00735092239854 0.0379883654731 0.0274618945691 0.00836082777781 0.0323451414493 0.0174800750407 0.0154649167137 -0.00169388339274 0.0233701540034 0.0503019902265 0.000832822287231 0.00784338249374 0.0491324674476 0.0408989782856 -0.0138816975002 0.0166361758523 0.00414810446566 0.021411377566 
0.0111444589499 0.0165773570939 0.00515547316375 0.00188910848113 0.010916142393 0.00532989664025 0.0283553353179 -0.00912718251679 0.0127216457737 0.0241787462235 0.0222788844519 0.00890700027635 -0.00114905082615 0.00362650000293 0.0360829923282 0.0290978159055 0.003523409206 0.026171754466 0.0211973053379 -0.00132888124653 0.180534814389 0.014992344369 0.0263921528569 0.0100419859036 0.0122292380236 0.0261553422218 0.0190746681419 0.0761211474729 0.00134050736617 -0.00907064668974 0.00970553468339 -0.0265263017412 -0.000594768939531 -0.00947614828751 -0.00573911689298 0.00525596159354 0.0123913161937 0.0179564278139 0.0102507263919 0.00454695691071 0.0168655335642 0.0317120476719 0.0193635877946 0.0428850434488 -0.00597051585103 0.0223821417166 0.00719689095174 0.032031838481 -0.00161620972078 0.0129140058138 
0.00136038287028 0.0329844104024 0.0183287937697 0.00359100367861 0.03219964004 0.0614289537183 0.0110273831058 -0.00377869088513 0.0130307199076 0.00783034957864 0.00679883395317 0.0413297317695 0.0208475305418 0.0194585830315 0.0310985217297 0.031550594771 0.0195613188747 0.0216362636054 0.0319263337353 0.0447111187112 0.014992344369 0.287040293376 0.0202029031021 0.0108104091213 0.0379424654092 0.0118232135088 0.0400135835297 0.059612353689 0.0381113582794 0.00738607626432 0.0352125899537 -0.006028764708 -0.00802424305206 0.0057606718794 -0.00506926934496 0.0382132966705 -0.00528830033422 0.0338093145546 0.0187254586361 0.00442303828242 0.00524150677767 0.0469584086468 0.0321366652249 0.0082484033173 0.0224581034495 0.0326722758616 0.0183128409882 0.0611120279878 0.0401814399045 0.0495502499547 
0.00100876731931 0.042105343106 -0.00138902636937 0.0023139446625 0.00859852635796 0.017120657868 0.0128769990212 -0.00964242730775 0.00429561023667 0.0167432265442 0.0216946088071 -0.00348707883649 0.00694135229025 0.0179424473532 0.014480098151 0.00338610030328 0.00598977021264 0.0228171871399 0.00131551103735 0.0107144814345 0.0263921528569 0.0202029031021 0.184609806266 0.00857553267588 0.0284723578195 -0.00647430028653 -0.00448491564799 0.0325361875959 -0.00738202958134 0.0169671017166 0.00825811164643 0.00637546481344 -0.018961458291 -0.000642946102624 0.00403930709744 0.0399767752276 0.0269080555452 -0.00366326173627 0.00177044590929 0.0220982817624 0.0183044767673 0.0551032460245 0.0289513386321 0.0374125460402 0.0271393828916 0.0153347587563 -0.00213379595787 0.0281491894461 0.00734419359833 0.0176325897554 
0.0169736306692 0.0283396103626 0.0286827633947 0.0147475483898 0.0292687597216 -0.00123191878069 0.0180472876682 0.0380406471287 0.00481596345153 0.0182312487645 0.0115631791385 0.00184286631967 0.00354225239241 0.0163983863654 0.00913949547911 0.0212333784093 0.0346853122719 0.00617471688879 0.00115506055951 0.0118137552871 0.0100419859036 0.0108104091213 0.00857553267588 0.246676247914 0.0207027900255 -0.00309497828874 0.0203435815068 -0.0179884880783 -0.00434947378832 0.00476833745667 0.0375809835988 0.00583954485853 -0.0199909425071 0.0147531639857 0.0177786471318 0.00859945457903 0.00432858005869 -0.0210775313858 0.0187045154358 -0.00276306001229 -0.00357495052797 0.045258744479 0.0150864167246 0.0140473760531 -0.00524035715244 0.0385577429999 0.0173789624847 0.0138557101664 0.0278445312677 0.0345203736788 
0.0121185761277 0.0355626459935 0.0605305253092 0.0283625663539 0.0402448832579 -0.00526626516919 0.0439344009919 0.00895533442092 0.0564123888114 0.0131373821987 0.0109271674887 0.0176554883296 -0.00250078181162 0.0228268721109 0.00491527669452 0.0509299151477 0.00291371149471 0.00587513911463 0.00428429346991 0.00836238400096 0.0122292380236 0.0379424654092 0.0284723578195 0.0207027900255 0.267612192434 0.027682639155 0.0377122113612 0.024020290572 0.0135841555771 0.0164404375884 0.0436947331811 -0.000853645317683 0.0120851640872 0.0299037576489 0.00959544152119 0.0127469680659 0.0223307960223 -0.0417234026366 0.00604511045119 0.0301895588621 0.000333007483262 0.0589107259309 0.0176965818708 0.0413814666382 0.0231427099585 0.0360389009491 -0.00322488950038 0.0168214100893 -0.000685563050559 0.038995810618 
0.00228739005774 0.0328192524005 0.0321048657301 0.0371949120419 0.0102171959103 0.00868362391066 -0.0115189465976 -0.0191322345091 0.00512622624627 0.0233966010941 0.0118598307725 -0.00844082977815 0.0209599049923 0.0219869843948 0.0556287129305 0.0127869412719 0.0395777232962 0.00812545022742 0.0215511829316 -0.00222405473269 0.0261553422218 0.0118232135088 -0.00647430028653 -0.00309497828874 0.027682639155 0.287944626592 0.0259776117535 0.0426525913147 0.0230317462018 -0.000755083144985 0.0051730794572 0.0138691557192 0.0253272252528 0.0171679157527 0.0262975733116 -0.00220767896434 0.049051776828 0.00136468505501 0.0145339766402 -0.00055460698382 0.0191861625521 0.0298137984168 0.00272203025619 0.0190116649066 0.00142137785196 0.00815669898805 0.00251540737496 0.0312922892669 0.0078499385587 0.0186741926806 
-0.000816574524809 0.0269738050916 0.0282845184571 -0.00121043468252 0.00592715527263 0.0233598830202 0.0259872286958 0.00998294744752 0.0121056303291 0.0131860514949 0.00448691327876 0.00079465841803 0.00314311587596 0.0377429445321 0.0359944271931 0.0222639803808 0.0184858777537 0.00217931628468 0.00210220576516 0.00388496980554 0.0190746681419 0.0400135835297 -0.00448491564799 0.0203435815068 0.0377122113612 0.0259776117535 0.220252904652 0.0387996444553 -0.0261571264149 0.00346062151089 0.0302609669821 -0.00260958083348 0.00975696014931 0.0333511002511 0.00953675124821 0.0035044630215 0.00149924021164 -0.0040866454346 0.0265802435316 0.0162704123927 0.00322667130977 0.0363316274757 0.00638360080729 -0.00239190403039 0.0145934539767 0.0355968984017 -0.00358151620588 0.0086716992433 0.0204581783115 0.0303630654741 
0.0151871996203 0.0557201270606 0.0777445312887 0.0238455424782 -0.00758583874247 0.008610477766 0.0387535236212 0.00141611541392 0.0608026468159 0.00662481818725 -0.00157488592215 0.0234042718662 0.00739716618561 0.0618683764283 0.0722397652445 -0.0127780709913 0.0164169478528 0.0206718661117 0.0494956442695 0.00710148002726 0.0761211474729 0.059612353689 0.0325361875959 -0.0179884880783 0.024020290572 0.0426525913147 0.0387996444553 1.00708956654 0.0408236601667 0.00484049619928 0.0263803338866 0.0329294170857 0.0238169166389 0.0488889477646 -0.0124833134943 0.0760263182043 -0.000824284545238 0.0260782776401 0.0281637902523 0.0206358593633 0.0108444874386 0.0461369807394 0.020156474132 0.0171293203156 -0.000844500950896 0.0511357691444 -0.00391592499403 0.0238449208283 0.00588480754911 0.0140342735545 
-0.00528818684742 0.00296661931629 -0.00754877431824 0.0396430326504 0.00165292053961 0.0423871003062 -0.0205073173112 -0.0289448556498 0.023442842302 0.00133442570785 0.0100102174166 -0.00845031031919 5.23454521979e-05 -0.0183212626201 0.0107458542686 -0.00771365286924 0.0372940310393 -0.00354064853865 0.026550696402 0.0397029244797 0.00134050736617 0.0381113582794 -0.00738202958134 -0.00434947378832 0.0135841555771 0.0230317462018 -0.0261571264149 0.0408236601667 0.634173624675 0.0442368642133 -0.0117314704881 0.00962853316453 0.00749238571737 -0.00401979444686 0.00744862427059 -0.00843285916017 0.0532768983011 0.0235502067117 0.00915076130143 -0.0245267632112 0.000506804077466 -0.0386353337193 -0.00283809748701 -0.012189120585 0.00698949444095 0.00695726051173 0.0243901978533 -0.0179117082614 0.0358145316451 0.00171212110959 
0.0173347521472 0.0136881567933 0.0104849507677 0.028482798054 -0.0252559710033 0.042584651123 0.0324215515986 0.00652064461445 0.0172506319418 -0.0166814277354 0.0134801795901 -0.027174476196 0.0232456291404 0.00818973691152 -0.00951877092276 0.0544110595647 -0.0189172890275 -0.029944557604 0.0149525577543 -0.0101141078782 -0.00907064668974 0.00738607626432 0.0169671017166 0.00476833745667 0.0164404375884 -0.000755083144984 0.00346062151089 0.00484049619928 0.0442368642133 0.872466432975 0.00682964553081 -0.0140443604168 0.00577049039414 0.00861158158982 0.0408044653204 -0.0160500861186 -0.00810367518944 0.0223437052617 0.00410133159058 0.00877138935175 0.0303150614885 0.0181580419498 0.0201753077946 -0.000869088816176 0.0422150923528 0.0337595113127 0.0124658326439 0.0149579711842 -0.00141123998897 0.00870971904068 
0.0167311221782 0.013768968146 -0.0307504194143 0.018569905242 0.0249715947456 0.0273604042505 0.0113159631413 -0.00177900375894 0.0568989529508 0.0120471293706 0.00409621034224 0.0397315320111 0.0177027490989 0.0103725585617 0.018678866265 0.0933298316048 0.0190817507364 -0.0180844613251 0.00360073545953 0.0418525147105 0.00970553468339 0.0352125899537 0.00825811164643 0.0375809835988 0.0436947331811 0.00517307945719 0.0302609669821 0.0263803338866 -0.0117314704881 0.00682964553081 0.252455714725 0.00224517941437 -0.00954934111815 -0.000175408904584 0.0270676678406 0.00425840634676 0.00926541999638 -0.00290623505807 0.0132312135992 0.00674750022589 0.0120104935567 0.0395331495642 0.0255243546131 0.0459631410499 8.17767512237e-06 0.0401824546946 0.0272910819213 0.0305616984084 0.0256930143822 -0.00816975155233 
0.00298739377644 -0.00766224077236 -0.00305875491721 0.0586808756808 0.0118369323976 -0.0201221578644 -0.0161751452398 0.00454282395146 -0.013002299941 -0.00310030066091 0.00893275216619 -0.00678393028704 0.0106234374246 0.00199409002472 0.0246778348528 0.00815116011311 -0.0132676801891 -0.00540761091402 -0.00712627716848 0.00983017450596 -0.0265263017412 -0.006028764708 0.00637546481344 0.00583954485853 -0.000853645317683 0.0138691557192 -0.00260958083348 0.0329294170857 0.00962853316453 -0.0140443604168 0.00224517941437 0.6823519076 -0.0163159324154 -0.0210335778044 -0.00792082690251 -0.00153614068105 0.0508738564625 -0.024284961077 0.0302725211689 -0.00291640833714 -0.00202824164798 0.0225655887762 -0.00901092215637 -0.035800405886 0.0178050193881 -0.0130779813431 -0.0131465824319 0.0110931536399 -0.0113598864704 0.00500229594472 
0.00773656751556 0.0235024454974 -0.0102329908346 0.0222738747259 -0.00993746665276 0.0809303172331 0.0089223300598 0.0660986312981 -0.0052656939285 0.00323153122667 0.00651825245148 -0.0143102959796 0.146818348531 0.00381030797795 0.0307529093058 -0.00604963915503 0.0353546339226 0.0141089224878 0.0196874529742 0.00735092239854 -0.00059476893953 -0.00802424305206 -0.018961458291 -0.0199909425071 0.0120851640872 0.0253272252528 0.00975696014931 0.0238169166389 0.00749238571737 0.00577049039414 -0.00954934111815 -0.0163159324154 0.360684840201 0.185038012087 0.0296274938918 -0.0109013878319 -0.032330795033 0.138945686861 0.00533387666163 0.0174643853643 0.000186610602801 0.0334357649765 -0.00517721384134 -0.0288582946973 0.00679793011642 0.018169610722 0.119270794587 0.0162259328052 0.0115991631991 0.0143417820991 
0.000622955234344 0.0339258157896 0.0272101644992 0.0108705330307 0.0157321486349 0.09358785043 -0.00977994714374 0.100819279507 0.0200215699521 0.0128961261721 -0.00136161797866 0.00081034451174 0.142234968748 0.0255507646636 0.0523387416613 -0.00241654514369 0.0479384384149 -0.00209537069287 0.0185233684749 0.0379883654731 -0.00947614828751 0.0057606718794 -0.000642946102624 0.0147531639857 0.0299037576489 0.0171679157527 0.0333511002511 0.0488889477646 -0.00401979444686 0.00861158158982 -0.000175408904584 -0.0210335778044 0.185038012087 0.463554424315 0.0598822634828 0.00197833270032 -0.0336769316786 0.161033151619 0.00569291094641 0.0147635638294 -0.0255612982704 0.049403064723 0.0149544711565 -0.0137565671308 0.00194033287853 0.0332469326697 0.140850230057 0.0248595812205 0.00815408692495 0.0406565224856 
0.00684453503824 0.00418340922029 -0.0126898555868 0.0264690838846 0.0239037166993 0.046394287989 0.0122293201194 0.0242912680934 -0.00564086552273 0.0178813550178 0.00387431357105 0.00511101306963 0.0334642363822 -0.00135159800942 0.015875901846 0.0415851789836 0.0490606642875 0.0163818481621 0.049553008152 0.0274618945691 -0.00573911689298 -0.00506926934496 0.00403930709744 0.0177786471318 0.00959544152119 0.0262975733116 0.00953675124821 -0.0124833134943 0.00744862427059 0.0408044653204 0.0270676678406 -0.00792082690251 0.0296274938918 0.0598822634828 0.253290892479 -0.000226874316822 -0.00371566648197 0.0400074250181 0.0196424908239 0.0237739922851 -0.00285609878858 0.0158201074399 0.0160416504985 0.0116831295949 0.0272106709649 0.040523063568 0.0536092879466 0.0423560697269 0.0436171819934 0.0214223254674 
0.00516099997075 0.018575995337 0.0110334053098 0.0100440850562 -0.0036776415071 -0.0143758858127 0.0067201511822 -0.00199493401771 0.00450188431363 0.0189599931816 0.00200175860974 0.0416461867255 -0.00484554692169 0.0144678552272 0.00944325607375 -0.00155642235572 0.0123489635791 0.00136708973437 0.0490568615595 0.00836082777781 0.00525596159354 0.0382132966705 0.0399767752276 0.00859945457903 0.0127469680659 -0.00220767896434 0.0035044630215 0.0760263182043 -0.00843285916017 -0.0160500861186 0.00425840634676 -0.00153614068105 -0.0109013878319 0.00197833270032 -0.000226874316822 0.280730285537 0.0119554318854 0.00961453043909 0.0104148430493 -0.000257939458498 0.018325848597 0.0561637652332 0.00953646306506 0.0242968868517 0.0234699855045 0.00346207664774 0.00790488112243 0.0226052188299 0.0180962700616 0.00282911563828 
-0.0136998573119 -0.00667595630706 0.00533742822714 -0.022622940635 0.0190344052736 -0.0309184251555 0.0574279430922 0.000182300384565 0.0244267166518 -0.00524743531064 -0.0097345886883 0.0200546012794 -0.0460923180843 0.00672988423091 -0.0251028544577 -0.0153515185151 0.0023956209479 0.015970108588 0.00283970034892 0.0323451414493 0.0123913161937 -0.00528830033422 0.0269080555452 0.00432858005869 0.0223307960223 0.049051776828 0.00149924021163 -0.00082428454524 0.0532768983011 -0.00810367518944 0.00926541999638 0.0508738564625 -0.032330795033 -0.0336769316786 -0.00371566648197 0.0119554318854 3.74751731651 -0.0227480702446 -0.0056841982741 0.00568823972677 0.0179088102076 0.0152789001054 -0.00296746664118 0.0115097545115 -0.00733255381339 0.000612963906989 -0.0497430935008 0.0256133229866 0.0124880718063 -0.00781959481813 
-0.00632087575683 -0.00957476599115 0.00338713476747 0.0181560678791 -0.00438565819294 0.0286761283593 -0.0146886870661 0.0902562119701 -0.000172467202951 0.0146027145999 0.0107662758708 -0.00597533225819 0.0939906988905 -0.0120200556345 0.0169657513819 -0.0018409762293 0.0280946694244 0.00351521851834 0.00207624011886 0.0174800750407 0.0179564278139 0.0338093145546 -0.00366326173627 -0.0210775313858 -0.0417234026366 0.00136468505501 -0.0040866454346 0.0260782776401 0.0235502067117 0.0223437052617 -0.00290623505807 -0.024284961077 0.138945686861 0.161033151619 0.0400074250181 0.00961453043909 -0.0227480702446 0.362217106158 0.018570854887 -0.0197835329884 0.00150478436196 0.0482013620562 -0.00793704816303 0.00710075710058 0.0189146904155 0.0190319473759 0.108701455456 0.0234948037306 0.0274449141884 0.0207330223306 
0.0155078236264 0.0184664254428 0.00414513960365 -0.0111280264019 0.0159312378588 0.01571905302 0.00436725368563 0.0269419116684 0.0127261357652 0.0230218327675 0.0307521549596 -0.00242869170626 0.00527630855084 0.00717642142111 0.0109295672426 0.0231817343384 0.0188074935143 0.0160788897361 0.016230330078 0.0154649167138 0.0102507263919 0.0187254586361 0.00177044590929 0.0187045154358 0.00604511045119 0.0145339766402 0.0265802435316 0.0281637902523 0.00915076130143 0.00410133159058 0.0132312135992 0.0302725211689 0.00533387666163 0.00569291094641 0.0196424908239 0.0104148430493 -0.0056841982741 0.018570854887 0.210857030856 0.00872400800097 0.0131093474344 -0.000677475352224 0.00179562477446 0.00107743340167 0.0191147233685 0.0311194473624 0.0179352156541 0.0256938930199 0.0204569020322 0.0293481051703 
0.017736564595 0.0279433518359 0.0114215283547 0.0177015753248 0.00314603628466 0.0333429071094 0.0269674355121 -0.00301625408171 0.0349318737868 -0.00452577947157 -0.00739062772954 0.00986392216118 0.0209070662926 0.00494716878556 -0.011360316633 0.011329361025 0.0232640607505 0.0114437091647 0.0116148261006 -0.00169388339274 0.00454695691071 0.00442303828242 0.0220982817624 -0.00276306001229 0.0301895588621 -0.00055460698382 0.0162704123927 0.0206358593633 -0.0245267632112 0.00877138935175 0.00674750022589 -0.00291640833714 0.0174643853643 0.0147635638294 0.0237739922851 -0.000257939458498 0.00568823972677 -0.0197835329884 0.00872400800097 0.240305581755 -0.00907854646611 5.00656098031e-05 0.00680309960415 0.0102238858442 0.0131911179756 0.00946384803861 -0.000235383083457 0.021869316081 0.00299152261794 0.00493383945087 
0.00661260172499 0.0142655583006 0.00956748167334 0.0431993841203 0.0140450445667 -0.0156764271104 0.0673058298906 0.0191787759051 -0.0164472306129 0.00281239165986 -0.00595774713089 0.00938581690929 0.00779456243794 0.00138098035195 -0.00185946396147 -0.00390352305848 -0.0107120272344 0.0435925216166 0.00556271640544 0.0233701540034 0.0168655335642 0.00524150677767 0.0183044767673 -0.00357495052797 0.000333007483262 0.0191861625521 0.00322667130977 0.0108444874386 0.000506804077466 0.0303150614885 0.0120104935567 -0.00202824164798 0.000186610602801 -0.0255612982704 -0.00285609878858 0.018325848597 0.0179088102076 0.00150478436196 0.0131093474344 -0.00907854646611 0.271819785771 0.0263884444158 0.00973463810457 0.0121394811372 0.0200244319204 0.00449237854976 0.0191563683403 0.00196273728645 0.0112625858376 -0.014215897152 
0.00391043986358 0.0408703220795 0.00354501030754 -0.00798773175627 0.0339809858381 0.0269982565156 0.0552236480921 0.0347640184659 0.0498355499405 0.0354906030369 0.0163910009614 0.0169908946351 0.0449400561439 0.0436318348353 0.0346595663478 0.0251356416021 0.0361945434385 0.0116938636473 0.0247284379639 0.0503019902265 0.0317120476719 0.0469584086468 0.0551032460245 0.045258744479 0.0589107259309 0.0298137984168 0.0363316274757 0.0461369807394 -0.0386353337193 0.0181580419498 0.0395331495642 0.0225655887762 0.0334357649765 0.049403064723 0.0158201074399 0.0561637652332 0.0152789001054 0.0482013620562 -0.000677475352224 5.00656098034e-05 0.0263884444158 0.440198422785 0.0391437937905 0.0329380838041 0.0325468027356 0.0340465915472 0.0285963977931 0.0443854145444 0.0155206524269 0.0824562339348 
0.00967595636777 0.0248294286577 0.0130756713717 0.00412638464629 0.0234172816596 0.0364532702397 0.0275549491224 0.00532378778167 0.0304493416442 0.0160923736501 0.0119935569855 0.00467157692224 -0.000364803553266 0.0396216080804 0.01885151969 0.0220191288924 0.00408726991804 0.0359121881278 0.0107940312911 0.000832822287232 0.0193635877946 0.0321366652249 0.0289513386321 0.0150864167246 0.0176965818708 0.00272203025619 0.00638360080729 0.020156474132 -0.00283809748701 0.0201753077946 0.0255243546131 -0.00901092215637 -0.00517721384134 0.0149544711565 0.0160416504985 0.00953646306506 -0.00296746664118 -0.00793704816303 0.00179562477446 0.00680309960415 0.00973463810457 0.0391437937905 0.167927188387 0.0162443270845 0.0166462327945 0.0204842015328 -0.00045912879814 0.0143560080242 -0.00334356250873 0.0193413263739 
0.0151312005426 0.0394321248784 -0.00857950297881 -0.0104307460799 0.00720031463751 0.00851079914649 0.0283722003225 0.0186342921628 0.0281123242559 0.0466956395373 0.0174565366588 -0.00182246476165 -0.0217354035829 -0.0132780868957 0.0139803524854 0.0179812242906 -0.00562587560386 0.00448647116272 -0.0158804990124 0.00784338249374 0.0428850434488 0.0082484033173 0.0374125460402 0.0140473760531 0.0413814666382 0.0190116649066 -0.00239190403039 0.0171293203156 -0.012189120585 -0.000869088816176 0.0459631410499 -0.035800405886 -0.0288582946973 -0.0137565671308 0.0116831295949 0.0242968868517 0.0115097545115 0.00710075710058 0.00107743340167 0.0102238858442 0.0121394811372 0.0329380838041 0.0162443270845 0.240668521126 0.0181634662283 0.00674364378794 -0.00466746107346 0.0374291929337 0.00997897696668 0.0149661798833 
0.0149278640314 0.0341588406797 -0.0087452911959 0.0164600306939 0.00811713682315 0.0159982381622 0.00771478730813 0.0209743476264 0.0072181746711 0.0123795599543 0.0288058762458 -0.00546347456237 -0.0015927239521 0.012477638839 0.0162368785578 0.00599873355628 0.00114947735095 0.0320233748739 -0.00204607367415 0.0491324674476 -0.00597051585103 0.0224581034495 0.0271393828916 -0.00524035715244 0.0231427099585 0.00142137785195 0.0145934539767 -0.000844500950895 0.00698949444095 0.0422150923528 8.17767512227e-06 0.0178050193881 0.00679793011642 0.00194033287853 0.0272106709649 0.0234699855045 -0.00733255381339 0.0189146904155 0.0191147233685 0.0131911179756 0.0200244319204 0.0325468027356 0.0166462327945 0.0181634662283 0.206219480022 0.0305425168131 0.00840216868636 0.00168039806296 0.0145176891073 -0.00925958116411 
0.00402501906102 0.0354514574235 0.0133986891718 0.023408798643 0.019702801826 0.0214296773744 0.0276979361743 0.0246468090166 0.00586802752961 0.0339188571456 0.0200780513715 0.00836602200711 0.0249413110641 0.022994715722 0.000369786397432 0.0259705342476 0.0303849465526 0.0167029573026 0.00709274388146 0.0408989782856 0.0223821417166 0.0326722758616 0.0153347587563 0.0385577429999 0.0360389009491 0.00815669898805 0.0355968984017 0.0511357691444 0.00695726051173 0.0337595113127 0.0401824546946 -0.0130779813431 0.018169610722 0.0332469326697 0.040523063568 0.00346207664774 0.000612963906989 0.0190319473759 0.0311194473624 0.00946384803861 0.00449237854976 0.0340465915472 0.0204842015328 0.00674364378794 0.0305425168131 0.195327015325 0.0256197744066 0.0314162412466 0.0323486233142 0.0501466163931 
-0.0101914461152 0.00202844348749 -0.0114127764489 0.0116651491111 0.00667799485159 0.0716262041433 -0.00516181189975 -0.00767775318102 -0.0102909425976 0.0116213248964 0.0128044625125 0.0069488159224 0.159736150635 -0.0104395675098 0.0147089291472 0.0154555316728 0.0398329960686 -0.000628749224991 0.0246202637327 -0.0138816975002 0.00719689095174 0.0183128409882 -0.00213379595787 0.0173789624847 -0.00322488950038 0.00251540737496 -0.00358151620588 -0.00391592499403 0.0243901978533 0.0124658326439 0.0272910819213 -0.0131465824319 0.119270794587 0.140850230057 0.0536092879466 0.00790488112243 -0.0497430935008 0.108701455456 0.0179352156541 -0.000235383083457 0.0191563683403 0.0285963977931 -0.00045912879814 -0.00466746107346 0.00840216868636 0.0256197744066 0.288514494773 0.0193945777092 0.0232004617082 0.00816978803805 
