50
0.142595623168 0.0398839612709 0.0160420823192 0.101801748802 0.0498631258667 0.0896896089949 0.131188957491 0.0315903614714 0.0524263551757 0.110578936942 0.0590120409917 0.0110311255814 0.0392369654355 0.0839491815724 0.0201569416701 0.0605665428979 0.0966324757555 0.0962618702605 0.201678989994 0.0292815331214 0.00265371642944 0.103166553638 0.0248803539628 -0.00648668223639 0.0825599502725 0.0714432896303 0.0485945029431 0.119808933935 0.123331646141 0.0493961611292 0.0472299451056 0.0038222736377 0.0566389432936 0.00643120824938 0.0431194173031 0.0723241103927 0.035272852014 0.161692830297 0.106356452037 0.0585004976968 0.0940944116816 0.0797862135264 0.00791209609274 0.0242911243805 0.0674926048947 0.107494880462 0.136929250297 0.0493934577213 0.12993100308 0.087070388143 
0.424167978671 -0.00613312134447 0.0454400892166 0.0485516938574 0.00606335156957 -0.00621777531221 0.0397803244874 0.0176383409438 0.0615288193271 0.0721638006813 0.0200849526432 0.0106294403862 0.00379902340997 0.0150816820224 0.0422940851857 0.0376709765796 0.0283245738897 0.0283629561577 0.0177766650713 0.0228573433931 0.0224771763451 0.033657829816 0.0106590052349 0.0173439930373 0.0248907039924 0.0149821631147 0.00496459381344 -0.0142091343602 0.00439434326986 0.0313951143251 0.0204072816465 0.0015258323869 0.00443325307105 0.0179482074273 0.0274330614135 0.0703018196882 0.00506846771058 0.00567048328212 0.00774250705258 0.0949592456719 0.0677884412451 0.0249593826738 0.00345999553852 0.0224341681681 -0.0198570138478 0.0385518715286 0.0914017054006 0.0177544893566 0.0460047718357 0.0317541056229 
-0.00613312134447 0.124761566763 0.0102341672294 0.0117970256617 -0.00248397586936 0.0112791845983 0.0064282368653 0.0227030372733 0.00374823939267 0.00442903751315 0.0169199985548 0.0109262746217 0.0154070874066 0.0197069849874 0.00380047476297 0.0149361958565 0.0104939867205 0.00773795551431 0.035921477471 0.0135858133295 0.00698860182311 -0.00958556569871 0.0111308554255 -0.00992876647427 0.00756280310854 0.00893469250318 0.0143823052336 -0.00522587083497 0.00313878849187 0.0043140358148 0.00570680361216 -0.00198407875206 0.00273141172394 0.0136651858314 0.00402943948574 -0.0025113565503 0.0399759155537 0.00522570510379 -0.00356111829435 0.00156273071675 -0.0195570076144 0.0101994065966 0.0191623100754 0.0190849430149 0.0111340139507 0.0112562663189 0.026194480807 0.010877183799 0.0141299914049 0.0221665013728 
0.0454400892166 0.0102341672294 0.14823275303 0.0105711805808 0.0302248919216 0.00533369410404 0.0337134059307 0.0224160051275 -0.00059377985873 0.0165824803222 0.00286229656298 0.0186487696431 0.0525203257725 0.0482237140068 0.0304806343377 0.0385042340525 0.0244530504873 0.0200743873426 0.00421791552329 0.0248505441839 0.0169874403737 0.0256132686821 0.00641026036964 0.010531015928 0.0148104881199 0.00832944251963 0.0310640215117 -0.00189061149871 0.0276448707847 -0.00156955894027 0.0211998877756 0.0209541578056 0.00513559952268 0.0227983521594 0.0078584947225 0.0198980197182 0.0114766592752 0.0510640646695 0.0127182464986 0.012661583258 0.0227056519826 0.0421944188687 0.00556673837049 0.044089884048 0.0190885416547 0.0512714712793 0.0103733694324 0.029358480522 0.0239861223412 0.00177374917502 
0.0485516938574 0.0117970256617 0.0105711805808 0.24668349081 0.0115333693089 -0.00198327677076 0.005860177452 0.0135631399554 0.0202151921775 0.0731097164223 0.105412412393 0.00801563054147 0.0139210993262 0.00116644542391 0.0117195265837 -0.00630996245745 0.000573274032349 0.00269232210675 0.0379482997927 0.00566140380427 -0.00102242348379 -0.0114797709433 0.00431110676786 0.0207534001137 -0.0146097689228 0.00597085736303 0.000961928216021 0.0340773417378 -0.00184680999325 0.135314895265 0.0132045680958 0.00798153046448 0.0145948034581 0.000988083876315 -0.00154995593241 -0.0018448160589 0.0192308076553 0.00501282774763 0.0245409015243 0.00534510108076 0.00957763245102 0.0126708218154 0.0113125932148 -0.00022663959189 0.00565087658874 0.0122169886801 0.0232907333739 0.00209354207474 0.0349724176115 0.0189577309579 
0.00606335156957 -0.00248397586936 0.0302248919216 0.0115333693089 0.28195427103 0.0743572912188 0.0525669107004 0.0283498715474 -0.00294015439551 0.0384327201685 0.00164450493114 0.0208173785113 0.0274193514493 0.0174040027891 0.0196988473576 -0.00371600775354 0.00301134512054 0.00944908851468 0.00778390803098 0.00964618121256 0.0282712835084 0.010844568364 0.00470236026081 0.00316138958201 0.00253695321404 -0.0206560947563 0.0165190150004 0.00272715380648 0.0433637456574 -7.8338732774e-05 -0.00747770995907 0.00850678773979 -0.000834708303126 0.0174404703494 0.00060942703909 0.0323701238839 0.0178404589183 -0.00459728161945 0.0485009067296 0.0115321428509 0.0290769848468 -0.000968976013528 0.00286872857469 0.03373146798 0.0510001657094 0.0287869295994 0.0267994267551 0.0247354940305 0.0435124169128 0.0405594472299 
-0.00621777531221 0.0112791845983 0.00533369410404 -0.00198327677076 0.0743572912188 0.41956024559 -0.000167532983598 0.00960774357921 0.041367438205 0.0421806369616 0.00473808826037 -0.00176387463562 0.00815442516558 0.0296098339341 0.003826267558 0.0120407384663 0.071498692831 0.016285123026 -0.00611819438457 -0.00993803426695 -0.0205895975735 0.00759829180412 0.0176371075584 0.0101612646766 0.0276680819495 -0.00336503809306 0.0182090305029 -0.00255603656457 0.0526639478002 0.0221422188172 0.00153658841255 0.0048715077102 0.0108817112426 0.00219679348075 0.00360432636869 0.00407343588148 0.0200347514269 0.0175817914042 0.0197765143238 0.0618135870254 -0.0175389966484 0.0105125923849 0.0138242447768 0.0039022897704 0.0712815702345 0.0209930854151 0.0313014365972 0.0171932214563 -0.00746363492118 0.0379588816257 
0.0397803244874 0.0064282368653 0.0337134059307 0.005860177452 0.0525669107004 -0.000167532983598 0.3703498369 0.0187616389656 0.0396942095487 0.0665693542508 0.0107252356828 0.0135085486803 0.0375707089003 0.0672677067777 0.0229205624324 -0.00541064153837 0.0097855336665 0.0404799845523 0.00523649550873 0.0236777604954 0.0184578441761 0.0335178413884 0.0235708474914 0.0256138916459 0.0469943774386 0.0255724335698 0.0258374772364 0.0103757144969 0.0423441777242 0.00728839480923 0.017182008779 0.0179056309219 0.0267535651213 0.0486863826038 0.0255449117174 0.016569425745 0.00351872164342 0.0388993813002 0.0205378871931 0.00627680284945 0.0554598083827 0.0370709378095 0.0187366035901 0.0105495483825 0.0173858468937 0.0558387873137 0.0102956212955 0.0296279187035 0.0203186945147 0.0846222649437 
0.0176383409438 0.0227030372733 0.0224160051275 0.0135631399554 0.0283498715474 0.00960774357921 0.0187616389656 0.14824878934 0.0194204880157 0.00789271748408 0.0112736714312 0.0211897451477 0.0328218984311 0.0321451233704 0.010902737701 0.0229621892998 0.0254207435512 0.0188711031616 0.0117440579608 0.0255020266033 -0.00230545206963 0.00626595853957 0.00064579199082 0.00917312034741 0.00783644310881 -0.0093223175232 0.0291464788459 -0.000146655011112 0.0292323704483 0.0126462896773 0.0303340740543 0.0215124319627 0.0135743375731 0.022729828834 0.00829881258094 0.00775487233423 0.010802629591 0.0265305506159 0.0375820282256 0.0150131969286 0.0229378620352 0.0292740898265 0.0188884484628 0.0446288005288 0.0217339997796 0.0244946450098 0.0234203148263 0.0186125521436 0.0404182218745 0.0221050228525 
0.0615288193271 0.00374823939267 -0.00059377985873 0.0202151921775 -0.00294015439551 0.041367438205 0.0396942095487 0.0194204880157 0.276000004669 0.0485742183718 -0.00953375899884 0.00143468500683 0.00131557851891 0.0736309138865 -0.011791412723 -0.00320983003373 0.0238710549142 0.0238518466585 0.0282841272369 -0.00512578257949 0.00866403922061 0.00712429103298 0.00698507410983 0.024316758014 -0.0192555700462 -0.00907066289338 0.00288287902212 0.000850165753822 0.00217869513702 0.0258461741563 -0.00943121040609 0.0168256402526 0.000684200222047 0.0274228961721 0.0123168571496 0.00585629460602 0.00377345586852 0.00891943097649 -0.00580134134524 0.0822140977168 0.0346316604107 0.0142346057107 0.0119755260175 0.00814008518772 0.000750717534124 -0.00283089330962 0.0265226605593 -0.00493856335943 -0.0105227842414 0.029857004761 
0.0721638006813 0.00442903751315 0.0165824803222 0.0731097164223 0.0384327201685 0.0421806369616 0.0665693542508 0.00789271748408 0.0485742183718 0.829120272108 0.00254112872393 0.0031917128271 0.0170636500144 0.00896664283568 -0.00650687817261 0.00401723573567 0.0444651448508 -0.00155607825041 0.0242887073583 0.0155493329813 0.0240871896095 -0.00288157740516 0.0146982779473 -0.025899350452 0.0252253491749 0.00613993431517 0.00599830875806 -0.0161689191821 0.00888464069902 0.00928766132589 -0.0104077108058 0.0139020424782 0.00343867708754 0.00688882940205 -0.00372199305152 0.000642373205971 0.00200655219978 -0.0167419560945 0.0627907385697 0.0281580664026 0.0598059644397 0.0422897697135 -0.00435259886115 0.0244467600305 -0.0053363564381 -0.0133699966747 -0.0152952193301 -0.00321588293454 -0.00566608436905 0.0658654115464 
0.0200849526432 0.0169199985548 0.00286229656298 0.105412412393 0.00164450493114 0.00473808826037 0.0107252356828 0.0112736714312 -0.00953375899884 0.00254112872393 0.236639173666 0.0137644556683 0.0249495712288 0.0133283873405 0.0175053794058 0.00590184572767 -0.024609133047 -0.00337497064975 0.0098992636656 0.013022430289 0.00206456647542 -0.00560332454767 0.0174739341563 0.0102715216619 0.0144068808966 -0.0102097362303 0.00638196691728 0.0196540853914 0.0185834080839 0.115367601225 0.0165237307511 0.0168132060988 -0.0078882425192 -0.00973246155293 0.00618588811081 0.0120031448349 0.00912848616439 0.0351390024469 0.0227555008227 -0.00565573963741 0.00233026369844 0.0115405991656 0.00728754042 0.0347327892941 0.0438705387863 0.0181973129308 0.0143266215895 0.0120289678076 0.0218081041952 0.00724773952566 
0.0106294403862 0.0109262746217 0.0186487696431 0.00801563054147 0.0208173785113 -0.00176387463562 0.0135085486803 0.0211897451477 0.00143468500683 0.0031917128271 0.0137644556683 0.146557735387 0.0159779586647 0.00948844351959 0.00859736745937 0.0161321866572 0.00719806043993 0.0320621670985 -0.00640105150166 0.00823894570869 -0.000746800305714 0.00466025499095 0.00876890149823 0.00563381800788 0.006098127068 -0.000917528374284 0.012192794101 0.0199284640521 -0.0014201133525 0.01257886013 0.010487547758 0.0172957906704 4.71604576888e-05 0.0151319493789 0.0123296787082 0.00915624440105 0.00265026415684 0.0182835390497 0.0268971137428 0.00082256116124 0.0210446809028 0.0318563161191 0.021384817597 0.0383301247453 0.0113351449737 0.0124561991368 0.0207547420917 -0.00483865193043 0.0279927421584 -0.00831778220252 
0.00379902340997 0.0154070874066 0.0525203257725 0.0139210993262 0.0274193514493 0.00815442516558 0.0375707089003 0.0328218984311 0.00131557851891 0.0170636500144 0.0249495712288 0.0159779586647 0.156763855262 0.0248189392461 0.0214951564915 0.0223668890757 0.0302883937818 0.00791157246646 0.00198498527284 0.0337041512856 0.00772633050073 0.00597489818026 0.0192563251389 -0.00653588509614 0.0226003713003 0.000465254492222 0.0591403363672 -0.0089936833749 0.0338867104021 0.00368904188806 0.0257827478516 0.0214894169647 -8.50796055751e-05 0.0291559600485 0.00323060009305 0.0302009632455 0.0188690064366 0.0234609857707 0.00174422494533 0.00912838966249 0.0339924247605 0.0200955372125 0.0189792879698 0.021415827398 0.0181125500085 0.0447323286739 0.0323705998651 0.0212452700364 0.0131308453472 0.0220200782378 
0.0150816820224 0.0197069849874 0.0482237140068 0.00116644542391 0.0174040027891 0.0296098339341 0.0672677067777 0.0321451233704 0.0736309138865 0.00896664283568 0.0133283873405 0.00948844351959 0.0248189392461 0.5842147696 0.0230895597495 0.0041681346932 -0.0149249641122 -0.00983208332509 0.0185004049815 0.0286065644538 -0.0100288409324 0.0201769830139 0.00105946656779 -0.00837783054835 -0.00158804570545 -0.00810950143075 0.0281013603962 -0.0339751319278 0.0845352534519 0.00338856245037 0.0042189375343 0.0242259818609 0.0244968437718 0.0446592418308 0.00192661364 0.018747920312 0.00170269596459 0.00637495987358 -0.00635641298612 0.0125111429293 0.0064579675108 0.0171676636338 0.0150628953409 0.0427245141753 -0.0280562077213 0.0245326134145 0.0174727832791 0.0272097672081 -0.0213249618346 0.00094379477221 
0.0422940851857 0.00380047476297 0.0304806343377 0.0117195265837 0.0196988473576 0.003826267558 0.0229205624324 0.010902737701 -0.011791412723 -0.00650687817261 0.0175053794058 0.00859736745937 0.0214951564915 0.0230895597495 0.176477079845 0.0290840155759 -0.00120997449347 0.0175022014249 -0.000885525358949 0.00397163518033 -0.00136801425916 0.0150476113822 0.00897062440644 0.0148765644655 0.00240958654912 -0.0139704214367 0.0144007241434 -0.003963996435 0.0212785547048 0.00831497399168 0.0398487135667 0.0153490551963 0.00789852582977 0.00326122900212 0.00792458950885 0.00292632478516 0.0614817111303 0.00929879663069 0.0130016470395 0.0151006117234 0.0109485706275 0.0121408954108 0.0077874058471 0.00430063210278 0.0188240759833 0.0339738686755 0.0104123035301 0.0266130409427 0.00482148540573 0.0371129246318 
0.0376709765796 0.0149361958565 0.0385042340525 -0.00630996245745 -0.00371600775354 0.0120407384663 -0.00541064153837 0.0229621892998 -0.00320983003373 0.00401723573567 0.00590184572767 0.0161321866572 0.0223668890757 0.0041681346932 0.0290840155759 0.246752288393 0.025271862978 -0.00407799977337 0.00406308494498 0.014099761542 0.0140089311546 0.0248676933237 0.0157536279807 0.00430020142885 -2.18630170692e-05 0.00455672004127 0.0216330288867 -0.00370306320241 0.00677690749844 0.0230764843619 0.0403263235679 0.0192935810101 -0.028133693401 0.0295742791531 0.0140361851441 0.0231265164158 0.0178746634478 0.0119024508137 0.00989253406501 0.0289880073297 -0.00821079306185 0.0086318125676 0.0271950702014 0.0289829087229 0.00436033026163 0.0290099116744 0.0325826818862 0.0162821188793 0.011998067312 -0.0145980803993 
0.0283245738897 0.0104939867205 0.0244530504873 0.000573274032349 0.00301134512054 0.071498692831 0.0097855336665 0.0254207435512 0.0238710549142 0.0444651448508 -0.024609133047 0.00719806043993 0.0302883937818 -0.0149249641122 -0.00120997449347 0.025271862978 0.456033922939 0.0357061475107 0.00759966919194 0.0287567131104 0.00612905729599 0.0492274105618 0.0543868812885 0.0111076969757 0.0396142298316 0.00919160372523 0.0123384607052 0.00655931039241 0.0540428746481 0.0256960404953 0.00747657146243 0.0119529084885 0.00815580084561 0.0151927601134 0.0166058205997 0.0211654554102 0.0109600802823 0.00699199248653 0.00962046947277 0.0265239007627 0.0470836159618 0.065218979942 0.00151276523328 0.01281284236 0.0194722799308 0.00857388524879 -0.00613060140243 0.00680780757881 0.00251472103114 0.0157567114075 
0.0283629561577 0.00773795551431 0.0200743873426 0.00269232210675 0.00944908851468 0.016285123026 0.0404799845523 0.0188711031616 0.0238518466585 -0.00155607825041 -0.00337497064975 0.0320621670985 0.00791157246646 -0.00983208332509 0.0175022014249 -0.00407799977337 0.0357061475107 0.377164197084 0.0125759105622 -0.00244811772331 0.0237546661592 0.0162279459704 0.00352985702887 0.00552010538132 0.00555470638135 -0.0145179165242 -0.0065112229519 0.0398241782702 0.0270390175514 0.0157135593449 0.0337726417404 0.0356936428924 0.0122144761014 0.0304739897489 0.0130367703436 -0.0107165002231 0.0204811530858 0.0185138644539 0.0323607983246 -0.0021224171299 0.070848339333 0.00959849085094 0.00737309150671 0.0207531605549 0.0111496940964 0.0253510049142 0.0097928925312 0.0107662340807 0.0741193869671 0.0811001941042 
0.0177766650713 0.035921477471 0.00421791552329 0.0379482997927 0.00778390803098 -0.00611819438457 0.00523649550873 0.0117440579608 0.0282841272369 0.0242887073583 0.0098992636656 -0.00640105150166 0.00198498527284 0.0185004049815 -0.000885525358949 0.00406308494498 0.00759966919194 0.0125759105622 1.21072281047 0.0285437683576 0.0162854092666 0.00945163009934 0.0353439956138 0.0245278777118 -0.0127026254512 0.0151574898555 -0.0121477159308 -0.0259114747687 0.0298349368634 0.00726613900697 0.0137441228693 0.0891824058614 -0.0212474740707 0.00448765431801 0.0143852568173 0.0567720008039 0.114930306236 0.0307247368307 -0.00440034226275 0.0502992827327 0.0207897873561 0.00723619377478 0.0157044800004 -0.000406882650614 0.0972415527968 0.0261159943209 0.209726310442 0.0229017184179 -0.0272853225555 0.00390550781553 
0.0228573433931 0.0135858133295 0.0248505441839 0.00566140380427 0.00964618121256 -0.00993803426695 0.0236777604954 0.0255020266033 -0.00512578257949 0.0155493329813 0.013022430289 0.00823894570869 0.0337041512856 0.0286065644538 0.00397163518033 0.014099761542 0.0287567131104 -0.00244811772331 0.0285437683576 0.140410551696 0.0102648090049 0.00891745448934 0.0189863961237 0.00161082951242 0.000993211940551 0.014865166138 0.0323502015061 0.0160459804519 0.0101815632534 0.0174185901351 0.0120446934335 0.0177922795705 0.00494183696615 0.0192124526819 0.00352388960805 0.0276481779552 0.0326047274205 0.00425341829582 0.0143065300449 0.0331845563642 0.0216096073244 0.0143728613267 0.0242564446241 0.0191820830335 0.0110054593933 0.0145404152181 0.00998663821867 0.0158879368872 0.00849734435799 0.00898878296135 
0.0224771763451 0.00698860182311 0.0169874403737 -0.00102242348379 0.0282712835084 -0.0205895975735 0.0184578441761 -0.00230545206963 0.00866403922061 0.0240871896095 0.00206456647542 -0.000746800305714 0.00772633050073 -0.0100288409324 -0.00136801425916 0.0140089311546 0.00612905729599 0.0237546661592 0.0162854092666 0.0102648090049 0.235144330033 0.00313354134683 0.0149073038065 0.0051477106708 0.016517524279 0.00134325719512 0.00322795011583 -0.00766659789375 -0.00647464624424 -0.0195162759601 -0.00712563167425 0.00870344063339 0.0117801864546 0.0219836415587 0.0353572051956 -0.0011542392584 0.00502439629361 0.0133978486578 -0.00776619368356 0.00887504079942 0.017588574351 0.0220632157875 -0.00366689674645 0.015417453386 0.0113765521697 -0.00534534746435 0.00654497537521 0.00768398414689 -0.00917581313821 0.00276433588728 
0.033657829816 -0.00958556569871 0.0256132686821 -0.0114797709433 0.010844568364 0.00759829180412 0.0335178413884 0.00626595853957 0.00712429103298 -0.00288157740516 -0.00560332454767 0.00466025499095 0.00597489818026 0.0201769830139 0.0150476113822 0.0248676933237 0.0492274105618 0.0162279459704 0.00945163009934 0.00891745448934 0.00313354134683 0.369179263169 -0.00857505223575 0.00732004747933 0.0201499999543 0.00666001686782 0.00945953961858 -0.0131994612873 0.0157222421928 0.00440589519648 0.0295443687796 0.00199742482426 0.000787454488606 0.0118748534982 -0.00747556831295 -0.038250520992 0.00546463094245 0.0018568430147 -0.0160290054382 0.0374311002478 0.0591269784123 0.00658895909093 0.00538782551249 0.0282318873872 0.0325948854871 0.00672141941749 0.01775571149 0.0084929379566 -0.0240972112718 0.0371043009032 
0.0106590052349 0.0111308554255 0.00641026036964 0.00431110676786 0.00470236026081 0.0176371075584 0.0235708474914 0.00064579199082 0.00698507410983 0.0146982779473 0.0174739341563 0.00876890149823 0.0192563251389 0.00105946656779 0.00897062440644 0.0157536279807 0.0543868812885 0.00352985702887 0.0353439956138 0.0189863961237 0.0149073038065 -0.00857505223575 0.238082479881 0.00436159506441 0.000120262949524 0.035388898419 0.0118517567733 0.0158052022107 0.0219834307684 -0.0115265047221 0.00390416532762 0.0202415673075 0.0127246584922 0.0209002553729 0.0192657023458 0.0269823167072 0.00502886980055 0.00887186598135 0.0327656463135 0.0166246737533 0.00256239406881 -0.00780905232973 0.00759206617972 0.0252768660894 0.0098199543628 0.0558602191442 0.0241634882066 0.0187680687959 -0.00682056925627 0.0191566454814 
0.0173439930373 -0.00992876647427 0.010531015928 0.0207534001137 0.00316138958201 0.0101612646766 0.0256138916459 0.00917312034741 0.024316758014 -0.025899350452 0.0102715216619 0.00563381800788 -0.00653588509614 -0.00837783054835 0.0148765644655 0.00430020142885 0.0111076969757 0.00552010538132 0.0245278777118 0.00161082951242 0.0051477106708 0.00732004747933 0.00436159506441 0.25434859552 0.0354669755647 0.00831020906181 0.00905824525089 0.0132454224293 0.0518869364968 0.0268107274153 0.0262810867998 0.0103906584259 0.0141357895275 0.00608698055616 0.0122191996301 0.0117220137387 0.0144778283364 0.0256640895052 0.0353970707741 0.00777091131264 -0.0166145092414 0.0114696756754 -0.00225573307305 0.0175953548743 0.00606242976368 0.0194027840595 0.0195254443946 0.00756174518241 0.0170293735191 0.0304075907883 
0.0248907039924 0.00756280310854 0.0148104881199 -0.0146097689228 0.00253695321404 0.0276680819495 0.0469943774386 0.00783644310881 -0.0192555700462 0.0252253491749 0.0144068808966 0.006098127068 0.0226003713003 -0.00158804570545 0.00240958654912 -2.18630170692e-05 0.0396142298316 0.00555470638135 -0.0127026254512 0.000993211940551 0.016517524279 0.0201499999543 0.000120262949524 0.0354669755647 0.346411958211 0.0166510901552 0.0203686330713 -0.00925803410437 0.0360491054321 0.00497099847206 0.0364243526636 0.0278704734447 -0.00943242050371 0.0036256281848 0.00948543434734 0.0226299277459 -0.0114456160001 0.102896471503 0.00970594758698 0.0115935649242 0.0132589469201 0.0344795361683 0.0010944144922 0.0109579788068 0.0123020980311 0.0286995736062 -0.000623930195893 0.0237499770613 -0.00540920231099 0.0439623576447 
0.0149821631147 0.00893469250318 0.00832944251963 0.00597085736303 -0.0206560947563 -0.00336503809306 0.0255724335698 -0.0093223175232 -0.00907066289338 0.00613993431517 -0.0102097362303 -0.000917528374284 0.000465254492222 -0.00810950143075 -0.0139704214367 0.00455672004127 0.00919160372523 -0.0145179165242 0.0151574898555 0.014865166138 0.00134325719512 0.00666001686782 0.035388898419 0.00831020906181 0.0166510901552 0.36220410216 -0.00349000557826 0.0185179033582 0.0240895450613 0.00727924523152 0.0374975644149 0.00795537241961 -0.00225660721721 9.05738285154e-05 -0.00320210989432 0.0765481366816 -0.00983825711963 0.00615610069619 0.0446427258817 0.00784595921907 0.0264793925704 -0.0151420328087 0.00555710735771 -0.00725115455472 0.00385020663629 0.04082718402 0.0013927743662 0.000510449634125 0.0270364594157 -0.00381205309499 
0.00496459381344 0.0143823052336 0.0310640215117 0.000961928216021 0.0165190150004 0.0182090305029 0.0258374772364 0.0291464788459 0.00288287902212 0.00599830875806 0.00638196691728 0.012192794101 0.0591403363672 0.0281013603962 0.0144007241434 0.0216330288867 0.0123384607052 -0.0065112229519 -0.0121477159308 0.0323502015061 0.00322795011583 0.00945953961858 0.0118517567733 0.00905824525089 0.0203686330713 -0.00349000557826 0.119593630189 -0.00839235965464 0.0147244434115 0.00993243353503 0.00844703550143 0.00250494830429 -0.00140504856275 0.0373985309588 0.0164441162637 -0.0030743500981 0.0104856974587 0.0250028096466 0.00208455634229 0.00825149952388 0.00960977312023 0.0195658025219 0.0209024910689 0.0232867269298 0.0231709523041 0.0233808648664 0.0317450287417 0.0268389442196 0.00517277699575 -0.00290903768254 
-0.0142091343602 -0.00522587083497 -0.00189061149871 0.0340773417378 0.00272715380648 -0.00255603656457 0.0103757144969 -0.000146655011112 0.000850165753822 -0.0161689191821 0.0196540853914 0.0199284640521 -0.0089936833749 -0.0339751319278 -0.003963996435 -0.00370306320241 0.00655931039241 0.0398241782702 -0.0259114747687 0.0160459804519 -0.00766659789375 -0.0131994612873 0.0158052022107 0.0132454224293 -0.00925803410437 0.0185179033582 -0.00839235965464 0.642292623846 0.0119434257273 0.00176142935753 -0.00774247423408 0.0153840497907 -0.00797044674306 0.00627314403683 -0.0017637622053 -0.0237392529714 -0.00098498119596 -0.0133350359403 0.0337370249153 0.0240702056068 0.00937764290132 -0.00509637032055 0.000403249863078 -0.00228856399076 0.018855477619 0.00845106616008 -0.0204397661503 0.0129889478411 -0.0105701497575 0.0498992101281 
0.00439434326986 0.00313878849187 0.0276448707847 -0.00184680999325 0.0433637456574 0.0526639478002 0.0423441777242 0.0292323704483 0.00217869513702 0.00888464069902 0.0185834080839 -0.0014201133525 0.0338867104021 0.0845352534519 0.0212785547048 0.00677690749844 0.0540428746481 0.0270390175514 0.0298349368634 0.0101815632534 -0.00647464624424 0.0157222421928 0.0219834307684 0.0518869364968 0.0360491054321 0.0240895450613 0.0147244434115 0.0119434257273 0.439882785412 0.00683357300225 0.0493979843719 0.010948943778 0.0094513482957 0.0133749808494 0.021297778387 0.0179796235268 0.00981588329401 -0.00659211078144 0.0595289430287 0.0491514442735 0.0692977871255 0.0189506760296 -0.00544968173842 0.0541232814023 0.028203740515 0.00882516069391 0.0272831434694 0.014707089105 0.0135009125784 0.016106777912 
0.0313951143251 0.0043140358148 -0.00156955894027 0.135314895265 -7.83387327741e-05 0.0221422188172 0.00728839480923 0.0126462896773 0.0258461741563 0.00928766132589 0.115367601225 0.01257886013 0.00368904188806 0.00338856245037 0.00831497399168 0.0230764843619 0.0256960404953 0.0157135593449 0.00726613900697 0.0174185901351 -0.0195162759601 0.00440589519648 -0.0115265047221 0.0268107274153 0.00497099847206 0.00727924523152 0.00993243353503 0.00176142935754 0.00683357300225 0.386052588258 0.00505941482772 0.0190531204502 0.00455817959207 0.0113090526687 0.0192754085647 -0.00665850379321 0.00270704951967 0.01556794126 -0.0288726609395 -0.0153344381735 -0.0100898957543 0.000314551635307 0.00920979016673 0.0161887746483 -0.0109384686228 0.00379459547228 0.00705255271585 -0.00315167295589 0.0219317681126 -0.00354990037897 
0.0204072816465 0.00570680361216 0.0211998877756 0.0132045680958 -0.00747770995907 0.00153658841255 0.017182008779 0.0303340740543 -0.00943121040609 -0.0104077108058 0.0165237307511 0.010487547758 0.0257827478516 0.0042189375343 0.0398487135667 0.0403263235679 0.00747657146243 0.0337726417404 0.0137441228693 0.0120446934335 -0.00712563167425 0.0295443687796 0.00390416532762 0.0262810867998 0.0364243526636 0.0374975644149 0.00844703550143 -0.00774247423408 0.0493979843719 0.00505941482772 0.274187772234 0.0111186843674 0.0206579188652 0.00935627814518 0.0250515538493 0.000570849177467 0.0247435079999 0.0301690455471 0.00896521314307 0.000235703408178 0.0305359377557 0.029180657435 0.0154647116569 0.0289589975145 0.0143840503823 0.0425572488069 0.0256039865021 0.0260517895957 0.0146703815612 0.0179214586916 
0.0015258323869 -0.00198407875206 0.0209541578056 0.00798153046448 0.00850678773979 0.0048715077102 0.0179056309219 0.0215124319627 0.0168256402526 0.0139020424782 0.0168132060988 0.0172957906704 0.0214894169647 0.0242259818609 0.0153490551963 0.0192935810101 0.0119529084885 0.0356936428924 0.0891824058614 0.0177922795705 0.00870344063339 0.00199742482426 0.0202415673075 0.0103906584259 0.0278704734447 0.00795537241961 0.00250494830429 0.0153840497907 0.010948943778 0.0190531204502 0.0111186843674 0.185118949015 -0.0211747828581 0.020547440998 0.013191155194 0.0287260622247 0.0193604905353 0.0499624653182 0.0349651116934 -0.00906434683041 0.019067167337 -0.00104359321946 0.003308956977 0.0117571970904 0.0289388787688 0.00199564818464 0.0242018518673 0.00148929513315 0.0106769360585 -0.0018623901496 
0.00443325307105 0.00273141172394 0.00513559952268 0.0145948034581 -0.000834708303126 0.0108817112426 0.0267535651213 0.0135743375731 0.000684200222047 0.00343867708754 -0.0078882425192 4.71604576889e-05 -8.50796055751e-05 0.0244968437718 0.00789852582977 -0.028133693401 0.00815580084561 0.0122144761014 -0.0212474740707 0.00494183696615 0.0117801864546 0.000787454488606 0.0127246584922 0.0141357895275 -0.00943242050371 -0.00225660721721 -0.00140504856275 -0.00797044674306 0.0094513482957 0.00455817959207 0.0206579188652 -0.0211747828581 0.199759461008 0.0109501391212 0.00421703865731 -0.00445713128578 0.0279815534375 -0.00056991936157 0.0120688462948 -0.0112841272121 0.0181589460769 0.0048269554245 0.00402628950492 0.00325244820387 0.0129934588263 0.00203985144023 -0.0139623626507 -0.00929046125787 0.0058532947537 0.0351793146866 
0.0179482074273 0.0136651858314 0.0227983521594 0.000988083876315 0.0174404703494 0.00219679348075 0.0486863826038 0.022729828834 0.0274228961721 0.00688882940205 -0.00973246155293 0.0151319493789 0.0291559600485 0.0446592418308 0.00326122900212 0.0295742791531 0.0151927601134 0.0304739897489 0.00448765431801 0.0192124526819 0.0219836415587 0.0118748534982 0.0209002553729 0.00608698055616 0.0036256281848 9.05738285153e-05 0.0373985309588 0.00627314403683 0.0133749808494 0.0113090526687 0.00935627814518 0.020547440998 0.0109501391212 0.197990528131 0.0206768391947 0.00850319191412 0.01232798632 0.0289969040428 0.00475006210692 0.0169326724434 0.01838532315 0.0173624416776 0.0114415181129 0.0302250436824 0.010691878677 0.0196592513605 0.0272484042809 0.00983640812261 0.00430564615693 0.0161738363071 
0.0274330614135 0.00402943948574 0.0078584947225 -0.00154995593241 0.00060942703909 0.00360432636869 0.0255449117174 0.00829881258094 0.0123168571496 -0.00372199305152 0.00618588811081 0.0123296787082 0.00323060009305 0.00192661364 0.00792458950885 0.0140361851441 0.0166058205997 0.0130367703436 0.0143852568173 0.00352388960805 0.0353572051956 -0.00747556831295 0.0192657023458 0.0122191996301 0.00948543434734 -0.00320210989432 0.0164441162637 -0.0017637622053 0.021297778387 0.0192754085647 0.0250515538493 0.013191155194 0.00421703865731 0.0206768391947 0.178564028079 0.0128839545826 0.0152995882379 0.0201305578254 0.011025132349 0.000508462922118 0.0241662474924 0.0149523689411 0.001401093999 0.0158944925613 -0.00568590036785 0.0283362549873 0.040425107533 0.0208647382598 0.0118712295855 0.00604500012661 
0.0703018196882 -0.0025113565503 0.0198980197182 -0.0018448160589 0.0323701238839 0.00407343588148 0.016569425745 0.00775487233423 0.00585629460602 0.000642373205972 0.0120031448349 0.00915624440105 0.0302009632455 0.018747920312 0.00292632478516 0.0231265164158 0.0211654554102 -0.0107165002231 0.0567720008039 0.0276481779552 -0.0011542392584 -0.038250520992 0.0269823167072 0.0117220137387 0.0226299277459 0.0765481366816 -0.0030743500981 -0.0237392529714 0.0179796235268 -0.00665850379321 0.000570849177467 0.0287260622247 -0.00445713128578 0.00850319191412 0.0128839545826 0.354030413016 0.0169593745221 -0.00662178515494 0.0528991748283 0.0492676719369 0.0454242329862 0.0055675967269 -0.00782360224335 0.0254160511147 -0.0207656712771 0.0236870481092 0.0436926830932 0.00854402323981 -0.00334060828747 0.0204959778634 
0.00506846771058 0.0399759155537 0.0114766592752 0.0192308076553 0.0178404589183 0.0200347514269 0.00351872164342 0.010802629591 0.00377345586852 0.00200655219978 0.00912848616439 0.00265026415684 0.0188690064366 0.00170269596459 0.0614817111303 0.0178746634478 0.0109600802823 0.0204811530858 0.114930306236 0.0326047274205 0.00502439629361 0.00546463094245 0.00502886980055 0.0144778283364 -0.0114456160001 -0.00983825711963 0.0104856974587 -0.00098498119596 0.00981588329401 0.00270704951967 0.0247435079999 0.0193604905353 0.0279815534375 0.01232798632 0.0152995882379 0.0169593745221 0.231788379938 0.00338856914568 0.0211576028704 0.0144717794901 -0.0210550587375 0.00597830021729 0.0307474301497 0.00994834874298 0.0306410789262 0.0108944325895 0.0445060623512 0.00757728150653 0.00164624443633 0.035078626672 
0.00567048328212 0.00522570510379 0.0510640646695 0.00501282774763 -0.00459728161945 0.0175817914042 0.0388993813002 0.0265305506159 0.00891943097649 -0.0167419560945 0.0351390024469 0.0182835390497 0.0234609857707 0.00637495987358 0.00929879663069 0.0119024508137 0.00699199248653 0.0185138644539 0.0307247368307 0.00425341829582 0.0133978486578 0.0018568430147 0.00887186598135 0.0256640895052 0.102896471503 0.00615610069619 0.0250028096466 -0.0133350359403 -0.00659211078144 0.01556794126 0.0301690455471 0.0499624653182 -0.00056991936157 0.0289969040428 0.0201305578254 -0.00662178515494 0.00338856914568 0.888138594564 0.0208518238914 0.00177738960003 0.00183972871696 0.0217400342116 -0.0117919662542 0.0216152991454 0.0025013741207 0.0420615065944 0.00323972858386 0.019458964834 0.0299240765539 -0.0109636373694 
0.00774250705258 -0.00356111829435 0.0127182464986 0.0245409015243 0.0485009067296 0.0197765143238 0.0205378871931 0.0375820282256 -0.00580134134524 0.0627907385697 0.0227555008227 0.0268971137428 0.00174422494533 -0.00635641298612 0.0130016470395 0.00989253406502 0.00962046947277 0.0323607983246 -0.00440034226275 0.0143065300449 -0.00776619368356 -0.0160290054382 0.0327656463135 0.0353970707741 0.00970594758698 0.0446427258817 0.00208455634229 0.0337370249153 0.0595289430287 -0.0288726609395 0.00896521314307 0.0349651116934 0.0120688462948 0.00475006210692 0.011025132349 0.0528991748283 0.0211576028704 0.0208518238914 0.484620630327 0.048780907323 0.0286235961894 0.00178841435746 0.0195619403336 0.0336437292058 0.0246771076749 0.0717802801526 0.0323636370406 0.00512047081485 0.223014809275 0.00563675747054 
0.0949592456719 0.00156273071675 0.012661583258 0.00534510108076 0.0115321428509 0.0618135870254 0.00627680284945 0.0150131969286 0.0822140977168 0.0281580664026 -0.00565573963741 0.00082256116124 0.00912838966249 0.0125111429293 0.0151006117234 0.0289880073297 0.0265239007627 -0.0021224171299 0.0502992827327 0.0331845563642 0.00887504079942 0.0374311002478 0.0166246737533 0.00777091131264 0.0115935649242 0.00784595921907 0.00825149952388 0.0240702056068 0.0491514442735 -0.0153344381735 0.000235703408178 -0.00906434683041 -0.0112841272121 0.0169326724434 0.000508462922118 0.0492676719369 0.0144717794901 0.00177738960003 0.048780907323 0.319475588551 0.035751431391 0.00828664235323 0.00293788169533 -0.000630481114305 0.021744240533 0.0107259683844 0.0412190176462 0.00583920770511 0.0456391760911 0.0277456318232 
0.0677884412451 -0.0195570076144 0.0227056519826 0.00957763245102 0.0290769848468 -0.0175389966484 0.0554598083827 0.0229378620352 0.0346316604107 0.0598059644397 0.00233026369844 0.0210446809028 0.0339924247605 0.0064579675108 0.0109485706275 -0.00821079306185 0.0470836159618 0.070848339333 0.0207897873561 0.0216096073244 0.017588574351 0.0591269784123 0.00256239406881 -0.0166145092414 0.0132589469201 0.0264793925704 0.00960977312023 0.00937764290132 0.0692977871255 -0.0100898957543 0.0305359377557 0.019067167337 0.0181589460769 0.01838532315 0.0241662474924 0.0454242329862 -0.0210550587375 0.00183972871696 0.0286235961894 0.035751431391 0.342909291635 0.0157320589026 0.00475121576779 0.0256566711656 0.0304296354711 0.0254659637595 0.0056458665929 0.0191902545839 0.0365423849865 0.0201322223554 
0.0249593826738 0.0101994065966 0.0421944188687 0.0126708218154 -0.000968976013528 0.0105125923849 0.0370709378095 0.0292740898265 0.0142346057107 0.0422897697135 0.0115405991656 0.0318563161191 0.0200955372125 0.0171676636338 0.0121408954108 0.0086318125676 0.065218979942 0.00959849085094 0.00723619377478 0.0143728613267 0.0220632157875 0.00658895909093 -0.00780905232973 0.0114696756754 0.0344795361683 -0.0151420328087 0.0195658025219 -0.00509637032055 0.0189506760296 0.000314551635307 0.029180657435 -0.00104359321946 0.0048269554245 0.0173624416776 0.0149523689411 0.0055675967269 0.00597830021729 0.0217400342116 0.00178841435746 0.00828664235323 0.0157320589026 0.227902133382 0.0111783172288 0.0134211993091 0.0200499750147 0.0187524807817 0.0294774756853 0.0236614163434 0.00265250082515 0.0153410118213 
0.00345999553852 0.0191623100754 0.00556673837049 0.0113125932148 0.00286872857469 0.0138242447768 0.0187366035901 0.0188884484628 0.0119755260175 -0.00435259886115 0.00728754042 0.021384817597 0.0189792879698 0.0150628953409 0.0077874058471 0.0271950702014 0.00151276523328 0.00737309150671 0.0157044800004 0.0242564446241 -0.00366689674645 0.00538782551249 0.00759206617972 -0.00225573307305 0.0010944144922 0.00555710735771 0.0209024910689 0.000403249863078 -0.00544968173842 0.00920979016673 0.0154647116569 0.003308956977 0.00402628950492 0.0114415181129 0.001401093999 -0.00782360224335 0.0307474301497 -0.0117919662542 0.0195619403336 0.00293788169533 0.00475121576779 0.0111783172288 0.172496986951 0.0061035145655 0.0299044705393 0.0312006289915 -0.00224453649285 0.00511538272312 0.0199665523134 0.0081903237707 
0.0224341681681 0.0190849430149 0.044089884048 -0.00022663959189 0.03373146798 0.0039022897704 0.0105495483825 0.0446288005288 0.00814008518772 0.0244467600305 0.0347327892941 0.0383301247453 0.021415827398 0.0427245141753 0.00430063210278 0.0289829087229 0.01281284236 0.0207531605549 -0.000406882650614 0.0191820830335 0.015417453386 0.0282318873872 0.0252768660894 0.0175953548743 0.0109579788068 -0.00725115455472 0.0232867269298 -0.00228856399076 0.0541232814023 0.0161887746483 0.0289589975145 0.0117571970904 0.00325244820387 0.0302250436824 0.0158944925613 0.0254160511147 0.00994834874298 0.0216152991454 0.0336437292058 -0.000630481114305 0.0256566711656 0.0134211993091 0.0061035145655 0.214766934207 0.0142201569128 0.0457067172515 0.078229773732 0.0242932617645 0.0558952534093 0.0197264799837 
-0.0198570138478 0.0111340139507 0.0190885416547 0.00565087658874 0.0510001657094 0.0712815702345 0.0173858468937 0.0217339997796 0.000750717534124 -0.0053363564381 0.0438705387863 0.0113351449737 0.0181125500085 -0.0280562077213 0.0188240759833 0.00436033026163 0.0194722799308 0.0111496940964 0.0972415527968 0.0110054593933 0.0113765521697 0.0325948854871 0.00981995436279 0.00606242976368 0.0123020980311 0.00385020663629 0.0231709523041 0.018855477619 0.028203740515 -0.0109384686228 0.0143840503823 0.0289388787688 0.0129934588263 0.010691878677 -0.00568590036785 -0.0207656712771 0.0306410789262 0.0025013741207 0.0246771076749 0.021744240533 0.0304296354711 0.0200499750147 0.0299044705393 0.0142201569128 0.320250433749 0.00464154977687 -0.00689600771555 0.0103929433167 0.021626245541 0.0151336597246 
0.0385518715286 0.0112562663189 0.0512714712793 0.0122169886801 0.0287869295994 0.0209930854151 0.0558387873137 0.0244946450098 -0.00283089330962 -0.0133699966747 0.0181973129308 0.0124561991368 0.0447323286739 0.0245326134145 0.0339738686755 0.0290099116744 0.00857388524879 0.0253510049142 0.0261159943209 0.0145404152181 -0.00534534746435 0.00672141941749 0.0558602191442 0.0194027840595 0.0286995736062 0.04082718402 0.0233808648664 0.00845106616008 0.00882516069391 0.00379459547228 0.0425572488069 0.00199564818464 0.00203985144023 0.0196592513605 0.0283362549873 0.0236870481092 0.0108944325895 0.0420615065944 0.0717802801526 0.0107259683844 0.0254659637595 0.0187524807817 0.0312006289915 0.0457067172515 0.00464154977687 0.459879037715 0.0125082577625 0.0233962733431 0.0860262968027 0.0243082775749 
0.0914017054006 0.026194480807 0.0103733694324 0.0232907333739 0.0267994267551 0.0313014365972 0.0102956212955 0.0234203148263 0.0265226605593 -0.0152952193301 0.0143266215895 0.0207547420917 0.0323705998651 0.0174727832791 0.0104123035301 0.0325826818862 -0.00613060140243 0.0097928925312 0.209726310442 0.00998663821867 0.00654497537521 0.01775571149 0.0241634882066 0.0195254443946 -0.000623930195893 0.0013927743662 0.0317450287417 -0.0204397661503 0.0272831434694 0.00705255271585 0.0256039865021 0.0242018518673 -0.0139623626507 0.0272484042809 0.040425107533 0.0436926830932 0.0445060623512 0.00323972858386 0.0323636370406 0.0412190176462 0.0056458665929 0.0294774756853 -0.00224453649285 0.078229773732 -0.00689600771555 0.0125082577625 0.638642467487 -0.00609324606092 0.103854806557 0.0046319819861 
