100
0.0300764430792 0.0339335468557 0.0415097954764 0.136929250297 0.1366928931 0.0917148498368 0.0979044774238 0.0615160923796 0.131188957491 0.162419244675 0.102568127786 0.0277285522359 0.161692830297 0.0519302207626 0.110578936942 0.0150252709272 0.107494880462 0.103166553638 0.0485380268731 0.0609589558998 0.0429486266904 0.126255379542 0.0541634245192 0.00265371642944 0.0315088302779 0.0623269012124 0.0914492870129 0.0598638009539 0.105904751354 0.0363676427781 0.0347685991573 0.399937027552 0.0315903614714 0.143358946574 0.0963264580192 0.00642009941462 0.034888990542 0.0283013122104 0.00791209609274 0.05514883533 0.0571643700905 0.022553065058 0.190895055806 0.0172601721071 0.0493870590102 0.0444735285872 0.143828325424 0.0413299620627 0.0723241103927 0.0166595463284 0.0301217617298 0.114977551813 0.037281538924 0.125568601155 0.0291549562933 0.0301615681032 0.10643743266 0.080702843163 0.0316067218978 -0.00694067656108 0.10004428458 0.0824662750087 0.0616353203302 0.104550469133 0.106465020668 0.0328492958576 0.142251168296 0.101670797752 -0.00662659235152 0.0256858872149 -0.00305157485537 0.102864057578 0.13588321519 0.0766259396051 0.0823962853659 0.0316717201181 -0.00139328324831 0.151477321577 0.0887704215167 0.0507347996455 0.0678116165217 0.0913653440874 0.0649972461493 0.117315051398 0.0248803539628 0.0703179731329 0.0998681056981 0.0493961611292 0.0436793340255 0.0695206157777 0.0230030392576 0.0275413533974 0.00851722536111 0.168192385625 0.0861575830063 0.143553651187 0.0288411222523 0.0966324757555 -0.00660692339257 0.0202129727645 
0.345070997553 0.0252541996293 0.00262314510934 0.00249655978134 0.021784423687 0.0152339380756 0.0138837292767 0.0150348838813 0.0183059575686 0.0472859602978 0.0199167631732 0.00777494981669 -0.00376683913776 -0.0151117542707 0.0320575271187 0.00983827984577 0.0115854039132 0.0115806074205 0.00993779223945 0.0110688617317 0.017102267862 0.0176960311381 0.00741121399329 -0.00370191825184 0.0190429692474 0.0155186969713 0.0184861551989 0.0103815903399 0.00348551296492 -0.0106629006785 0.0177226067115 0.0156279624157 0.0205813969963 0.00179798343754 -0.00146363744888 -0.00245147014338 -0.000681140406446 0.0155684033791 0.0226673735088 -0.00793722590188 0.0195071530994 0.00611372647314 0.00990362516564 0.0108812342501 0.0157667526242 0.00378588633241 -0.0108431012807 0.00331244372964 -0.00480649984749 -0.00210910302706 0.0128071940128 -0.00219122585135 0.0080919563124 0.0794903490031 0.00669558947085 0.020330263473 -0.0057028192725 -0.00682513465481 0.0259757990937 0.0527817641232 0.00832039528548 0.000418864715735 0.00189234058473 0.0428391654881 0.00716911800185 -0.00227067594024 0.0259097495201 0.00070719367607 -0.00398993173788 0.0017406823632 -0.00339646508423 0.00144896899766 -0.0149645088101 0.0216437221341 -0.0159592533853 0.0158886172574 0.0196391357309 0.00617832161335 0.0163533778039 0.00895702788353 -0.00849298815647 0.0185148244625 0.0337699592847 -0.00637187340629 -0.00867156696041 0.00556112689364 0.0200235203885 -0.00852140397796 -0.00405682045646 0.0296973583417 0.0103311509696 0.0130607548048 0.0089739006992 0.00985033942178 -0.00552811524787 0.0154234890176 0.025948223595 0.0397789158885 0.0262277202033 0.00729243774045 
0.0252541996293 0.25888048481 0.0323826144629 -0.000891345375446 0.0223758764365 0.00879450845109 0.0104142188339 0.019476553703 0.0279402853446 0.0187293561392 0.0351282847898 0.000178715287481 0.00372302173171 0.00295945619018 0.0790001193667 0.017048435969 -0.0177916134819 0.019683067382 0.0163060623975 -0.00437712625874 0.0125703325161 0.0346615088879 -0.000207221376811 0.0149793943001 0.0296360594648 0.0447228913465 0.0281915169559 0.00197629230709 -0.00357457924059 0.0288946423374 0.014802689092 -0.0124179888976 0.0151183082342 -0.00807812387088 0.00823561536537 0.00780571589929 0.0181836405874 0.00936799869826 0.0215260681665 0.018571799199 0.00329777842871 -0.00768451634966 0.0135006221455 0.00683135882544 -0.0220141642281 0.0513746734221 0.0200663088243 0.000383708215304 -0.00257478564684 0.0171405609359 0.000772510669455 -0.00445125407214 0.0217192237851 -0.00192995056506 -0.0178676471355 0.0252952877944 6.48175823403e-05 0.0105123138132 0.0154138392993 0.0312740380071 0.00686205154238 -0.00739997829139 0.00548082929794 0.0174719946308 0.0225852599357 0.0058523093645 0.0121531559088 0.0252153374926 0.00449826706462 0.0144274422057 0.00083930928176 -0.00366041564999 0.00967695475566 0.00505153807077 0.02304865772 0.0227289811644 0.0274914816091 0.00781982295296 0.00556674088628 -0.0110858326134 -0.015700529689 0.0144648897118 0.0106228488732 -0.00337175553121 0.00185476833745 0.0157671937532 0.0263240469451 0.000272333546591 0.00294419028049 -0.00848138156186 0.0221155993549 0.0114431316814 0.0175459424578 0.0181615126751 -0.00346123923905 0.0313966215086 0.0170905537614 0.0247254205841 -0.00967745573178 -0.00249651140327 
0.00262314510934 0.0323826144629 0.321362555521 -0.000517589077535 0.0206056815706 0.00566954337163 -0.0193371273612 0.0189871116115 0.0164941152761 0.00703454019856 0.000749887604574 0.0214309418312 0.013429720208 0.0429319141911 0.0165309416866 -0.013715184316 0.0295829948263 -0.00720444598999 0.00410520279765 -7.62582674327e-05 0.00232024811829 0.0149355438385 -0.0237117120174 0.00456093030199 0.0291803760529 0.0212188511162 0.0461545691748 0.016438113521 -0.00279941924981 -0.00267563761442 0.0858512310783 0.0631614947729 0.0288919908307 0.0138635740796 -0.00176571001448 0.0262799047284 0.00126069974013 -0.00942502868798 0.00138498585361 0.157825763429 0.0132537674647 -0.0184702392357 0.0253099403417 0.0200896588208 0.0149307666167 -0.00660416006774 -0.0104047518156 -0.0135737712131 -0.000227647775867 0.024517755724 0.00616236324543 -0.0112620350793 0.00528934259895 0.00786924997198 0.030754032299 0.0354843603789 0.151645876819 0.163690842553 0.0133848619775 0.0201753136236 0.0012542177506 0.140290817366 -0.0117434747075 0.0488670029644 0.00314279571144 -0.0139277677408 -0.0259255602237 0.00150508593276 0.0129622998845 0.0169707399357 -0.0145314957861 0.028680674412 -0.0372740531146 0.00826190842769 0.000659932648132 0.0240287616712 -0.0187193419519 0.0647512215411 -0.00269021135859 0.0143859971307 -0.0187111754805 0.0194373664018 -0.0268105589791 -0.00490370364092 -0.0017553682107 0.0125513600784 0.0171831963617 -0.00925913893775 0.0177781470701 -0.00817592458976 0.0123133888794 0.0228358615185 0.0114314832596 -0.0117777390463 -0.0154446584898 0.00456692548077 0.00132103245085 -0.00917450649473 0.000521482619849 0.00184051212332 
0.00249655978134 -0.000891345375446 -0.000517589077535 0.584745309659 -0.000858621945635 0.0352113592474 -0.000860231547874 0.01113591731 0.00779493831763 0.00553107974398 0.0249338783918 0.00126220624534 0.0135620467038 0.00851014724598 -0.00917119264057 0.0306307276088 0.0134022214551 0.0144902988394 0.0214361862127 0.0217455200541 0.00239089859697 0.0702279263343 0.00581337845106 0.0149664986971 0.0177704143777 0.0105351921774 0.0905938249434 0.0320189172702 0.0491964958743 0.0185284656297 0.0208679238479 0.0291592944672 0.0188564565757 0.0162088656856 0.0167282018 0.0256610510132 0.0202545890247 0.0453848780582 -0.00124947572216 0.00989952098966 0.00134828750249 0.02040070306 0.0331569685752 0.029496818572 0.005952466601 0.0254686057976 0.00700669277478 0.0278424262816 0.056939811808 0.0112641836439 -0.00169319060005 -0.00887131859238 0.0304681259062 0.0205002324799 0.00225539980026 -0.00467553731427 0.00705995909153 0.0256914761953 0.0154465099817 0.0488133061239 -0.00342597645578 0.000616669528806 0.0778033438701 0.0219934272516 0.00217308359961 0.0266504553489 -0.000401435622314 -0.00390723880976 0.0136715191863 0.0309421462326 0.0345941192887 0.014213634387 0.00352544537459 0.0257557136584 0.0406026828834 0.00745863128226 0.0145652724544 -0.00508308064959 0.0158628657584 0.0271775649035 -0.00718824707695 0.0675776330732 0.0420250536727 0.00997918599039 0.0279062507525 -0.0392361470429 0.028566409039 0.00993922701873 -0.0103961266901 -0.0148555174709 -0.000345722706884 -0.0298928713426 0.0189543144099 0.0120338712057 0.0219799890005 0.304095623774 0.0079667675702 -0.0158047049722 0.00217151944116 0.0212799167554 
0.021784423687 0.0223758764365 0.0206056815706 -0.000858621945635 0.505776373656 0.00734356491228 0.0240758561301 0.0139973318823 -0.00471221300382 0.0113267238918 -0.0124235047345 0.00158976028709 0.00165398933767 -0.00539097924611 -0.0032259008278 -0.00116487426367 0.0085955543982 0.0390305871553 0.00276501709709 0.0159381156528 0.0331067332158 0.0130272844484 0.0201413760682 -0.00666445624227 -0.00393047598233 -0.00450140268654 0.0243914109735 0.0171397381867 0.0117380708108 0.0205710994497 0.00524078363848 0.0419721024298 0.0174702629279 0.012042001614 0.00382370267636 -0.00169500117939 0.00100252723559 -0.00774835928961 -0.0114028608674 0.0276543017529 -0.000384917314586 -0.00534689658127 0.00337548767814 0.040271902487 -0.00268627664359 0.00998442177363 0.00465348005534 0.00365635248144 0.0147397900281 0.0158909801617 -0.00353507684218 0.0583658888191 -0.000910705516068 0.031097442181 0.0272292959747 0.0214660861713 -0.000292401406652 -0.00912244254681 0.00877390726773 0.000788371556605 0.0191319111126 0.0248342861367 -0.00713461752836 0.0125110196828 0.00638633720089 0.00142044162306 -0.00334107316256 0.00549148440561 0.00411818543893 -0.0150184923145 0.0120013583347 0.0158808344184 0.0663271316932 -0.0213255679729 0.00712597272965 -0.0123035449179 0.00367419264035 0.0378759005039 0.0123735880359 0.00912413839235 0.0117413141249 -0.000418523067773 0.00929535108818 0.0170728144269 -0.000400539006357 -0.00220954974286 0.0396796110143 -0.0046472701911 -0.000839475574807 -0.00948406273339 -0.00576441311959 0.00657943350024 -0.00498880672499 -0.0153929795341 0.0211829604501 0.0171824436779 -0.00239773155848 0.0135295389865 0.0201668057949 0.0139955751077 
0.0152339380756 0.00879450845109 0.00566954337163 0.0352113592474 0.00734356491228 0.133509851845 -0.00218020110432 0.00943075391781 0.00121203464921 0.00969255637341 0.040272118123 0.00942522367527 0.0275804430159 0.0198776104707 -0.00328294390372 0.0119209501615 0.0430685347581 -0.00525977156671 0.00429970194966 0.00996529607082 0.00706623605795 0.00119599061941 0.0120179384932 0.0114975874555 0.0242584143635 0.0248714635885 0.0330159409616 0.0613569154626 0.00920800556512 0.00652201350521 0.000473764120114 0.0215995366472 0.0423321562518 0.00295876848755 0.00944142769766 0.0174144169043 0.0110267219336 0.0131257457911 0.0150684913944 0.0105401677687 0.0035600399054 0.00247555786294 0.0182057011191 0.0148633616183 0.00458561112248 0.0196747885706 0.0197709809566 0.0188868077698 0.0283329558731 -0.00164737281634 0.0150261993906 0.0157465194311 0.0207008211266 0.0243940812834 0.0100108679347 0.0643892709082 0.0290192500939 0.00393315692474 0.0211305003347 -0.00125398492134 0.0153108119352 0.0187946847318 0.0147896478911 0.0149671895654 0.0138310997331 0.0225353203539 0.0239649477963 -0.00142234455618 0.0122848801662 -0.00366434951302 0.0132354366714 0.0215767766008 0.00538134472999 0.0182228984229 0.00996808840905 0.0227497994095 -0.00139893071243 0.000669086612222 0.0313671920538 0.0139037649716 0.00674283595907 0.00955425321752 0.00671022498935 0.0016634467284 0.014007696196 0.0207602621928 0.0172175779992 0.0122893958481 0.0324856480631 0.0314739913803 0.0198913675039 0.025855510784 0.0185955723435 0.0204586458819 -0.0103784353956 0.025512997054 0.0236564005452 0.00853228482261 0.0131476276796 0.017579205762 
0.0138837292767 0.0104142188339 -0.0193371273612 -0.000860231547874 0.0240758561301 -0.00218020110432 0.492840974836 0.0171423157351 -0.0106575973891 -0.00508559179164 -0.000278920824603 -0.0032255396477 0.0234443129056 -0.00323433665401 0.0267892304289 0.011933097138 -0.00278686447991 -0.0112512936619 0.0236647797235 -0.00101108594878 0.0177687636916 0.0149582609207 0.0557070800853 -0.000804992831056 0.0135758754618 0.042835057612 0.0531342936358 0.0286399338638 0.0171737446031 0.00687953895364 -0.0039618249242 0.00121515063764 0.0129073300916 -0.00253466084832 0.00883303256881 -0.000699996811315 0.0328917958073 0.036704733834 0.0161987945449 0.00866594583993 0.0187557756168 0.00459107987035 0.0123560908283 0.0159209147508 0.00267770019754 0.0209029595355 -0.0147539566004 -0.00547946046932 -0.0105831183506 -0.00650016191006 0.0205094929313 -0.0277480360911 0.0174848163405 0.059280877232 0.0172969170543 0.00440189875658 -0.0291170966046 -0.0317273755509 0.0257091725194 0.0337057788037 -0.0191325156445 -0.0184755770689 0.00685468908805 0.0216738430167 -0.00206427147077 0.0192240777693 -0.0122866723104 0.007139391579 0.00874249048388 0.030744199675 0.0158401142184 0.0246018117666 0.0500109356076 0.0229352354991 0.00655521972215 -0.016582813072 -0.0240974517963 0.00451910169989 -0.00831266338376 0.00927243967137 -0.00620508044127 0.00711142871551 -0.00695107474531 0.00494179874596 0.000174861388593 0.0128804889298 -0.00236343598263 0.0246408545654 -0.00319678083297 0.0257712833924 0.017243338847 0.00960680581166 0.00404603734057 -0.0140674765186 0.00308544177955 0.0291322675306 0.000197436744918 0.0449787095229 0.02942146016 0.0157298590762 
0.0150348838813 0.019476553703 0.0189871116115 0.01113591731 0.0139973318823 0.00943075391781 0.0171423157351 0.152235211155 0.0556326983968 0.00259115610454 0.0152562811081 0.00852424034521 0.021443916287 0.00877298847563 0.00693563626398 0.030893585852 0.0132222519867 0.0183376702068 0.00542926767421 0.0094461103566 0.00700583639045 0.0310402461507 0.0226243066216 0.0112966947171 0.0161611118829 0.030343039504 0.0436070287007 0.0110066215685 0.0187456208935 0.018519270088 0.00200413313904 0.00256519747746 0.0250313785311 0.00140174542451 0.00662790187889 0.0174157148829 0.0164026313901 -0.00133074223661 0.0125631706128 0.00905832666665 0.0222797982914 0.0200706254872 0.0163577147527 0.00238097442295 0.0127440902003 0.0266739851715 0.0234834779763 0.0217895811987 0.0258062429161 0.0197476978009 0.019763759466 0.00862202160072 0.0121222858599 0.0118583819748 0.0113524312857 0.0223548191668 0.0126440733579 0.00647706378909 0.0166704203839 -0.00191854647716 -0.0216739422383 -0.0101636063035 0.00713224540127 0.00891032887127 0.0250431306401 0.00848977650091 0.00314533585929 0.00251952542153 0.00725642287941 0.0231635142806 0.00274806754188 0.0173876698154 0.00959975847814 0.036360110014 0.0194082222119 0.017217918086 0.0146994677259 0.00929224942605 0.0258580426995 0.000237116632218 0.00911095297044 0.0131712435297 0.00609122687695 -0.0014959569141 0.0078535882329 0.0293861004314 0.0056594471223 0.0072566811062 0.00581896135052 0.00928326222657 0.0243999571588 0.00285283496353 0.00528907115426 0.0215196947369 0.0280265507455 0.00664822931665 0.00991771173447 0.0211778515141 0.00708368416865 0.0150447859262 
0.0183059575686 0.0279402853446 0.0164941152761 0.00779493831763 -0.00471221300382 0.00121203464921 -0.0106575973891 0.0556326983968 0.351830698008 0.0209664643133 0.0238206483339 0.0204671467489 0.0417168538769 0.0253941465762 0.0649371353718 0.0253067734499 0.0514557245151 0.0343326229958 0.0243027962136 0.0292783394192 0.0181548723034 0.0219424627743 -0.000830524314014 0.00996630868454 -0.00556570920406 0.0154379500296 0.0434645248717 0.0226429859374 0.014189357089 0.0211173151445 0.00943236757576 0.00297066386486 0.0235183874738 0.0191893350791 0.0191233844139 0.0164807297102 0.0100774594883 0.00122856641842 0.01418202996 0.0260516303284 0.0290099163278 0.0132080573912 -0.0152345651379 0.0209818695118 0.00102564613405 0.00525338156977 0.0171503006461 0.0302532610498 0.0164983985342 0.049940328316 0.00448870776653 0.0544094223506 0.0111466576926 0.0205306109285 0.00645087418578 0.00459342443214 0.0108873229713 0.0309980765747 0.0179314387972 0.0202994607104 -0.0144305848973 -0.00176106771517 0.0100589564832 0.0137636901113 0.0710338736209 0.0348190196242 0.00634909146434 -0.00221739409456 0.0185368098424 0.0415366730267 -0.00610042201403 0.00920865293332 -0.00308331386255 0.00886031775014 -0.00522773643219 0.0203156409773 0.00798080246739 0.0282192918277 0.00710861623296 0.0154323730797 0.0224330054104 -0.00648737757986 0.0227911912341 0.00391229830017 0.017157593539 0.0100319874472 0.0839844856342 -0.00147973205037 -0.00373844454734 0.0486772705993 0.0106324148181 0.0183453474458 0.00591874496191 0.0501159509893 0.0396471971691 -0.00390176797004 0.027726523761 0.00361018603674 0.038273848196 0.0326154325169 
0.0472859602978 0.0187293561392 0.00703454019856 0.00553107974398 0.0113267238918 0.00969255637341 -0.00508559179164 0.00259115610454 0.0209664643133 1.29058922384 0.00714466113556 0.0257458280284 0.00383420529474 0.0430909401357 -0.0257722921054 0.00536660731426 -0.00526058321683 -0.00367813049869 -0.0123035542225 0.0688710148445 0.00306957063698 0.0530827918187 0.0135392926179 0.00300857103427 -0.00327372525359 -0.00324055954053 0.0573600652539 0.00586628121116 0.0654890627187 0.00261630851274 0.0120890476381 0.0130911658716 0.0190029440725 0.00554541121144 0.0430272405676 0.0105466797833 0.0094118124918 0.0148519995809 0.00941989353471 0.0145629310519 0.0042651606584 0.0108205809357 0.0360633922085 0.0145208040625 0.0187029004711 0.0180285555258 0.022212414922 0.00063811290258 0.0091897291853 0.0101498237542 0.00568428234053 -0.0107552507883 -0.00306601508538 -0.018722192469 0.00458330183031 0.0548873801268 -0.00734482105199 0.00450443446537 0.00804359995487 0.0199487674221 0.0318705392255 0.0106850315135 0.0240163832203 -0.00029494520462 0.0111498974663 0.0153452452673 0.00334435047856 0.00261165603436 0.0342840306467 0.00305041477797 0.0281618016642 0.0149863064778 0.0160935949788 0.00610795821751 0.00755668053191 0.0165342365154 0.0306254485263 0.0167277489953 0.0192923481327 0.0167243079488 0.0156278274977 0.0109763737384 0.0349796221466 -0.00357259797793 -0.00231447700782 -0.00737234321749 -0.000564201997669 0.00889764883872 0.0100353967662 -0.0173038744516 0.0120982503692 0.0247723871276 0.0144883257589 -0.00184161603831 0.00138298754198 0.0163364407164 0.0225474989143 0.0116606950415 0.0280953211409 0.00366090865755 
0.0199167631732 0.0351282847898 0.000749887604574 0.0249338783918 -0.0124235047345 0.040272118123 -0.000278920824604 0.0152562811081 0.0238206483339 0.00714466113556 0.248124023821 0.00444352870833 -0.0023966404937 0.0117181081515 -0.0154019547779 0.00464261655764 0.0284480872457 0.0146065853391 -0.00685886114136 0.0434447087782 0.0349834549195 0.0316129699252 0.0203535588295 0.00676122175601 0.0130817947727 0.03388220306 0.0701600828308 0.0327202552491 -0.00858217101893 0.0119780637537 -0.00442168246933 0.0544328861356 0.0222023983242 0.00490666212307 0.026730633257 0.0126522813264 0.00449948857299 -0.00339888684758 0.0164923887918 -0.00278888012274 0.0361056044026 0.0310765195922 0.00481703798566 -2.09177633989e-05 0.0130490226407 0.0289141260643 0.0138480243566 0.0111638138939 0.0243393361881 0.0120888374356 0.0246055237952 0.00778729525843 0.0254986025348 -0.00199382493388 0.0169374936008 0.0268702650821 0.01292474998 -0.0137744024022 0.0086325509225 0.0473744056568 0.0805601892413 -0.0204632292072 0.02700879794 0.037305105697 0.00671440963543 0.0268836258918 0.0230984294242 -0.0159055045004 0.0189003490341 0.0124658771703 0.00968392995285 0.0228209418623 0.00917268146667 0.0245840693168 0.0164840381665 0.0159788308183 0.028013774352 -0.0041777517599 0.037308535402 0.0182938217796 0.000213970234293 0.0239600998187 0.0238118511961 0.0304830338943 0.0171917618084 0.0158839662755 0.000953333330602 0.00681918228048 0.0228915432034 -0.0122879863475 0.0240939239868 0.0187898589071 0.0141400123356 -0.0213388185933 0.00590611765495 0.0216631325924 0.017048060278 0.0248327993267 0.0238692847904 0.0427562742361 
0.00777494981669 0.000178715287482 0.0214309418312 0.00126220624534 0.00158976028709 0.00942522367527 -0.0032255396477 0.00852424034521 0.0204671467489 0.0257458280284 0.00444352870833 0.163586353804 0.040595601215 0.048383757039 -0.00081185137724 0.0179752085584 0.00960251585556 -0.0057681113204 0.00891903475612 0.0185928137882 0.016984533604 0.0147325312384 -0.0246640559056 0.00966248844639 0.0209016258665 0.00541656985515 0.0148981351856 0.0216389725256 0.0174620595701 0.00540370057068 0.0182205175333 0.0105068821057 0.0153731890402 0.00486650248537 -0.00901510169428 0.043525880438 0.00319537259631 0.00375715086448 0.00486269341058 0.0282823860845 0.0539132412639 0.00713926796196 0.0277795885957 0.011629202192 0.000728844191822 -0.00480217720473 -0.00325279579283 0.00747420074787 -0.0100428346211 0.0307656923816 0.0147954544093 0.0103994970663 0.0106663992456 0.0136062876717 0.000101112999283 0.00542199864016 0.0234107292145 0.00668634235167 0.0189442258887 -0.00992774323127 0.0182968949099 0.0331769058086 0.0242457084875 0.00588888008388 0.00375448556341 0.000673568418787 0.0251356802072 0.00776748348193 0.0373744011388 0.0194751014605 0.0209474124469 0.0136019484458 0.0023800224355 0.00232689570576 -0.0129175733882 0.042781508567 0.0202810549788 0.025208318455 0.0183128146944 0.0126493424628 0.0263344796115 0.035224900407 0.0185376523177 0.024235367879 0.00380509094604 0.015271787066 0.01657042483 0.0154320482091 0.0337642230718 0.0158611046736 0.00486062514583 -0.00641536134188 -0.00184700470859 0.0162273894528 -0.00232551795019 0.0128356229532 7.02690171604e-06 -0.00638715467627 0.00587237155264 0.000759863293509 
-0.00376683913776 0.00372302173171 0.013429720208 0.0135620467038 0.00165398933767 0.0275804430159 0.0234443129056 0.021443916287 0.0417168538769 0.00383420529474 -0.0023966404937 0.040595601215 0.817130927448 0.0242575400188 -0.0236422310611 0.0216733431083 0.0392709368224 -0.00513504668507 0.0258293587643 -0.0293865563652 0.0257264557303 0.00165986217264 0.00423485048584 0.0162894500023 0.00731366140777 0.0475867632408 0.00542451801181 0.0188883733116 -0.000286222506481 0.00514915097238 0.0154188210028 0.085930904782 0.0238444048843 0.0295737322995 -0.0168816156859 0.0185536391499 -0.0142256559398 0.0212143292636 -0.0168080763511 0.007798807922 -0.00240211041788 0.00211418840503 0.000943319349969 0.00666907346123 -0.00376430279214 0.0257618273518 -0.0336501544489 0.0225673957164 -0.00737933080692 0.00282297319147 -0.0149444241788 0.0124414967715 -0.0170860434512 -0.00438129394315 0.0088177378855 0.0053306971122 0.0154465988224 0.00439421059675 0.0234385920492 0.0119746417346 -0.000495055408623 0.00616438137866 0.0212589881343 -0.00122379929234 0.0365886796302 0.00673471752039 0.323658989999 -0.0100743040543 0.0124634062953 0.0224110648235 0.0103984787131 0.00332294853826 0.0158079450532 0.0333952703574 0.00151408109732 -0.00531678974976 -0.061401696293 0.0332212911063 0.0039440783332 0.0319729770161 0.0272509283806 -0.0114917898396 0.00780324220945 0.0128007239429 0.00584346215474 0.0416542566882 0.00325290071451 0.0277820663507 0.021522474661 -0.0232210847848 0.0340451495518 0.0363311643361 0.019553324883 0.0250812236652 -0.0192481139916 -0.00965028989532 0.00475612092935 0.0108015392382 0.00785689430702 0.00199968032013 
-0.0151117542707 0.00295945619018 0.0429319141911 0.00851014724598 -0.00539097924611 0.0198776104707 -0.00323433665401 0.00877298847563 0.0253941465762 0.0430909401357 0.0117181081515 0.048383757039 0.0242575400188 0.209900656716 0.000721053019718 0.0185501699641 0.0237198197738 0.00635437779483 -0.012925123105 -0.00315199292442 0.0150296965621 0.0111164155469 -0.000973519127328 -0.00747180898577 0.0266223673575 0.0187045562826 0.00167981646484 0.0209437253281 0.0156931708667 0.00449951328594 0.0217053933495 0.00436879152334 0.0118310549772 0.037523836112 -0.0124239785969 0.0472141634269 0.00602965417677 -0.0069269913921 0.00299545076367 0.0331063657633 0.00603016051944 -0.00253812623554 0.0432609003818 0.00327328644329 0.0121600067707 0.0291053032629 -0.0165305574952 0.0174030530304 0.00363430924458 0.0339059571402 0.00675426541597 0.0168583021693 0.0104148888252 0.0203883247354 -0.000413993819945 0.0192184675622 0.0338034064992 0.0402793644437 0.00831715728565 -0.00152769221493 0.00214828722968 0.0343925895137 0.00586776318161 -0.0195877656937 0.0323770440707 0.0116441680414 0.00609300422788 0.00199271809048 0.0460346514929 0.00643112048098 0.0304131516964 -0.00514312961065 -0.00906014539031 0.00649445369637 -0.0100168602148 0.0129063616087 0.024732429247 0.0317647877087 0.0470550809508 4.09747116301e-05 0.0360461999462 0.0141063080311 0.0190864756623 0.020331390687 0.00580020935926 0.0267833095052 0.0141969572358 0.0749094520413 0.0553732620413 0.00676023544282 0.0229449022465 0.0116671294554 0.0204405025644 0.0011342731147 0.0214875795093 0.0432799633584 0.0137752406121 0.0062360501857 0.00586631975063 0.00317582044514 
0.0320575271187 0.0790001193667 0.0165309416866 -0.00917119264057 -0.0032259008278 -0.00328294390372 0.0267892304289 0.00693563626398 0.0649371353718 -0.0257722921054 -0.0154019547779 -0.000811851377239 -0.0236422310611 0.000721053019718 0.819593935305 0.0214667601201 -0.0148633852036 -0.0051372736255 0.00336607175494 -0.0126102179141 0.0377496831975 0.0232378954362 -0.00955366316829 0.0273668989437 0.0083992070325 0.0224301776497 0.0496463960781 0.0150350260902 0.0229612512212 -0.00318065063733 0.0200238074264 0.0502115322627 0.00711137693092 -0.0217838842472 0.00890219308437 0.00970299927779 9.14358907402e-05 0.0206753919691 -0.00595448353391 0.019112726965 0.00436712431785 0.00743062423524 -0.0108814800456 -0.000690731026091 -0.00461726244232 0.0131639585833 0.00732337580239 0.00933664005731 0.00888800668068 0.0102921278799 0.0120559925097 0.0297964140567 0.0443359781963 -0.017345124253 0.0188310851029 -0.00758270742621 0.024207776624 0.0118305637102 0.00759184068221 0.0159944022634 0.0179200881203 0.0113085654213 -0.00428750515757 0.0132793122066 0.0112465579122 -0.00993930556196 0.0233233540736 0.0164084216058 0.00383920524729 0.00617505491833 0.00382069965666 -0.00174325153988 0.0213555694429 0.0094313776815 0.059848640078 0.0340681294907 0.016209462574 0.0336855361704 -0.00719876689963 0.0227789638583 -0.00736435255913 -0.0365561614137 0.0266430816175 -0.00891980942802 0.0139010658908 0.0175698721112 0.0701712246528 0.0177061363392 0.0166767187399 0.0785020865542 0.0078116896085 -0.0061754950518 0.00435390592275 -0.00569670672066 0.0494337892649 -0.00567018221788 0.0101024517335 0.0314458779467 0.0121675189611 0.00264179944948 
0.00983827984577 0.017048435969 -0.013715184316 0.0306307276088 -0.00116487426367 0.0119209501615 0.011933097138 0.030893585852 0.0253067734499 0.00536660731426 0.00464261655764 0.0179752085584 0.0216733431083 0.0185501699641 0.0214667601201 0.1434966738 0.0102496526839 0.0124231221013 0.027187210527 0.00656830912823 0.0177938774293 0.0093365775607 -0.00748706164263 0.012202773812 0.0172086364309 0.0181395922447 0.029784246535 0.010522407381 0.0290220926429 0.0309473631227 -0.00896918880569 0.0370749836191 0.004462532877 0.0254081889869 0.0129907697949 0.0128858578144 0.00671578246213 0.00923673496995 0.00636068995523 -0.00226926770443 0.0301989605109 0.0360528414762 0.0225183793395 0.00165385003872 0.0141209063241 -0.0113420267392 -0.00681401294113 0.0156898357456 0.0169829311497 -0.00472150442724 0.00385586483285 -0.00557488903409 0.00317110965591 0.0191678032002 -0.00210680831514 0.0153675194238 -0.00501041800505 -0.0141537642213 0.0268927237345 0.00338994320637 0.024187313159 -0.00143958888888 0.0314210033213 -0.0141582516151 0.0102093562353 -0.00773847513685 0.00793749769753 0.0318089908496 0.0125927042867 0.0195183670723 0.0144831924676 0.00394430601007 -0.000499174160223 0.00834617433931 -0.000408556192947 0.00482293131567 -0.00217261212793 0.0179502113699 0.0257223941203 0.00238331654009 0.0355428306412 0.0096971096759 0.00838758505277 0.00638279377578 -0.00945216446673 -0.00116052847931 0.0193847145939 -0.0161093782965 0.00664340016094 0.0134627310452 0.0177238582656 0.010353119216 0.0113862977649 0.00119539962593 0.0212922580088 0.0382853065621 0.0247097207278 0.00706070724499 0.0227908281759 0.0103873314513 
0.0115854039132 -0.0177916134819 0.0295829948263 0.0134022214551 0.0085955543982 0.0430685347581 -0.00278686447991 0.0132222519867 0.0514557245151 -0.00526058321683 0.0284480872457 0.00960251585556 0.0392709368224 0.0237198197738 -0.0148633852036 0.0102496526839 0.372515870934 -0.00030823265192 0.0115070455913 0.0314773906551 -0.00160413984141 0.0297170484627 0.0202266724245 -0.0151846902437 0.0197962217789 0.015634969076 0.0341739344913 0.0297886589993 0.0150402128739 0.00154258499844 0.0246308163459 0.0141461026524 0.0117241936604 0.180011216223 0.0213260988986 0.00692784518335 0.0173073024573 0.0173205715265 0.0251383479866 0.030193461056 0.016050043629 0.0152894672902 0.0421092630715 0.0213812235523 0.0215669383499 0.010720965408 0.0186973027751 0.000503495988353 0.0193756698787 0.0285064020943 0.0172450418359 0.0171281665163 -0.00859897883428 0.0432394751121 0.0388516702983 0.00735744741376 0.0547666569288 0.0410622863472 0.00808354881749 0.0136896121944 0.0585001986575 0.0304544094334 0.0185729318563 -0.0021706272356 0.0179831615663 0.00730766264697 0.0161118740981 0.0330367559932 0.0108767988745 0.0380617648995 -0.00854564083689 0.0111497130213 0.0650389337022 0.00677300470874 0.0178005721357 0.021949542935 -0.00997414026959 0.1430471308 0.0551533875669 0.053008357925 -0.00928508537077 0.0354307643291 0.0409143368753 0.000979289221062 0.0459749470384 0.00680953964194 0.0127396309207 -0.00580722435105 0.0109790208373 0.0200350011919 0.0143312718924 0.0441172399894 0.0214236472358 0.0127803962397 0.0306605283164 0.0133382577176 0.0362326828259 0.00251516774551 0.0435764197009 0.038839040263 
0.0115806074205 0.019683067382 -0.00720444599 0.0144902988394 0.0390305871553 -0.00525977156671 -0.0112512936619 0.0183376702068 0.0343326229958 -0.00367813049869 0.0146065853391 -0.0057681113204 -0.00513504668507 0.00635437779483 -0.0051372736255 0.0124231221013 -0.000308232651919 0.336088430441 0.0214370133989 -0.00288763889754 0.0228844398498 0.00892477019347 0.0355112816076 0.00537522760977 -0.0045216498258 0.00502902824679 0.0232869774669 0.0288033835675 -0.000363141377586 0.00971597434757 -0.0170483055932 0.070385229201 0.00093886121746 -0.000857557058657 0.0167474848233 0.0144175151739 -0.0124679509403 -0.0208241963589 0.0073323457839 -0.0235697156619 -0.00303841539782 -0.00392390318182 0.0212127339711 0.0129189172768 0.0198560039655 0.0057552816848 0.0208921745388 0.00794362380139 -0.0383153859359 0.0146283333162 0.0133644123277 0.0887018663482 -0.0254368350616 0.000951439058659 0.0162580505046 0.00742585485797 -0.0217401231924 -0.00644217376619 0.00996916088191 -0.00454769274664 -0.00451726240477 -0.0166624674978 0.00911560003064 0.0367651623625 -0.00278290980702 0.0230065896205 0.0136672860957 0.00540235380571 0.0015834118859 0.0184793255453 0.026438742299 -0.00942762669666 0.0568509507505 0.0118967641307 0.00966375382516 0.00873944434715 0.00134670050162 -0.00397780840812 0.0217450635762 -0.01327248597 -0.000145125462454 0.0361660857675 -0.00117265169587 -0.0366272788952 -0.00625809370607 -0.0133290931366 0.0353314487139 0.00227471003984 0.0157917521878 0.023960772979 0.0205742855349 0.00949713024084 0.00757402790511 0.00895021986685 0.00714803931876 0.00831760654801 0.0213369325633 0.0409511159326 0.0155957642496 -0.000104697978025 
0.00993779223945 0.0163060623975 0.00410520279765 0.0214361862127 0.00276501709709 0.00429970194966 0.0236647797235 0.00542926767421 0.0243027962136 -0.0123035542225 -0.00685886114136 0.00891903475612 0.0258293587643 -0.012925123105 0.00336607175494 0.027187210527 0.0115070455913 0.0214370133989 0.163526900292 0.0141819845282 0.0241892182515 0.011240827489 0.0154965078382 0.00973132413457 0.0138804115142 0.0281514577748 0.0221060777764 0.0113789824154 0.00764782678607 0.0146478971946 -0.0028861570203 0.0146497464591 0.00894435759457 0.0125726007345 0.0312792464893 0.00998409701499 0.017910999964 0.0108590096674 0.0141665336721 -0.00122614474278 0.0146511390773 0.0203921403413 0.0140885172621 0.00779262023489 0.00156609722265 0.0140927017826 0.0167572685298 0.012192393488 0.016810901591 0.00374728353134 0.00290749439433 0.00197287641594 -0.00117499185404 -0.00800309329311 0.00683849631224 0.0045672985002 -0.000753547677977 -0.0100585688145 0.043432787213 0.0109333070052 0.0195355852836 0.00352192392189 0.0192439509116 0.0074609346311 0.0101465378699 -0.0130615234833 -0.00720326979539 0.0112797852396 0.00995016433865 0.0265154083373 0.00989617915323 0.00252394546892 0.0088907565908 0.00802489232337 0.0123937967766 0.0150311909194 0.0032819767338 -0.00747990874756 0.00845345847317 0.00440044017543 0.0079845214282 0.0271029581942 0.000165098663397 -0.000183051198929 0.00295504976951 0.0235453762308 0.0229895502467 -0.0182640068541 0.0187143383737 -0.00160570900063 0.027142542457 0.0131042709749 0.0180811136049 0.0150391285785 0.0184182466294 0.017951762758 0.0354100171034 -0.0065500148155 0.0228662922033 0.00680861484441 
0.0110688617317 -0.00437712625874 -7.62582674327e-05 0.0217455200541 0.0159381156528 0.00996529607082 -0.00101108594878 0.0094461103566 0.0292783394192 0.0688710148445 0.0434447087782 0.0185928137882 -0.0293865563652 -0.00315199292442 -0.0126102179141 0.00656830912823 0.0314773906551 -0.00288763889754 0.0141819845282 0.399179470097 0.0290090595688 0.0259353299871 0.00337723713011 -0.000981821145508 0.0433964076336 0.0309952671917 0.0551529909833 -0.0056510287325 0.0469888639242 0.0139542386317 -0.00588568101025 -0.0220983987859 0.00627758110006 0.0552733426212 0.053213990925 0.00246168203275 -0.0109427510839 0.00365122393714 0.000577034167571 0.00243087439957 0.0139153746085 0.0177572205389 0.00963106105883 0.0130556371814 0.0128055325854 0.0382209066897 0.0278437019176 0.014188656116 0.0131716820767 0.000652376920732 0.0204804830097 -0.00990846387717 -0.0125295586176 0.0325178628335 0.0164352256751 0.0125020091922 -0.0216073435137 -0.00641403282778 0.0201927494681 0.0344086249692 0.039245034789 0.0121154800695 0.0357761203941 0.0171928863824 0.0196205778574 0.0289335235035 0.00290096013725 0.0104194294574 0.0120940527858 0.0300716548706 0.0161290893723 0.01600875573 0.0396332354524 0.0152662573643 -0.00682732911393 0.00927640377531 0.0145546761693 0.018771964439 0.028578931179 0.0219870101665 0.0120212042621 -0.0010369883172 0.0169904942811 0.0554444299885 0.0165078062766 0.006993721961 0.0289756673717 -0.00408690000632 0.00800567487611 -0.0341397429142 0.00690156806576 -0.000403752866839 0.00525648519098 -0.00369378072183 0.00574137328056 0.0573945719914 -0.00229361824517 0.0193887263825 0.0264888718984 0.0389094656122 
0.017102267862 0.0125703325161 0.00232024811829 0.00239089859697 0.0331067332158 0.00706623605795 0.0177687636916 0.00700583639045 0.0181548723034 0.00306957063698 0.0349834549195 0.016984533604 0.0257264557303 0.0150296965621 0.0377496831975 0.0177938774293 -0.00160413984141 0.0228844398498 0.0241892182515 0.0290090595688 0.183922007515 -0.00667508187297 0.0279063979465 0.00157865121917 0.00569834697309 -0.0162453601982 0.0148927268395 0.00644427367289 -0.00287023192054 0.0102040993916 -0.00347083731433 0.00565688308057 0.00883334522605 0.00284292162895 0.00983403517757 0.00625227447307 -0.00647463593056 0.00647782643305 0.0132542108783 0.0229621783994 0.0104192812801 -0.00084353359832 -0.00898271751574 0.0137427481195 0.00888624892967 -0.00909343253177 0.00669907682071 -0.00227228541166 0.0242937835462 0.0108196591362 0.00317163822355 0.0161585994961 -0.00235473578865 -0.00433016384883 -0.00575076203899 0.0256650988365 0.00183846554293 0.0200286333424 0.00969776839633 -0.0063323478992 0.0230725403806 0.0122652945984 0.0231434559909 2.11134070275e-05 -0.00201587229544 0.0128016760828 -0.00446132376917 -0.00683625877468 -0.000361497958961 0.00929789853406 0.0198571209478 0.00784007062947 0.0167061327941 -0.0194812111923 -0.00308301014571 -0.00986240635661 0.00111573883249 0.0209924367839 0.0178424693297 0.00416735427522 0.0070131526784 0.00775348651262 -0.0215807980471 0.0151819063119 0.00274957140135 0.00220572879197 0.00998326933947 -0.00201667642383 -0.00738159906554 0.0108318331036 -0.000360774807761 0.01370883404 -0.0019242755434 -0.0115143492205 0.000323267286972 0.0304309205262 0.00421683124679 0.0121562250589 0.0172755623336 0.00623995487101 
0.0176960311381 0.0346615088879 0.0149355438385 0.0702279263343 0.0130272844484 0.00119599061941 0.0149582609207 0.0310402461507 0.0219424627743 0.0530827918187 0.0316129699252 0.0147325312384 0.00165986217264 0.0111164155469 0.0232378954362 0.0093365775607 0.0297170484627 0.00892477019347 0.011240827489 0.0259353299871 -0.00667508187297 0.454263849098 0.0106361593814 0.0164488532801 0.0054446494096 0.0226061229386 0.025001769217 0.0147655750025 0.0103817780947 0.0137094077849 0.0186134891355 0.0817039119505 0.0211254529723 0.0145825385713 0.0146903128668 0.00183017480007 0.00568420881315 -0.0085522429379 0.012197322032 0.01248720583 0.0218079581115 -0.00839298456817 0.0233611895651 0.0123408957445 0.0100689538201 0.0397273929216 0.00437855876853 -0.0151126360767 0.00414208124157 0.0115047723866 0.00959071368106 0.008256173274 0.0637167258039 0.012672285681 0.0424512997823 0.020654096762 -0.00599093312289 0.0339307344388 0.0123517410484 0.0989669898792 0.0513134453562 -0.00638636752001 0.0375919031104 0.103358431145 0.0310599903115 0.0260301264418 -0.0347037285114 0.0394307921879 0.0199774700177 0.00595917909513 0.0173990648251 0.0142433530244 0.0748047887866 0.00964813373868 0.0777302242068 0.0289236994156 -0.0090450998737 0.0848994062347 0.0213926720348 -0.00236321212324 0.0160331630158 0.0455571695499 0.0122239273752 0.0302706581552 -0.00261468251041 -0.0156005054659 0.0774028214286 0.0139385940711 -0.000850098134369 0.000879436172885 -0.00867836844773 -0.000509825130942 0.0236432579351 -0.0107992894746 0.0286276469921 -0.0117694681475 -0.00211851728587 0.00271124455344 0.0118112809593 0.0378196588274 
0.00741121399329 -0.000207221376811 -0.0237117120174 0.00581337845106 0.0201413760682 0.0120179384932 0.0557070800853 0.0226243066216 -0.000830524314014 0.0135392926179 0.0203535588295 -0.0246640559056 0.00423485048584 -0.000973519127329 -0.00955366316829 -0.00748706164263 0.0202266724245 0.0355112816076 0.0154965078382 0.00337723713011 0.0279063979465 0.0106361593814 0.272906127418 -0.0118030884513 -0.0071549059618 0.0101622695761 0.0275853585623 0.011597071316 0.00407878724337 0.0125126611392 -0.00651333583192 -0.0121572416185 0.0173014611038 -0.0146140434838 0.020047895102 -0.011871319202 0.0198032595634 0.0512457810235 -0.00104616785994 -0.0179792931465 -0.0042764729326 0.000144224422594 -0.00265241970722 -0.001900527619 0.0156789378452 0.00400177179382 0.00561855893166 -0.00402271301667 0.00105501089001 0.0104493642038 0.0192006612036 0.0122718913574 0.0152972668979 0.0417498685155 0.0321262097503 -0.00521333216157 -0.00539680974826 -0.0104706684433 0.0229092686892 -0.00119414435112 0.0187460676837 -0.011662659798 -0.00167074314704 -0.00744595426855 0.00489955806263 -0.00100449951372 0.051090832845 -0.0122716170542 -0.00226392763156 0.0149475793692 -0.0100707461637 0.0135485717707 -0.0145216161005 0.0462726179754 0.00858645304055 0.0120748746756 0.00354306656491 0.0358292845814 0.00481646017969 -0.0031890941522 0.00317458770464 -0.0171120716768 0.0124229051272 0.0145317881284 0.0112367914554 -0.00181434434822 0.0277445735917 0.00365506473592 -0.027087103562 0.0079444910097 0.00819681328347 0.0323418902087 0.0118733366834 0.00608009272872 0.0441019694952 0.0233871668904 0.0271525442945 0.0103508953694 -0.00128431834405 0.0110516022719 
