100
0.0723018126246 0.0445346556631 0.0797862135264 0.124759587163 0.16701162673 0.00154943769328 0.0861575830063 0.0201569416701 0.0952470994091 0.0566217234647 0.0511719962834 0.0372282541949 0.100220943784 0.00643120824938 0.0449819155318 0.0414486045552 0.0716337087719 0.00535997805058 0.110057805124 0.0524263551757 0.0472299451056 0.0358059899839 0.135547989167 0.0498180241401 0.0279461936292 -0.0290439391383 0.101022755506 0.070995024039 0.332832739506 0.0176756211385 0.0520830917934 0.101218808556 0.0485380268731 0.0110311255814 0.025637758891 0.0381517477001 0.0309991269713 0.0723841835345 0.0485945029431 0.0170913584406 0.0916609470377 0.0331605059077 0.187838769987 0.10643743266 0.085684238521 0.0189508527873 0.18030920859 0.0413413845105 0.088181568025 0.176385145314 0.0826231173305 0.0172601721071 0.0560151075184 0.0477990277318 0.0291549562933 0.134627172929 0.0384658872101 0.133040507733 0.00108215816497 0.13534553156 -0.00305157485537 0.0616353203302 -0.0148687542544 0.0445332570478 0.126841392599 0.0558285331973 0.104921073146 0.0328492958576 0.0540494724418 0.0398839612709 0.0247676168055 0.0948967479515 0.0214629747746 0.0598638009539 0.0669670800901 0.0861150338972 0.0731585002716 0.190895055806 0.00413185853021 0.0759168136047 0.0729597235382 0.0429486266904 0.0408960175479 0.101801748802 0.105904751354 0.0475630895173 0.185813705736 0.0564449965361 0.09797045465 0.0904248988876 0.0798623823862 0.033790820858 0.0751688044393 0.0695206157777 0.0230030392576 0.128291051585 0.148588071013 0.0358419118375 0.0038222736377 0.0224960645228 
0.418965935203 0.036572964587 0.0030022545379 0.00936520272189 0.0192286358751 0.00663486823778 0.0032769365815 0.00126928038342 0.00695883749061 0.0145202016386 0.00517032075553 0.0305909128086 0.0181119680936 0.00848480275036 0.00795081155918 0.0151318168693 0.0249847694996 0.00488957677456 0.0935155553362 0.0119070671827 0.00680357028698 -0.00411668660562 0.0122751432922 -0.00568980619349 -0.011790533204 0.0221366314236 0.0239826926783 0.00286279832665 0.0555203881365 0.0326577038373 0.0151336371861 0.0373218156491 0.0280237092564 0.0111955541206 0.0116148520782 0.0150604141083 0.00850294692709 0.0207293661263 0.00343316229405 0.0207626566863 0.0202976316349 0.00455910092593 -0.0226745283792 0.0120056458902 0.0289993663379 0.0433277137591 0.0373991233925 0.0182096343596 0.069889761508 0.0128175576318 0.00942898786218 0.0197399501441 0.0223070707786 -0.0135214120136 0.00771269555293 -0.00391888913025 0.0217364151867 -0.015609160764 0.0144741677521 0.0271038412394 0.0259835647981 0.0199143876766 0.00531173920067 -0.00336472284488 0.00539139338928 0.0608318400443 0.0294481909163 0.0406742402738 0.000236982471785 -0.00776277848655 0.0217098627987 -0.0178812366918 0.00887245461027 0.0132017307884 0.0269651214327 0.026869006281 0.0600775835448 0.0381318508956 0.0169825018202 0.0205596497248 0.00549863078418 0.0188420273021 0.00779084928991 0.00711009812933 0.00498520919108 0.0224708996599 0.0613954428431 -0.00153599748232 0.0523549727872 -0.00306880789496 0.043207305318 0.0334304454154 0.0623067668037 0.00765434332312 0.0320815540333 0.0223952057825 0.0501663064911 0.0117648621652 0.0306534887825 -0.00540230689963 
0.036572964587 0.591599532102 -0.00526341434354 -0.0308680576336 0.0152164627902 0.00214018776227 0.00400973523417 -0.00805991684953 0.0496751431679 0.0438698946274 0.0208152237954 0.013852563444 -0.00308372168928 0.0206426626981 0.0330894976478 0.0241234214808 -0.0151983755745 0.0117696670721 0.0271090479327 0.00992991961803 -0.00739992049056 0.0240478744125 0.019383138718 0.0181949256291 -0.00373362562089 -0.000727633893475 0.0131327502412 -0.0100247011439 0.0284373203106 0.0140433415879 0.0077629362258 0.0111423276319 0.0148933011454 0.00344503273548 0.0165453118126 0.0218125424928 0.0664182646041 -0.0387203504575 0.0164251286191 0.0415022521549 -0.0104698466858 -0.00642009076266 0.0666388857375 0.0931423052257 0.00103110209661 0.00304004488748 -0.00279448524947 -0.000275788559803 0.0300308975386 0.0229415390478 -0.00268863936514 0.0047557091004 0.00370303157977 -0.00928707943708 0.0227528493156 0.0153226563218 0.0322914708505 0.0145646352536 -0.00368821030948 0.000644341762419 0.00590688997566 5.20360563985e-05 0.0239469370769 0.00585994733882 0.00675700534041 -0.00291687457809 -0.00191994661557 -0.00305647160148 -0.00877229363622 0.017313471909 0.00345173624117 0.00952010107537 0.0453985508409 0.0405210793711 0.00996135959779 -0.00506242840433 -0.00534450819548 0.0552584744863 0.0248659231973 0.000502409766076 0.0652754623454 -0.00305648798284 0.00452381150316 -0.00982275736402 0.0192583344274 -0.0107697979828 0.013325385968 0.0252999416586 0.00432136004438 -0.00287417898558 0.0275828617137 0.00831637461148 -0.00886975721196 -0.00507961898702 0.0212986343734 0.040127345276 0.0185287286175 0.0104695363034 0.0189509017434 0.00925447496304 
0.0030022545379 -0.00526341434354 0.1878909581 0.00243776113936 0.00934317638863 0.0141307600259 0.0192212155 0.0097467315654 0.00605883490567 -0.000719481411666 0.0411764540992 0.0182783307732 -0.013118086871 0.00981773065874 0.0131856625204 0.0108542231601 0.0113525080291 0.00985830020654 0.0384007290065 0.0154380307626 0.0233647860924 0.0145383476639 0.00822082138503 -0.00185783779286 -0.00067513340215 -0.00296884083519 0.012403153134 0.0208273241659 0.010960047587 -0.00200823882046 0.0197353702901 0.0273003254778 0.0182258208062 0.0209626956722 0.00214416962591 0.0144342933514 0.0141179181461 0.0337215398139 0.0139148172459 0.0298493688317 0.000943355264715 0.0185883691251 -0.0338099726108 0.0011166865274 0.00931922467314 -0.0174735710912 0.0242697027074 0.0111007190709 0.00241975489141 0.0155468773177 0.00478027994112 0.0133686961904 0.016242208826 0.0131475953115 0.00699587575395 0.0374633860962 0.0423827455236 -0.00202795064149 0.0120660371037 0.02370184445 0.00132697680361 0.00698938103155 0.00934441284554 0.0155188228623 0.042894080718 0.0190530123913 0.0338538179022 -0.000382408352011 0.0313499593014 0.00315116430543 0.00885461471021 0.011504431514 0.0228719026765 -0.000838163384816 0.0153031098955 0.00903066520473 -0.00102892397657 0.00455022658588 0.0126159241691 0.0010071605645 0.00836984941876 0.00384849451701 -5.95586183665e-05 0.00765875242424 0.0214425713701 0.0172329280975 0.0367339486324 0.00916048012082 0.0104745858701 -0.0044588422804 0.00797146220144 0.0239084383408 0.0247846591109 0.0875673805662 0.0148209395581 0.0178558533524 0.0313183090706 0.014793038511 0.00558073410718 0.0146822400662 
0.00936520272189 -0.0308680576336 0.00243776113935 0.290202983437 0.0254879507074 0.00709689290458 0.0193605681004 0.00989643462523 0.024688462397 0.000763311110747 -0.0144690986531 0.0231881038832 -0.0046592687276 0.0282896723742 0.0278490861171 0.00267913490116 -0.010576742459 0.0243237283767 0.0365263364863 0.0246333434881 0.0188783310019 0.00593306945148 0.0465931720883 -0.00280938392805 -0.00792252345488 0.00644364283628 -0.0109376887593 0.0261405097407 -0.00507314990509 0.0237822883808 -0.00508531219302 0.0140395259664 0.00715861183849 0.0249217998655 0.0326212730569 0.0148958459308 -0.0108516239839 0.043433326558 -0.00256072956974 -0.00320333778608 0.0702542865545 0.018251457379 -0.00521428328773 0.0396203812303 0.004607743924 0.0346715047098 0.0209068777057 -0.00374412740523 0.00908663895 -0.00490467092669 0.00517675517877 0.0216926624551 -0.0136597126314 0.0296187624871 0.0627464976854 0.0461080991549 -0.014767495649 0.0126715982175 -0.00536302869514 0.0421172462885 0.00798973637619 0.00541223714363 0.00528760639089 -0.0162906652136 -0.00830397961649 0.0483036499064 0.0131179847314 0.0209609679665 0.00874102233295 -0.0110797603431 0.020469319304 0.00686350384969 0.0053637718237 0.00921486686695 0.00391309972339 0.0321525686619 -0.0224695034004 0.00551145582798 0.0214978675819 0.0036743305864 0.0330338251471 0.0162419758389 0.0164092418401 0.0048513162504 0.0221210088482 0.000418543629349 0.0192294907222 0.00589108021938 0.0116267804989 0.0165489653806 0.0232513611936 0.00617052250383 0.00231244704338 -0.00233513060267 0.00535598864157 0.0138396130544 0.0189798215362 0.0306519858005 0.0132921915452 0.0325052663568 
0.0192286358751 0.0152164627902 0.00934317638863 0.0254879507074 0.486579797241 0.0355146305554 -0.00855007554566 0.00122086419972 0.0167393554988 -0.00277399983714 -0.0193709373092 0.0285394876618 -0.0487261395277 0.0315934613121 -0.00621796272958 0.00730007041198 0.00546100793141 0.00376198412026 0.0139231010272 -0.000481378624696 -0.0271902137393 0.00528386011382 0.0415007712037 0.0472044938444 -0.00819002781509 0.0101677299928 -0.0142671518596 -0.0011623471936 -0.00411003204619 0.0154730012139 0.00760052873329 -0.0157310564687 0.00773324389549 0.00833253835524 0.00823696120221 0.0227791147835 0.018837905781 -0.00407462922105 0.0112755149851 0.00987870104313 0.00386954670752 0.017728597742 0.0306651889305 0.0226862999955 0.00520552172031 0.0251597103385 0.00895235145199 0.031013841143 0.0380192958615 0.00295827742 0.00427522968141 0.0288279470333 -0.00666841508889 -0.0166102825185 0.00598551447017 0.0255964201017 0.0259482096553 0.0233438376993 0.010757762379 -0.002136072504 -0.00489686005127 0.0192138252382 0.00919787530758 0.00257236828844 -0.0364124307375 0.0197553808307 0.0271620372855 0.0179314258097 0.0163607798045 -0.00504896046988 0.015387610702 0.0134761695386 -0.0011698923153 -0.00331974291753 0.00244730621956 0.03857894491 8.24094896397e-05 -0.000536389761346 0.00522886235383 0.0241368001922 0.0158223001599 -0.004790415743 0.0118677657685 -0.00125480365601 -0.00274458432462 0.00869775133854 0.0150337410501 0.0213937350946 0.0276155212737 -0.0209033769115 -0.0221098505521 0.0212580197051 0.0112961592177 0.0178712573028 0.0144865297355 0.00666106861291 -0.0053495426796 0.0426298419607 0.0154622424046 0.0261199838937 
0.00663486823778 0.00214018776227 0.0141307600259 0.00709689290458 0.0355146305554 0.264828242295 -0.00666573793747 0.0281239298913 0.017443356606 0.00604670969419 0.00544338912076 0.0396794941204 0.0195052001181 0.000489897692835 0.0170056230687 0.00984224572395 0.00540809834681 0.00215975273487 -0.0100833699301 0.0037702985418 -0.02029528244 -0.00052472624909 -0.00483152431549 0.00506879874104 0.014794662145 0.00812593492863 -0.00984614638021 0.00380142569467 -0.0140377701336 0.00395694273011 0.000665680862285 0.00693629905972 0.0193393557632 0.0113056555403 -0.0210406771979 0.00219399230862 0.0142476286847 0.00498123304998 0.0167775354533 0.0115036500844 -0.00569170268327 -0.0120086047656 0.0320194904631 0.00806012323854 -0.00644877438994 0.0119937685041 0.0203393997838 0.0108808852422 -0.0027769416539 0.00177891169174 0.00231375394242 0.0318204687812 0.00670753530941 0.00779742508712 -0.0114179242617 0.023130860651 -0.0030285501713 0.0137618147837 0.042426696715 0.0219661850655 0.0189829265726 0.0243851781796 -0.0128814347928 -0.000609040778912 -0.0236904522575 0.022903992098 0.000245451154258 -0.0012844720157 0.0169227532637 0.0163993647045 0.00249702418675 0.00723261538952 -0.0010102842596 0.0114572232339 -0.00112470733962 -0.00361825969259 0.0102270415958 -0.0192164023707 0.00145709461645 0.00624285743579 -0.0055970658609 0.020748115996 0.0180974179808 0.00730936192554 0.00594935502711 -0.0145607103478 0.0114743470648 -0.00277265856995 0.00629936067218 0.0305777203331 0.023945108917 0.0438588413533 0.0161114705447 -0.0132618719711 0.0117636250487 -0.0107901540442 0.000367778115573 0.0207235895668 0.024929786083 0.00779623443165 
0.0032769365815 0.00400973523417 0.0192212155 0.0193605681004 -0.00855007554566 -0.00666573793747 0.482648080957 0.031837528661 0.00489095981822 -0.00580452431034 0.00853047532277 0.0156868729617 0.000101348984799 0.00245435980383 0.0218767936291 0.067034336994 -0.0160867537191 -0.0097301253621 -0.00694284111247 0.0116322743368 -0.00863295820307 -0.00407726805271 0.0711545827205 0.000931316136289 0.0118936492423 0.00175822152114 0.00184515420202 -0.0152848354535 0.0179233900436 0.0291694407225 -0.00345881813242 0.0356096042185 0.0141473679501 -0.000852675177009 0.0471913840462 0.0171199424614 0.00411317782615 -0.00789678831614 0.00599993340489 -0.0042028709115 -0.00174834878668 -0.00574501555078 0.0044987529266 0.00920876265412 0.0298830520161 0.0179584805809 -0.00365587500066 -0.0054331385968 0.048710285426 0.066554215758 -0.0271149542575 0.0161462456414 0.0122642783007 0.0104623101972 0.009587404037 0.0198778655494 0.0125525441724 -0.012787924483 -0.0109029901047 0.0291210560716 0.032290632193 -0.00456408182202 0.000269784618956 0.0108122743838 -0.00123989621271 -0.00752865168826 0.0218099562836 0.00708541158988 0.00101200663424 0.00191637452979 0.0217422941197 0.0478351992462 0.013963982241 -0.00797947536525 0.00480430893418 0.0169365672545 -0.00494116428314 0.0764334478984 -0.0200505781785 -0.00386000266355 0.0180635152002 0.00958371627107 0.0387631712543 -0.0144429571664 0.05242508015 0.0129375113582 0.0181109456853 -0.00281493826998 0.24154996197 0.0107233009474 -0.0046014231499 -0.00852927720335 0.00949226940852 0.00801049814154 0.00803871537096 -0.00793467212255 0.0235518695282 -0.00983590205258 -0.0274864472468 0.0142184982082 
0.00126928038341 -0.00805991684953 0.0097467315654 0.00989643462523 0.00122086419972 0.0281239298913 0.031837528661 0.143784886787 0.0237562114273 0.0130850845744 -0.00589315737286 0.0176525728663 -0.00913649599867 0.00477643192859 0.00685593451627 0.0464255240943 0.0151539643077 -0.00468225767756 0.0146733493158 -0.0108108034574 0.0297198088529 0.00311873701637 0.00327535592349 -0.0200288313016 0.0118073855939 0.0180289858184 0.0058272931146 0.039024998054 -0.00655007017383 0.0112681026285 0.0180748196898 0.0221587292092 0.00919276931122 0.00663720824603 0.0226892708195 -0.000678788103169 -0.0032071455757 0.0210284889976 0.00689667694467 0.0217065230569 0.00114667622506 0.00327399225431 -0.00495600593326 0.00713896523954 0.00563102577174 0.026399117842 0.0176338569036 0.0219636654285 0.00759082619705 0.0221238910221 0.00712589666289 0.0263694686837 0.0131963995401 0.0396648226641 -0.00486472882712 -0.0133337581862 0.0126004424092 -0.0040176918251 0.0118122746553 0.0308656923368 0.000514374741192 0.0059858715159 0.00356440103365 0.00852055099248 -0.0279700937616 0.022593052511 0.0328522849674 0.0115693164335 0.00336380445573 0.00621622634227 0.0273712736848 0.0117308751218 0.00969637211671 0.0163766809551 0.00233576873848 -0.00403224385006 0.00130425113657 0.0301864587922 -0.000284392119776 -0.00161573094416 0.0179627948898 -0.00442644107919 0.00176168881605 0.0172661669275 0.0100811986643 -0.0104240286758 0.0129578150299 0.0129671378524 0.0490255736137 0.0255649606889 0.0169044837282 0.0104665782614 0.0194264062505 -0.00987078548203 0.0183555515757 0.012887634445 -0.0125793885864 0.00965325290867 0.00567641282741 0.00622241838936 
0.00695883749061 0.0496751431679 0.00605883490567 0.024688462397 0.0167393554988 0.017443356606 0.00489095981822 0.0237562114273 0.421322326878 0.0207791607061 0.00179057566827 0.0185353830242 -0.0228999611872 0.0221680689723 0.0345123507991 0.00997317841102 0.00192516276614 0.0126464589475 0.086465494369 0.00581360090599 0.0216706006595 0.00694343022778 -0.0110168084241 0.0152545577393 0.00911155639745 0.0227912294023 0.0231880280792 0.00996615452403 -0.00587212237346 0.0127617087989 0.0248044256478 0.010626721089 0.022941502996 -0.00324841776234 0.0143075138219 0.0288449101775 -0.0372372478622 -0.00766663499363 0.006038239191 0.0109143752749 -0.0050417336779 0.0189779333219 0.015830903249 0.023904930104 0.0160849295583 0.0136974486623 0.0463254999632 0.0242888487736 0.00485574208175 0.0382791023532 0.0340157260895 0.00522443204628 0.0282388568613 0.0262433886591 0.0177014871049 -0.00678614657611 0.0121656636643 0.0083869958886 0.0155356386486 0.0361041819885 0.00162820267509 0.0196207891717 0.0191443089378 0.0105762247123 0.0178257906131 0.0517867772058 0.055155191563 8.87295694464e-05 0.0180639299486 0.0038090760114 0.0191694465036 0.000940445590923 0.00886351890154 0.0138964531816 0.0270291260992 0.0224544420461 0.0233168325833 0.0637813399342 0.0092917235571 0.011979809412 0.077322342319 0.000878251948217 0.0593933357889 0.0210682822024 0.0230999399406 0.00141168900072 0.0802591571518 0.010776273978 0.0169125700973 -0.000709022445951 -0.00358990892886 0.00287991126864 0.0200147025167 0.00167635366767 0.0203405150857 0.0360111732004 0.0216052602069 0.0160037022907 0.0154141787109 0.0157730540159 
0.0145202016386 0.0438698946274 -0.000719481411666 0.000763311110747 -0.00277399983714 0.00604670969419 -0.00580452431034 0.0130850845744 0.0207791607061 0.140676031801 0.00671379240391 0.00160892432119 0.0364947558229 0.02537696775 0.0283945501176 0.00206700184976 0.013775935108 0.0217992398049 0.028608400663 0.0152247296863 0.0295535794032 0.0209324896585 0.00484392437831 0.021317127278 0.0131536068307 0.00316068427473 0.0075122627919 0.0429632067262 0.0171601389199 0.0165862818537 0.014288068483 0.0061441689363 0.00244930554377 0.00982460639768 0.00173604491109 0.0148802641615 0.018780356613 0.0159533142333 0.0189201879542 0.0335210772575 -0.00647524551121 0.0173918358916 0.0320790162492 0.0299189609123 0.00940215051497 0.0075890363756 0.0147753396557 0.0253303769161 0.00488738614321 0.0327177154357 0.0101838890389 0.0135480975973 0.0214561067754 0.0188209351747 0.0113657091633 0.0142618107553 0.0191445102315 0.0154291219973 0.0117807266484 0.0222075479419 0.018327862144 0.00997025779756 0.016714264876 -0.0107400421954 0.0266479719104 0.0185595728693 0.0294371764942 0.0175472111527 0.0192204601238 0.0240741001649 0.00760810860624 0.00451196139469 0.0217179153138 0.0627444632063 0.000314986029287 0.00680364600932 0.00582459947893 0.0114889732473 0.0199458125717 0.0332585962086 0.00439560805006 0.00855520757224 0.00973065371646 0.00821646151998 0.0131642301909 -0.00206409653335 0.0502355732835 0.0243935746739 -0.0109505934743 0.0189501336351 0.0111210328306 0.0077963657637 0.0125779192244 0.011145040773 0.0167036651911 -0.0166863151606 0.0179073785908 0.0243772762845 0.0360166025821 0.0157898700771 
0.00517032075553 0.0208152237954 0.0411764540992 -0.0144690986531 -0.0193709373092 0.00544338912076 0.00853047532277 -0.00589315737286 0.00179057566827 0.00671379240391 0.254350480659 0.00659212201502 -0.0280204825888 -0.00482006324446 0.0197684312592 -0.000158517330941 -0.0107191736279 0.0128463345953 0.0109114006778 0.00701213176704 0.0210526672205 -0.00503725336512 0.0124512131608 0.00391775437472 0.00982079423376 0.0103957209941 0.0535522009686 0.0166920431465 0.0378085457334 -0.00626743143849 -0.00780802466323 0.0267580675103 0.0059501234727 0.00300695517656 -0.0119975848795 -0.00139408822296 0.00373236736976 0.0140334308269 0.0111295520001 0.00559730506511 -0.0143588531583 0.0176251535654 -0.0057907938092 -0.0171215242563 0.024512057149 0.00244417987265 0.0382540765276 0.00260275276582 0.0101538032097 0.000610161352276 -0.0132190494413 -0.00768935856611 -0.0090909448163 0.0463505201025 0.00568366372792 -0.0182460701598 0.0118491109559 -0.00778802176839 -0.00205871903383 0.00146375972636 -0.0121675099081 0.000310544178074 -0.00144512824339 -0.0137116612196 0.142705348569 -0.0086415108081 0.00211399256417 0.00617482043531 -0.00531781946196 0.0290165038633 0.00623605276733 -0.024261751643 0.00508662662736 0.00632462929565 0.00845217025836 -0.00629681771906 0.00602010873284 0.00525610760212 0.00828614999496 0.0045141846976 0.0112917170618 -9.41679911936e-05 -0.0380842232508 -0.013504509998 -0.0034073131645 -0.011170714813 0.0138253686219 0.00345199918855 -0.0107082331502 -0.0111648213422 -0.0165845842137 0.00978943929832 0.0326763902383 -0.00534725861019 -0.00308417189737 0.00520617619262 0.0355147194457 0.00851858384308 -0.00243353309064 0.0196778847489 
0.0305909128086 0.013852563444 0.0182783307732 0.0231881038832 0.0285394876618 0.0396794941204 0.0156868729617 0.0176525728663 0.0185353830242 0.00160892432119 0.00659212201502 0.142937658636 0.0102775937358 0.025890313258 -0.00869005840309 0.0167734439221 0.00394379360679 0.00620520654875 0.0230874176077 0.00250078859351 0.0278731166364 0.00116216774017 0.00751236023729 0.0178949473756 0.0150299274002 0.0151142054786 0.0102096142354 0.0104115259352 -0.00311523214776 0.0154370164522 0.00579311457919 0.000561503675715 0.0232040300991 0.0038649595489 0.0171818277519 0.0176659965927 -0.00719926763789 0.0168768125145 0.0125059825552 0.00752202825252 0.0165189132352 -0.0163587558888 0.049117057781 0.00969843883594 0.02975223392 0.0263540477516 0.0171819747162 0.0260226498559 -0.000931487057274 0.0239471832992 0.018572569426 0.0182933866577 0.00644385271582 0.0137604350118 0.00450873468673 0.0109468304634 0.00215414247852 0.0145261320111 0.0172977000827 0.0115128737531 0.0117443758447 0.0198575455129 0.0119970266254 0.0229435853232 0.0161629578296 0.0165452205057 0.0401679908394 -0.00195408431579 0.0058572500971 0.00251560286841 0.0253997698048 0.0176443382504 -0.000113468229076 0.0184166835474 0.0199979037891 0.0126674670854 0.0211875642823 0.0248335206493 0.0219615137611 0.0138236412949 0.0137819797264 0.0101608831773 0.010195134962 0.0189160385494 0.00132882245915 0.0097015686384 0.0331958931959 0.0165365250966 0.0245052840076 0.0199632179467 0.00735774927296 0.0120131743134 0.0210668171541 -0.00447875220945 -0.00223232844449 0.0230025223889 0.0346097088013 0.0184185168626 0.000925353850385 0.015828941577 
0.0181119680936 -0.00308372168928 -0.013118086871 -0.0046592687276 -0.0487261395277 0.0195052001181 0.000101348984799 -0.00913649599867 -0.0228999611872 0.0364947558229 -0.0280204825888 0.0102775937358 1.02815501824 0.0112289479566 -0.0290390485685 -0.0105848244995 0.00582059487712 -0.00392130987539 0.0515938062565 -0.00849709856521 0.019716555691 0.00541111958543 -0.00960293080481 0.0225851924918 0.0019312390855 0.0229169149004 0.00112910384809 0.0281113775119 0.0281489920866 -0.000139071155413 0.0329294955882 0.0156651607517 -0.00259337971976 0.00762297277837 0.0277560298789 0.0250055229934 0.182313156238 0.0241858329065 0.00920175255043 0.00728215246208 0.00329537151584 0.0134335206905 0.0295580617657 0.0285767765103 0.0201082199298 -0.0062456777661 -0.0139837968106 0.00415296860555 -0.000256073221378 -0.00706500112059 -0.0146172976381 0.00970612679782 0.00356602074667 0.00684214292133 -0.0143800105072 0.00481578570947 0.0188875076705 0.0224349511847 0.025873295682 -0.00691494022253 0.00705279509066 -0.00873315800873 0.0142697961728 0.00608496079038 0.353062295151 0.00774306065982 -0.00411964933625 0.0137896999186 0.0231492943333 0.0126484193369 -0.00622375173406 -0.0406397957164 0.0154981247095 0.0224220560408 7.0583693515e-05 0.0166656068883 0.022618151318 0.0206623928041 -0.00850883435135 0.0249601519095 -0.0465664319548 0.0102912954517 0.068165017317 0.0209852945182 0.0383863091349 -0.0107613387116 0.0529646161029 -0.012753118712 -0.00547462183044 0.0453391898793 0.0479611286967 0.0167514829265 -0.0111280685439 0.0306618185113 -0.00134664176358 0.0270602548876 0.0136479144743 0.0327031860245 0.0184548261066 0.000805080786543 
0.00848480275036 0.0206426626981 0.00981773065874 0.0282896723742 0.0315934613121 0.000489897692834 0.00245435980383 0.00477643192859 0.0221680689723 0.02537696775 -0.00482006324446 0.025890313258 0.0112289479566 0.174575089939 0.0170817536895 -0.00405500006677 0.00718189766006 0.0172216865809 0.0184359987411 0.0324644052505 0.0103638946807 0.0199342725974 0.0344950795939 -0.00109520806462 0.00791124140508 -0.00468509841047 0.0126688705519 0.00884074494077 0.00696410052798 0.0103174468273 0.0114423822314 -0.00343713549009 0.0380485062053 0.0125165404357 0.0154697533459 -0.000286696706973 0.00409250369953 0.0433994949805 0.0358086422596 0.0343306847068 0.00240222973852 0.00788695948753 -0.00771674798809 0.0338270696409 -0.00390826131679 -0.0048752604276 0.0179036398801 0.00265533175471 0.0157655752376 0.0129471077678 0.0170925263932 0.013798929218 0.00734599895574 0.0135215679677 0.0185491511436 -0.000997122442384 0.0131045257705 -0.0162172167875 0.00139082336342 0.00381428801734 0.0114706847499 0.00981796823438 0.0199262053475 0.00629294235096 0.0064556937145 0.0138654355152 0.0110798125764 0.0041425064173 0.00946829294277 0.0151582652697 0.0184054922097 0.00984667355838 0.0236722750916 0.0148233396786 0.0123651277521 0.0236576880215 0.0197712545022 -0.00358884096137 0.0202727928251 0.000280648325247 -0.00110387468418 0.0152389710329 0.0143454521075 -0.00354631107349 0.0415714065794 0.00948343729039 0.0196446390999 0.020646692599 0.0120341750499 0.00903016288488 -0.00583130822099 0.00708597044696 0.0232168989749 0.0065839487073 0.0177704199232 0.0179631459222 0.0135090927208 0.0059167758124 0.0207052352572 0.00792324514455 
0.00795081155918 0.0330894976478 0.0131856625204 0.0278490861171 -0.00621796272958 0.0170056230687 0.0218767936291 0.00685593451627 0.0345123507991 0.0283945501176 0.0197684312592 -0.00869005840309 -0.0290390485685 0.0170817536895 0.187285119149 0.0155446294377 0.0179338177382 0.0228203683533 0.00807125495767 0.0035776796476 0.00980730421393 0.0185037247053 0.00146356656583 -0.0144789153416 0.00954444356317 0.0245981520838 0.0224757301652 0.03812193668 0.00398072152599 0.00952653880845 0.00979817809779 0.00915623007522 0.0183970134762 0.0142812622529 0.0250730423996 0.0232564515062 -0.00314462108865 0.0243073944458 0.0310484043079 0.0376448050061 0.00170163947814 0.0141904863327 0.0204488838878 0.0126685619651 0.0107278200978 -0.00426200560185 -0.00135574019083 0.0143084001529 0.0179089344419 0.000943222563358 0.0157202870289 0.0203443433468 0.00152571549693 0.0246757000302 0.0125542336443 0.0114845868095 0.0320116620756 0.00788220534534 0.0118680932216 0.0172444427472 0.000726278257978 0.00836920765645 0.0132092946603 0.0136174573066 0.0201428602574 0.0305072158418 0.0146852091624 0.00670144281628 0.0101109668069 0.00967820147996 0.0137047599666 0.0109208820013 0.00769533863043 0.0260873301013 0.0237910236211 0.00635851631177 0.0098143923638 0.00863795326542 0.00402445853602 0.0334858853099 0.0157416958129 0.0132208461838 0.000629680382256 0.00940766234943 0.0389034258463 0.00159439923746 0.0234886008727 0.0105355153136 0.00871864459055 -0.00680437483624 -0.00857862068407 0.00208554555597 0.042221277078 0.0078500302333 0.0331116814445 0.00501043993391 0.0265327261072 0.0169876523358 0.0147327219642 0.0194333737167 
0.0151318168693 0.0241234214808 0.0108542231601 0.00267913490116 0.00730007041198 0.00984224572395 0.067034336994 0.0464255240943 0.00997317841102 0.00206700184976 -0.00015851733094 0.0167734439221 -0.0105848244995 -0.00405500006677 0.0155446294377 0.239246081657 0.0184581708179 0.00534044168916 -5.13531286351e-05 0.00243129916514 0.0324819196871 0.00893916240704 0.0606330599115 -0.00656128031327 0.00538462833616 0.0153954080645 -0.00658430957928 -0.00717550166207 0.0165847812395 0.027823588815 0.0200119229989 0.0166611575036 0.0206487315301 0.0197158851181 0.0172554363554 0.0249338069643 -0.00516329516623 -0.00437397480788 0.00254111180539 0.00737367994124 0.00242621248186 0.0105127685362 0.000148204195698 0.00217015592335 0.0046158007753 0.0234444457257 0.0244444864421 0.021089284351 0.0333973261177 0.00896475389821 0.0135976486839 0.022464267433 -0.00997429178435 0.0446684247862 0.0201769232166 -0.00642981483257 0.000420415475432 0.000768331907411 0.00891836846939 0.0102993610308 0.0102776025766 0.0290442155528 0.0123616225536 0.0318579524164 -0.00372486454303 0.00448329847009 0.0112587473678 -0.000403701228929 0.00484719921817 0.0135938239916 0.0101068157225 -0.0182532688709 0.00850036110158 0.0225808882983 0.0142848642236 0.00415101413899 -0.0135006364098 0.0276999185335 0.00608729718133 0.0128127870488 -0.00855886733411 0.00731219117859 0.0158851260074 0.0272947669238 0.0299858663003 0.00525689713595 -0.00103749789592 0.0104750898543 0.154762521512 0.00105385825773 0.0143730401437 0.00186539518925 0.00825901206551 -0.0123384852205 0.00759859094022 0.0486063041853 -0.00168171666152 -0.00362606782221 0.0294362915944 0.00321126013343 
0.0249847694996 -0.0151983755745 0.0113525080291 -0.010576742459 0.00546100793141 0.00540809834681 -0.0160867537191 0.0151539643077 0.00192516276614 0.013775935108 -0.0107191736279 0.00394379360679 0.00582059487712 0.00718189766006 0.0179338177382 0.0184581708179 0.157611763715 0.0106019822492 0.00353730765861 0.0158328187067 0.00118681496183 0.0298306760894 0.016265559651 -0.000355116076583 -0.00753767594988 -0.0151732466568 0.00627344584967 0.00516289771759 0.0079115729584 0.012531484913 -0.0103512976382 0.0131436011881 0.000631117656744 0.011888891635 0.00596199655669 0.00570842688436 -0.00402510406699 -0.00805333133413 0.0116712238964 -0.00075905968366 0.00130805828927 0.00405815961862 -0.00140582874495 -0.000595709743914 0.00910054517504 0.000665992717854 0.014792761025 0.0155457270424 0.00556942968067 -0.00720105509341 0.0138511860996 0.0224137081678 -0.0030627671718 0.0193587228402 0.00559094812113 0.000507197060246 0.00715012982518 0.00597457465824 -0.0101932069756 0.0244979645983 0.00820156592515 0.00811222542106 0.00734737370799 0.00180978657691 0.0130300768916 0.0248446242623 0.0207980396067 0.00154472694895 0.0104592763824 0.00705009234382 0.0106078086175 -0.0128269179461 -0.000307477215296 0.0037156600686 0.0171558331529 0.0088959389327 0.00748420763475 -0.0109000924906 0.0112257377215 -0.0103137278959 0.0104799760653 0.000462808773036 0.0152621392352 -0.00189409850828 0.0230630092571 0.0033665856346 0.0279698256434 0.00901557570304 0.0130368794429 0.0135820223914 0.0126592351497 -0.00431548405998 0.0135098547413 0.0356564460858 0.0170903507311 -0.0112127364435 0.0100281783894 0.012972448146 0.0294977986412 0.00129813493314 
0.00488957677456 0.0117696670721 0.00985830020654 0.0243237283767 0.00376198412026 0.00215975273487 -0.0097301253621 -0.00468225767756 0.0126464589475 0.0217992398049 0.0128463345953 0.00620520654876 -0.00392130987539 0.0172216865809 0.0228203683533 0.00534044168917 0.0106019822492 0.0932024844502 0.0062351626346 0.00283278439415 0.0161640728962 0.0295854853439 0.0132822661824 0.000254055665642 0.00938005262917 0.0164024568836 0.00482416247243 9.04210003578e-05 0.0137822082736 0.00283342967431 0.0247442920117 0.0044651922798 0.00589013339686 0.0375051403445 -0.0062002432209 0.00550070825947 0.00972078010064 0.0111957057344 0.00637082034886 0.00385562993253 0.00224251485904 0.0372227365994 0.0252457834514 0.0065303575175 -0.00368236903822 -0.00693116388049 0.006017942844 -0.00330104988993 -0.00186217480454 0.0128857249539 0.00293023254169 0.00680276419912 0.018528809473 0.0130222955883 0.0106918128246 0.0189659290151 0.00497081983042 0.0169809933288 0.00217105046139 0.0220894073418 0.0058076753282 0.0114214545767 0.0306699745445 0.00215944771072 0.031547827321 0.00542005350603 0.00878533391238 0.0107806530329 0.0227817244953 -0.00477794510134 0.00369539730543 0.0160179953393 0.0211020824897 0.0214886980595 0.00346002937958 0.00569035348688 0.0100010100593 0.0100001536523 0.0477407798781 0.00182052153937 0.0120427768938 0.0171306269114 0.00904269134597 0.0202523413565 0.0078186109631 -0.0019449711115 0.0128568484004 0.0327346033282 -0.0129220314519 0.0223541530323 0.0183840791979 0.00276952466397 0.00659663276763 0.0050502225546 0.0167379496808 0.00452257837953 0.00982739263446 0.0135370617159 0.0156827571123 0.0028434099862 
0.0935155553362 0.0271090479327 0.0384007290065 0.0365263364863 0.0139231010272 -0.0100833699301 -0.00694284111247 0.0146733493158 0.086465494369 0.028608400663 0.0109114006778 0.0230874176077 0.0515938062565 0.0184359987411 0.00807125495767 -5.1353128635e-05 0.00353730765861 0.0062351626346 0.344194533665 0.00390285681086 0.0340832424212 0.00469316562862 0.00762530588034 0.0070411193803 -0.00610582107284 -0.018787977426 0.00473219502331 0.00658098785298 0.0372943415226 0.0258085858066 0.00682249201898 0.0190353978147 0.0161005559043 0.0179521945183 0.0308410960101 -1.14458387025e-05 0.0248810506308 0.0176089386704 0.0226208008449 0.0454518749856 0.0097071190028 0.0193035628423 0.0354364445645 0.0298638940431 0.016466193916 0.00187842937278 0.0647831543238 0.0263838195995 0.0242528183115 0.0216019556137 0.0246785800723 0.00461013389056 0.0282143689183 0.0210485864234 0.00447459823595 0.0289597316854 0.0252851443743 0.0356578667454 0.00105323388231 0.0430142008426 0.0206152243089 0.0219147770914 0.00718175963214 0.0183501453776 0.00305624089146 0.0615648517732 0.0168853419695 0.0429458046569 0.0119797186753 0.0156584277623 0.0174042230203 -0.0108580090407 0.00500272167675 0.033491071367 0.0187015178356 0.0181960251403 0.0323035317014 0.0146997548445 -0.0214903836092 0.0194427770927 0.051845827254 0.0167604878146 0.0261891114343 0.026482268671 0.04063147602 0.0457010818746 0.248271999459 0.0292364712161 0.00573961766663 0.0200784231086 0.0436231500177 0.020504234447 0.0569247535256 0.00900643236721 0.0220796882982 0.0403955178514 0.0414591320517 0.0118328531345 -0.00438219493904 0.0244420140928 
0.0119070671827 0.00992991961803 0.0154380307626 0.0246333434881 -0.000481378624696 0.0037702985418 0.0116322743368 -0.0108108034574 0.00581360090599 0.0152247296863 0.00701213176704 0.00250078859351 -0.00849709856521 0.0324644052505 0.0035776796476 0.00243129916514 0.0158328187067 0.00283278439415 0.00390285681086 0.244372670209 -0.0108693377269 0.0136701293118 0.09015045945 0.0013782397061 -0.0092421080429 0.0329492359662 0.0212325308861 -0.00113519338237 -7.66497371735e-05 0.00502900531647 -0.00488414233464 0.00120544780698 0.0194883022552 0.00725477858492 0.0196294640854 0.105693050852 0.0156012029069 0.0277039956436 0.00269659711588 0.00667989843819 0.0211014379539 -0.00372420277878 -0.00763967800145 0.00665030344777 0.0281969418896 0.028953367513 0.00160108157662 0.00850091560377 0.0815347219994 0.00643734923444 -0.0109688532262 0.0125982563556 0.00324262932622 -0.00789828875743 -0.00239974732552 0.0273414042441 0.000882098313465 -0.00873413477522 0.0251147768506 0.027930998907 0.0111102594414 0.0264558305688 0.00432151038344 0.000706300292711 0.0115142846699 -0.00864020156445 0.00968215632245 0.0180554395109 0.00228780687349 0.00377497818454 -0.0131491508639 0.0471679655947 0.000577504611612 0.0194521118397 -0.00180488539525 0.013149233109 0.00767576229182 0.029280660938 0.0112965962024 0.00665063621815 0.0110651829684 0.00152033433235 0.0229940189447 0.0239180678705 0.0137644793557 0.0151244548738 0.0101071281135 -0.0123343657445 0.00641598233617 -0.0043851281479 -0.0345279146879 0.00460185000007 -0.00440202143642 0.0139719437673 0.00839413624376 0.00714095280304 0.00172582461546 0.0239399691256 0.0138736058035 0.0129535197571 
0.00680357028698 -0.00739992049056 0.0233647860924 0.0188783310019 -0.0271902137393 -0.02029528244 -0.00863295820307 0.0297198088529 0.0216706006595 0.0295535794032 0.0210526672205 0.0278731166364 0.019716555691 0.0103638946807 0.00980730421393 0.0324819196871 0.00118681496182 0.0161640728962 0.0340832424212 -0.0108693377269 0.222773536579 0.00480177568655 -0.0205082112795 -0.00651856255235 0.00262340645884 0.0206902140104 0.0668976392103 0.0632198441018 -0.00497253528183 -0.000211895094251 0.0197079765855 0.0422422249303 0.011303053076 0.00388906994277 0.00361466434486 0.00949792358321 0.0187069938395 0.00814489901365 0.0034114730089 0.0206139833755 0.00783180705451 0.015406142415 0.0080286546958 0.00113036527544 0.00303013484862 -0.00241746817454 -0.00228085440731 0.023253795089 -0.0105996908506 0.0233903466227 0.0271021904707 0.0117873549098 0.00907012754592 0.081461286238 -0.0034656469746 0.0117070689614 0.014606934528 0.0139447198953 0.00293957037221 0.0328410357219 -0.000678801196559 0.0121098875797 0.00122223691988 0.0429337707651 -0.00178492316192 0.0523696552621 0.00644678808382 0.0314994863215 0.00842179261976 0.00411667263299 0.00860296137824 -0.00536996335214 -0.0109828836567 0.0199689748538 0.0370093049655 0.0194567886005 0.0255300527744 0.0430409400324 0.0193178265849 -2.36903638408e-05 0.00674210862773 0.0315900886489 0.0118336506183 0.00690136953433 0.00576032570375 0.000238036228223 0.0178094476401 0.0191468932751 -0.00410014595288 0.0121802807146 0.0117573108733 0.0220516555464 0.0491192701743 -0.0102486728667 0.00551651152515 0.00266439469346 0.00631927045289 0.0106412192576 0.0127235703606 0.0373119146349 
-0.00411668660562 0.0240478744125 0.0145383476639 0.00593306945148 0.00528386011382 -0.000524726249091 -0.00407726805271 0.00311873701637 0.00694343022778 0.0209324896585 -0.00503725336512 0.00116216774017 0.00541111958543 0.0199342725974 0.0185037247053 0.00893916240704 0.0298306760894 0.0295854853439 0.00469316562861 0.0136701293118 0.00480177568655 0.172177460466 -0.00511143226997 0.019562263036 -0.012135894546 -0.000546120525384 0.0209939111494 0.00294270651582 -0.00205366933765 0.011636712819 0.0366282436001 0.0268756699625 0.0235136657608 0.0295045980054 0.00887004287786 -0.00460617501818 0.0147825429693 0.00339931402241 0.0139002385049 -0.000902925091552 -0.0114275232549 0.0269132446179 0.0437889212628 0.0309795501909 0.0106722742989 0.0167716746522 0.0308406503277 0.00341481609994 0.00199239578743 0.00941925644329 0.0163118882379 0.00741133883438 0.0117956647268 -0.00288037543304 -0.000186622053387 -0.000746369765788 0.00940348562205 0.0475520520139 0.00727430073274 0.00732170994976 0.0118704716902 0.00134216939544 0.0350126012579 -0.000527657462673 0.00425569426871 -0.00580543411066 0.021793655205 -0.00244195800828 0.0200518977998 -0.00447312452933 0.00733201858104 0.0598481273053 0.023467947671 0.0293838739617 -0.00804242327949 0.00408870722877 0.00450273835509 0.0201712577322 0.0415818214995 0.0255432050169 0.0108765572321 -0.000482917453629 0.00722937821722 0.00948560620428 0.0267196736555 -0.00496093340971 0.0228680582914 0.0460683255149 0.00338506966184 0.0276031319246 0.0368430803512 0.00158945868068 0.00777550169806 0.0298774045171 0.0172641057978 0.0053600642631 -0.00742363033894 0.00472091345604 0.0153736861604 0.0179317677629 
0.0122751432922 0.019383138718 0.00822082138503 0.0465931720883 0.0415007712037 -0.00483152431549 0.0711545827205 0.00327535592349 -0.0110168084241 0.00484392437831 0.0124512131608 0.00751236023729 -0.00960293080481 0.0344950795939 0.00146356656583 0.0606330599115 0.016265559651 0.0132822661824 0.00762530588034 0.09015045945 -0.0205082112795 -0.00511143226997 0.411745285207 -0.0162465106633 0.00522049172337 0.0133008422666 -0.024578863129 -0.0214753474316 0.0364078007822 -0.0218304330097 0.00897730912977 -0.00131296671063 0.00594604415402 -0.00199829494872 0.0169061255504 0.050198765698 0.0479726861626 0.0313458478938 0.00205460458489 0.00866040041188 0.0188292842367 0.00515351482869 -0.0165500345645 0.0392971460574 0.0292774288611 0.018265388746 0.0271176592858 -0.0212046051078 0.104761622506 0.00928859605771 -0.00864830509826 0.00370702766408 -0.0190342531581 -0.00667687836622 0.00943190815949 0.00597267568401 -0.00705695088922 -0.0260144519686 -0.0261868072494 0.0150702292935 0.0191437422755 0.0223535671837 0.000306085527585 0.0109426265263 0.0105475521023 0.00400473945122 0.0221700340976 -0.00575668701597 0.00260154293115 0.00136416309082 0.00359770183743 0.0135180437602 0.0119898437263 -0.00256358199554 -0.0101529393803 0.0346404523071 -0.0176206432653 0.0512293629492 0.00710944742808 0.0182319137585 0.0328185954915 -0.016995586123 0.00870956870083 0.0112817917673 0.00801923188721 -0.0050688434171 -0.01486542922 -0.013184403603 0.159194555812 -0.000166391348867 -0.0337275712364 0.000953095663325 -0.0103385005001 0.012853142616 0.00630168611218 0.0257894543194 0.0198459746225 0.0262952762875 0.0223640296466 -0.00407328743318 
