20
0.0398839612709 0.204332601919 0.0217130314185 0.103848753038 0.0431194173031 0.106356452037 0.00859756350963 0.080702843163 0.0445332570478 0.0422860283868 0.13534553156 0.399937027552 0.0913653440874 0.119808933935 0.075466134778 0.0578888041786 0.424855775916 0.134016582451 0.00477989818121 0.103166553638 
0.150284803678 0.00379798080339 0.0103866971793 -0.00462517855076 0.0110741859084 0.00586921721 0.0103705722416 0.00302338663849 0.0228642930414 0.0144662811602 0.0120439239287 0.0132084953951 0.0126391538875 -0.0048846616433 0.004028352134 -0.00201197409202 -0.00352877091986 0.0147393650138 0.0240474845869 -0.00623653112277 
0.00379798080339 1.42524386097 -0.00028228929304 0.0126007417679 0.0243662947715 -0.0498942094179 -0.0116773310089 0.097593584273 -0.0178692719011 0.0074572605659 -0.0169475552177 -0.00359488633574 -0.0115504959378 0.0255096218763 -0.00430125982917 0.0523636521603 0.07215497013 -0.0175957400052 -0.000498560490509 -0.0103298681261 
0.0103866971793 -0.00028228929304 0.277943179669 0.0182876937928 0.0276201417842 0.0429571175208 0.00585866861542 0.0358061564872 -0.00249142753159 0.0137978722014 0.0191683861153 0.0375833585694 0.0210800410236 0.0132236654027 0.0311011869838 0.0077903622643 0.0303030898043 0.0158177734181 0.0177853726935 0.00881636956569 
-0.00462517855076 0.0126007417679 0.0182876937928 0.363301290956 0.0056649083084 0.0564377110409 -0.00146248112094 0.0144339385512 -0.00631773676466 -0.0121189650666 0.0104701536763 0.0202930167999 0.0203610490033 0.028341923228 -0.0130412194509 -0.00273748736448 0.00551927841258 -0.00718771578963 0.000478931746252 0.0177618816693 
0.0110741859084 0.0243662947715 0.0276201417842 0.0056649083084 0.193157026013 0.0122204193985 0.034335945592 0.0273597275575 0.0114974703279 0.00403132183725 0.0212605371466 0.016323442736 0.0381399672602 -0.00326903283667 0.00863692305903 0.00521726488288 0.00201111369739 0.0216612682098 0.0169128699667 -0.000633702425085 
0.00586921720999 -0.0498942094179 0.0429571175208 0.0564377110409 0.0122204193985 0.490425919565 0.00577250734446 0.178795648424 0.000248580351114 0.00828836117558 0.0372140803039 0.0915197431511 0.0744420298772 0.0375710417586 -0.000793441003066 0.143402757717 -0.0621444730154 0.044332791304 0.00899285203451 -0.0229806654904 
0.0103705722416 -0.0116773310089 0.00585866861542 -0.00146248112094 0.034335945592 0.00577250734446 0.235156476938 -0.0177865339124 0.0337472011746 0.0160959559539 0.0252280337517 0.03128584494 0.0226025477189 0.00943915720876 0.00341374696943 0.0092396090484 0.0338814007558 0.00886805740133 0.0327401699906 0.0244896756095 
0.00302338663849 0.097593584273 0.0358061564872 0.0144339385512 0.0273597275575 0.178795648424 -0.0177865339124 0.399388064421 -0.0189947384879 -0.0096120062247 0.0555619361143 0.0481742787576 0.024121786111 -0.0145013774792 0.00982505545582 0.112874583442 -0.032688572651 0.0110415786587 0.000802440436175 -0.00469391647003 
0.0228642930414 -0.0178692719011 -0.00249142753159 -0.00631773676466 0.0114974703279 0.000248580351114 0.0337472011746 -0.0189947384879 0.189576570636 0.0116217220065 0.0148627418874 0.00623565010529 0.0254566198047 -0.00576369155665 -0.0108055985776 0.0240167605386 0.0194113502871 0.0189004186038 0.01382377274 0.00503899202114 
0.0144662811602 0.0074572605659 0.0137978722014 -0.0121189650666 0.00403132183725 0.00828836117558 0.0160959559539 -0.0096120062247 0.0116217220065 0.239389457767 0.035782355027 -0.00824370077156 0.0434224677305 -0.0227591722194 0.0669393472465 -0.00578446316551 0.00640566511705 0.0147884673317 0.0121559380159 0.0565124362122 
0.0120439239287 -0.0169475552177 0.0191683861153 0.0104701536763 0.0212605371466 0.0372140803039 0.0252280337517 0.0555619361143 0.0148627418874 0.035782355027 0.250344123215 0.0225895180914 0.0333007754804 -0.00760373880391 0.0047024515335 0.0397595887692 0.00591848801046 0.0389028407347 0.0306255507104 0.00953300062959 
0.0132084953951 -0.00359488633574 0.0375833585694 0.0202930167999 0.016323442736 0.0915197431511 0.03128584494 0.0481742787576 0.00623565010529 -0.00824370077156 0.0225895180914 1.3243450638 0.0422412356559 0.0429417182333 0.0284396609994 0.0132007825841 -0.012185302457 0.038358130352 -2.09650607582e-05 0.0788166715599 
0.0126391538875 -0.0115504959378 0.0210800410236 0.0203610490033 0.0381399672602 0.0744420298772 0.0226025477189 0.024121786111 0.0254566198047 0.0434224677305 0.0333007754804 0.0422412356559 0.357070076291 -0.0149671927612 0.0288704641105 0.0170623863226 0.143034499093 0.0259236443781 0.00836438826305 0.0450287684844 
-0.0048846616433 0.0255096218763 0.0132236654027 0.028341923228 -0.00326903283667 0.0375710417586 0.00943915720876 -0.0145013774792 -0.00576369155665 -0.0227591722194 -0.00760373880391 0.0429417182333 -0.0149671927612 0.646287326304 0.00316338510381 0.00917500808935 0.0528211158828 0.00880533827675 0.00246422526263 -0.0108158528086 
0.004028352134 -0.00430125982917 0.0311011869838 -0.0130412194509 0.00863692305903 -0.000793441003066 0.00341374696943 0.00982505545582 -0.0108055985776 0.0669393472465 0.0047024515335 0.0284396609994 0.0288704641105 0.00316338510381 0.462434853995 0.00635057170976 -0.00788188737081 0.0123507893133 0.0126344076265 0.00351118448624 
-0.00201197409202 0.0523636521603 0.0077903622643 -0.00273748736448 0.00521726488288 0.143402757717 0.0092396090484 0.112874583442 0.0240167605386 -0.00578446316551 0.0397595887692 0.0132007825841 0.0170623863226 0.00917500808935 0.00635057170976 0.425788732775 -0.0411739410274 0.0252194175699 0.0155721225668 -0.0192796650534 
-0.00352877091986 0.07215497013 0.0303030898043 0.00551927841258 0.00201111369739 -0.0621444730154 0.0338814007558 -0.032688572651 0.0194113502871 0.00640566511705 0.00591848801046 -0.012185302457 0.143034499093 0.0528211158828 -0.00788188737081 -0.0411739410274 3.74609964057 0.00626389271176 0.00110182438524 0.00338304385829 
0.0147393650138 -0.0175957400052 0.0158177734181 -0.00718771578963 0.0216612682098 0.044332791304 0.00886805740132 0.0110415786587 0.0189004186038 0.0147884673317 0.0389028407347 0.038358130352 0.0259236443781 0.00880533827675 0.0123507893133 0.0252194175699 0.00626389271176 0.232570143179 0.0211188240985 0.0199100165466 
0.0240474845869 -0.000498560490509 0.0177853726935 0.000478931746252 0.0169128699667 0.00899285203451 0.0327401699906 0.000802440436175 0.01382377274 0.0121559380159 0.0306255507104 -2.09650607586e-05 0.00836438826305 0.00246422526263 0.0126344076265 0.0155721225668 0.00110182438524 0.0211188240985 0.182628994941 -0.00484020219597 
-0.00623653112277 -0.0103298681261 0.00881636956569 0.0177618816693 -0.000633702425085 -0.0229806654904 0.0244896756095 -0.00469391647003 0.00503899202115 0.0565124362122 0.00953300062959 0.0788166715599 0.0450287684844 -0.0108158528086 0.00351118448624 -0.0192796650534 0.00338304385829 0.0199100165466 -0.00484020219597 0.378011397191 
0.0130150457788 0.000328914785882 0.000899514361872 -0.0004005522122 0.000959052632292 0.000508289120418 0.000898117901305 0.00026183296344 0.00198010586135 0.0012528166983 0.00104303440835 0.00114388925579 0.00109458283489 -0.000423024107199 0.000348865528344 -0.000174242067544 -0.000305600526073 0.00127646645376 0.00208257325494 -0.000540099438381 
0.000328914785882 0.123429739019 -2.44469698989e-05 0.00109125624776 0.00211018302682 -0.00432096528576 -0.00101128653021 0.00845185232268 -0.00154752434135 0.000645817709271 -0.00146770133506 -0.000311326289047 -0.00100030229084 0.00220919805858 -0.000372500028034 0.00453482530058 0.00624880371419 -0.00152383578429 -4.31766050104e-05 -0.000894592821491 
0.000899514361872 -2.44469698989e-05 0.0240705854402 0.00158376074012 0.00239197444413 0.00372019550464 0.000507375585331 0.00310090411298 -0.000215763953404 0.00119493078446 0.00166003093254 0.00325481432807 0.00182558510393 0.00114520301699 0.00269344180158 0.000674665162557 0.00262432455837 0.00136985936114 0.00154025845683 0.000763520001304 
-0.0004005522122 0.00109125624776 0.00158376074012 0.0314628147195 0.000490595450518 0.00488764914928 -0.000126654580329 0.0012500157462 -0.000547132053261 -0.00104953316153 0.000906741906516 0.00175742680682 0.00176331856845 0.00245448255075 -0.00112940273408 -0.000237073360018 0.000477983531585 -0.0006224744469 4.14767058933e-05 0.00153822407446 
0.000959052632292 0.00211018302682 0.00239197444413 0.000490595450518 0.0167278891446 0.0010583193644 0.00297358011456 0.00236942191054 0.000995710138319 0.000349122712189 0.00184121652671 0.00141365160866 0.00330301805468 -0.000283106548237 0.000747979477965 0.000451828392685 0.000174167555184 0.00187592085478 0.00146469750421 -5.48802398563e-05 
0.000508289120418 -0.00432096528576 0.00372019550464 0.00488764914928 0.0010583193644 0.0424721305018 0.000499913800383 0.0154841573621 2.15276898946e-05 0.000717793133379 0.00322283389216 0.00792584225167 0.00644686889829 0.00325374766096 -6.87140065059e-05 0.0124190431156 -0.00538186923361 0.00383933234899 0.000778803831436 -0.00199018401105 
0.000898117901305 -0.00101128653021 0.000507375585331 -0.000126654580329 0.00297358011456 0.000499913800383 0.0203651482893 -0.00154035902134 0.00292259335238 0.00139395067543 0.00218481181165 0.00270943364969 0.00195743805148 0.00081745499331 0.000295639159762 0.000800173615695 0.00293421537703 0.000767996299177 0.00283538189361 0.00212086812082 
0.00026183296344 0.00845185232268 0.00310090411298 0.0012500157462 0.00236942191054 0.0154841573621 -0.00154035902134 0.0345880209757 -0.00164499260688 -0.000832424157192 0.00481180481585 0.00417201492131 0.00208900795568 -0.00125585612868 0.000850874761833 0.00977522567025 -0.00283091343292 0.000956228761636 6.94933802751e-05 -0.000406505090629 
0.00198010586135 -0.00154752434135 -0.000215763953404 -0.000547132053261 0.000995710138319 2.15276898946e-05 0.00292259335238 -0.00164499260688 0.0164178126133 0.00100647064934 0.00128715120444 0.000540023140029 0.00220460794454 -0.000499150330764 -0.000935792287128 0.00207991247431 0.00168107224704 0.0016368242653 0.0011971738369 0.000436389509978 
0.0012528166983 0.000645817709271 0.00119493078446 -0.00104953316153 0.000349122712189 0.000717793133379 0.00139395067543 -0.000832424157192 0.00100647064934 0.0207317351825 0.00309884284606 -0.000713925428937 0.00376049601496 -0.00197100213111 0.00579711752282 -0.000500949204858 0.00055474687195 0.00128071883923 0.00105273511286 0.00489412053895 
0.00104303440835 -0.00146770133506 0.00166003093254 0.000906741906516 0.00184121652671 0.00322283389216 0.00218481181165 0.00481180481585 0.00128715120444 0.00309884284606 0.0216804370393 0.00195630965264 0.00288393175318 -0.000658503096793 0.000407244248807 0.00344328139181 0.000512556096906 0.00336908483557 0.00265225049201 0.000825582071952 
0.00114388925579 -0.000311326289047 0.00325481432807 0.00175742680682 0.00141365160866 0.00792584225167 0.00270943364969 0.00417201492131 0.000540023140029 -0.000713925428937 0.00195630965264 0.114691646863 0.00365819831652 0.00371886188722 0.00246294689005 0.00114322130677 -0.00105527814805 0.00332191153265 -1.81562752085e-06 0.00682572398126 
0.00109458283489 -0.00100030229084 0.00182558510393 0.00176331856845 0.00330301805468 0.00644686889829 0.00195743805148 0.00208900795568 0.00220460794454 0.00376049601496 0.00288393175318 0.00365819831652 0.0309231756999 -0.00129619691545 0.00250025553387 0.00147764600046 0.0123871509833 0.00224505345901 0.000724377272292 0.00389960574086 
-0.000423024107199 0.00220919805858 0.00114520301699 0.00245448255075 -0.000283106548237 0.00325374766096 0.00081745499331 -0.00125585612868 -0.000499150330764 -0.00197100213111 -0.000658503096793 0.00371886188722 -0.00129619691545 0.0559701242723 0.000273957186185 0.000794579008531 0.00457444282108 0.000762564663658 0.000213408167808 -0.000936680329586 
0.000348865528344 -0.000372500028034 0.00269344180158 -0.00112940273408 0.000747979477965 -6.87140065059e-05 0.000295639159762 0.000850874761833 -0.000935792287128 0.00579711752282 0.000407244248807 0.00246294689005 0.00250025553387 0.000273957186185 0.0400480331155 0.00054997564292 -0.000682591469289 0.00106960973021 0.00109417179663 0.000304077496246 
-0.000174242067544 0.00453482530058 0.000674665162557 -0.000237073360018 0.000451828392685 0.0124190431156 0.000800173615695 0.00977522567025 0.00207991247431 -0.000500949204858 0.00344328139181 0.00114322130677 0.00147764600046 0.000794579008531 0.00054997564292 0.0368743859229 -0.00356576789037 0.00218406562842 0.00134858537337 -0.00166966797127 
-0.000305600526073 0.00624880371419 0.00262432455837 0.000477983531585 0.000174167555184 -0.00538186923361 0.00293421537703 -0.00283091343292 0.00168107224704 0.00055474687195 0.000512556096906 -0.00105527814805 0.0123871509833 0.00457444282108 -0.000682591469289 -0.00356576789037 0.324421745384 0.000542469021497 9.54207908126e-05 0.00029298019234 
0.00127646645376 -0.00152383578429 0.00136985936114 -0.0006224744469 0.00187592085478 0.00383933234899 0.000767996299177 0.000956228761636 0.0016368242653 0.00128071883923 0.00336908483557 0.00332191153265 0.00224505345901 0.000762564663658 0.00106960973021 0.00218406562842 0.000542469021497 0.0201411652155 0.00182894381673 0.00172425801191 
0.00208257325494 -4.31766050104e-05 0.00154025845683 4.14767058933e-05 0.00146469750421 0.000778803831436 0.00283538189361 6.94933802751e-05 0.0011971738369 0.00105273511286 0.00265225049201 -1.81562752088e-06 0.000724377272292 0.000213408167808 0.00109417179663 0.00134858537337 9.54207908126e-05 0.00182894381673 0.0158161349087 -0.000419173806117 
-0.000540099438381 -0.000894592821491 0.000763520001304 0.00153822407446 -5.48802398563e-05 -0.00199018401105 0.00212086812082 -0.000406505090629 0.000436389509978 0.00489412053895 0.000825582071952 0.00682572398126 0.00389960574086 -0.000936680329586 0.000304077496246 -0.00166966797127 0.00029298019234 0.00172425801191 -0.000419173806117 0.0327367472888 

['K', 'UIS', 'TYC', 'KG', 'SEE', 'HAL', 'TSN', 'BHI', 'DGX', 'AT', 'LEH', 'JDSU', 'FLR', 'DYN', 'XRX', 'COP', 'SANM', 'PNC', 'MMM', 'BSX']