60
0.142595623168 0.176385145314 0.12993100308 0.0324129219316 0.104921073146 0.0649972461493 0.0146303634135 0.0966324757555 0.0907505897935 0.28152338764 0.142251168296 0.204332601919 0.0292815331214 0.13190386478 -0.00305157485537 0.0181340887913 0.0316717201181 0.162419244675 0.0729384759615 -0.00773505516991 -0.00660692339257 -0.0108233812146 0.110374427341 0.0946597506959 0.0485945029431 0.0392369654355 0.0384658872101 0.101022755506 0.107494880462 0.00788248566947 0.0965978414643 0.00388664565626 0.176756138136 0.105904751354 0.12825177486 0.0916953774684 0.00194148072761 0.0737969483193 0.0243185800675 0.0590120409917 0.099400173405 0.201678989994 0.122670110856 0.0347685991573 0.0216083944488 0.0301615681032 0.0623269012124 -0.0290439391383 0.0573021249509 0.0170913584406 0.0705908558691 0.126514999345 0.104550469133 0.0176756211385 0.0121413644826 0.105790500039 0.0422457423554 0.0558285331973 0.0839491815724 0.148588071013 
0.426118792482 0.0327731087146 0.0414368293746 -0.00445593088003 0.0299208083903 0.0212705498147 0.0105021638438 0.028875592406 0.0254511813514 -0.0103810575013 0.011660160151 0.0150214608328 0.0293117732529 -0.00941251175978 0.0274952364596 0.0332453149153 0.00685269622238 0.00408349882696 0.0230962968507 0.0337009584322 0.0266990302934 0.0348625059012 0.0165622321277 0.0360297510504 0.0013768884108 0.00649319067409 0.0217512486105 0.00157223953139 0.0316619366702 -0.00394920717195 0.0354144084037 -0.00131486786699 0.0753372452935 0.0502673539351 -0.00762703741311 0.053360394994 0.0200974990688 0.019643179912 -0.00651089356492 0.0191045870872 0.0431127249064 0.0207338043357 -0.0138571190363 0.00814117866881 0.0194246288694 0.0134960091746 0.0193699836964 0.0440581731461 -0.000767542467255 0.0225803805435 0.0139183708394 0.0367035338954 0.134243825302 0.0307056647125 0.0387968461221 0.00665562948406 0.0274602917154 0.0098938345294 0.0207866871096 0.0258584234068 
0.0327731087146 0.608326289653 0.0283004010333 -0.00618973425386 0.0264465769918 0.0126385236404 0.0131355245776 0.0403258958731 0.00712048516606 -0.0314895110603 0.0649604667447 -0.026940961183 0.0229124446266 0.0293977826041 0.0219415183405 0.031758803317 0.0331089146778 -0.00602926545596 0.0150199177492 0.0127769805843 0.0219081283619 0.0260509715217 0.0351653179451 0.067931961957 0.00999519225513 0.0212684977522 0.0134427770862 0.0341055169073 0.019961715532 0.0105368501455 0.0104510804019 0.0252990420638 0.0150399668893 -0.000399188663027 0.0413320485119 0.0387163030134 0.0396071554914 0.0416254091916 0.0117453096948 0.00745525665282 0.0451763789638 0.00208156591673 0.000234918873431 0.00971044374562 0.024458653092 0.0188012189053 0.0251920908636 -0.00583153290066 0.0327601998379 0.0195262705605 0.0420000826416 0.0260892917389 0.0097817900492 0.0323669692046 -0.0243843773962 0.00652448255804 -0.00110411111823 0.0330834433396 0.00818618033921 0.0542262896033 
0.0414368293746 0.0283004010333 0.591732908496 0.00815238337501 0.0103757428988 0.00577002106489 0.00188556119131 -0.0057303892009 0.0214912920914 -0.00766392913205 0.0070179672016 0.0250879663158 0.00315358052607 -0.0162455263528 -0.0101014009833 0.0353121523154 0.0324007296683 0.0129394985916 -0.00317602348021 0.0190011450357 -0.00623730503247 0.033397597828 0.224966022679 0.0380522389253 0.00953742730235 0.0148334322494 0.000843148464585 -0.0047540212401 0.0736908933802 0.023819839542 0.00153134123699 0.0185444754581 0.0945398314206 0.0180067390514 0.118638457588 0.0789607915382 0.0166706577231 0.00460548290781 0.0240195328747 0.02484750153 0.019746102514 -0.0157588182224 -0.00139661834393 0.116572289426 -0.0267493763112 0.0525038659263 0.00760919296304 -0.0123847537554 0.0240046311719 0.0165337851557 0.0109774659566 0.0588868231538 0.0573603083183 -0.00107620883693 0.0160610607903 0.00116243774175 0.0162661149008 -0.0151978852509 -0.0213238555719 -0.002680860498 
-0.00445593088003 -0.00618973425386 0.00815238337501 0.267071149077 0.00496123648369 0.000620282231741 0.0136981476412 0.00760949137754 -0.00986108466967 -0.0278576758784 0.0265209858336 -0.00689557740953 0.00996979690748 -0.0194825604194 0.0252174056758 0.00670801766783 -0.0141717344164 0.00237056468258 0.0358517499529 0.00326507920241 0.00738969652425 -0.00158569233034 -0.0108137967832 0.00556576779545 0.0159685176038 0.0139212691282 0.0152328645757 -0.010924054104 0.00579798240303 0.0220983279016 0.0133845853051 0.00325543056975 -0.00819143744994 0.0147881829737 -0.0036632692039 0.011141250847 -0.00284707051773 0.0136626771184 0.00654915095009 0.00255839766672 0.0159996686939 -0.00826832304027 0.0786923094177 -0.0130761970205 0.00419417660993 0.0102128632937 -0.00375704266466 -0.00205015547847 0.00513246663591 0.0186528889182 0.0136539765511 0.00447304226731 0.00772577099411 -0.00225899240794 0.0202559097237 0.00044272692632 0.0150105653659 0.0203898472214 -0.00548626365903 0.0584526084184 
0.0299208083903 0.0264465769918 0.0103757428988 0.00496123648369 0.240342470944 0.0314829841951 0.0105169396529 0.0154382814048 0.00575422271476 0.0250861394406 0.00449992826939 -0.0248607351125 -0.00190807424199 -0.00231439873385 0.00911195252905 0.0144377131919 0.0360116914156 0.00235166750944 0.0189095164119 0.0121709441767 0.0066742594667 0.0110393916183 0.0337091746133 0.0307391947045 0.0142385421763 0.0198676886723 0.0193293963972 -0.00432318852846 0.0415417835188 0.0549270885912 0.0206305481499 0.00122295699572 0.0256940133747 0.000604408304431 0.0161563777684 0.0482314270995 0.034194605925 0.0387319709249 0.0208081793032 0.0148204209994 0.0313685248141 0.0282043639575 0.00562593702335 0.0145883997659 0.0321534728312 0.0149153841881 0.0529610407162 -0.00182653125278 0.038584179135 0.0349423634962 0.00213766616895 0.0283732120742 0.0248172007983 0.0177559437287 -0.00631742948591 0.0312336116532 0.0135940774151 0.0194307942033 0.0258023548288 0.0525405492823 
0.0212705498147 0.0126385236404 0.00577002106489 0.000620282231743 0.0314829841951 0.263042347654 0.00404109114734 -0.0163891624496 0.0213488653512 -0.00385205221459 0.00965225598932 -0.0656989577066 0.00421858032216 0.0113725741009 0.0144317236235 0.00178155293358 0.00233311453616 0.038871419613 0.00436423939308 0.00975535543424 0.0240091111648 0.0140456460369 -0.00081539134833 0.00135775059278 0.00319024037036 0.0141422167545 0.00261739800551 -0.0190278245633 0.0595843374042 0.00470815747782 0.0327403147029 0.0178814252932 0.00734223174695 0.00115046312539 -0.0175931343073 0.0182115287309 0.0214801180199 0.0193634790762 0.00836389325462 0.00930427674929 0.0203622576713 0.0493395278498 0.00538726041992 0.00413849618586 0.0203706859354 0.0166139884916 0.0202703689564 0.0120646714651 0.01872578494 -0.000733686070178 0.0213058447611 0.0216214645416 0.0173398457009 0.0156464939481 0.027063471372 0.00308562062896 0.0206847929356 0.0136930297216 0.0476401304561 0.0019381856779 
0.0105021638438 0.0131355245776 0.00188556119131 0.0136981476412 0.0105169396529 0.00404109114734 0.150332573349 0.00777238673876 0.0193859625551 -0.00781932311715 0.0103943588479 -0.00573586021503 0.0162576824516 -0.0204250921539 0.00692793083818 0.00434390440369 0.00582112972818 0.0161219939624 0.0150066100385 0.00580043339079 0.017621282228 0.0137023705472 0.00265197643295 0.0152002093824 0.00875729016851 0.0187545879729 0.0183541894104 -0.00120177819551 0.0284139977743 -0.00319612994451 0.00797185372903 0.00140619839057 -0.00469034946692 0.0161896191115 0.0091661237896 0.00676637044963 0.0332924592529 0.00336088710094 0.0128780155413 -0.000633829249447 -0.00593252653222 -0.00428172867462 -0.00783957129115 -0.00604467975886 0.0172759677882 0.00226939104505 0.0115685898658 0.0236934814201 0.00519641345719 -0.00249512544308 0.00247130214536 0.0234630461726 0.0164697132718 0.0159190441401 0.0147335763727 0.00715364418154 -0.0023657389007 0.0180358614398 0.00664809795712 0.0296296900065 
0.028875592406 0.0403258958731 -0.00573038920089 0.00760949137754 0.0154382814048 -0.0163891624496 0.00777238673876 0.454660214458 0.0103363565764 -0.0376321861508 0.02144205998 0.0180465324942 0.0252975830265 -0.0114217437994 0.0490405280318 0.0228165602988 0.00280082784861 0.00956658924202 0.00293765802015 0.0241227379602 0.0155306324575 0.00150190136215 0.006250126809 -0.00417999624292 0.0146557221185 0.0271175859978 0.0231109159603 -0.0214790100999 0.00916564863574 0.0206532076185 0.0309596550141 0.0343505121995 -0.00183764641598 0.0109166671432 0.0436424988598 0.0374606676855 0.0274729047231 0.02285795333 -0.000571236248085 -0.0234022827778 0.0778885237638 0.00612061670218 0.0173432109702 -0.000791300576839 0.00523258795037 0.023659256392 0.0312382291501 0.0332701411783 0.024575158698 0.0232871937674 0.0178480923157 0.018782336707 0.0333793421291 -0.0190008168224 -0.00371228753492 0.0043597713986 -0.00661256062984 0.0602310771332 -0.00872972208046 0.0155818310075 
0.0254511813514 0.00712048516606 0.0214912920914 -0.00986108466967 0.00575422271476 0.0213488653512 0.0193859625551 0.0103363565764 0.324743493974 -0.01206267862 0.0351241440041 -0.00728488027369 0.037951425621 -0.02660322092 0.0055292563606 0.0159070246862 -0.0027605790989 -0.00217783610283 0.0159712580944 0.00542028086736 0.0278037845465 -0.00204320791162 -0.0311473908242 0.0058497759911 0.027186988396 0.0244980769635 0.0205639639075 0.030143009417 0.0263985024231 0.0645391250198 0.00927259436422 0.0078265635714 0.0619826356849 0.0145282664128 -0.00821158734605 0.00533326013903 0.0158326065477 0.000703267447556 0.0133856471847 0.00512749544896 0.0098116215858 0.0112313369246 -0.0103643493869 -0.0112492352692 0.00872237448805 0.0212619959559 0.0160102493767 0.0259922984933 0.0194578376139 0.0278500299231 -2.729838763e-05 0.0145804001378 0.0121586031386 0.00647160627188 -0.00699506106533 0.0107537462847 0.01609678526 0.0258520509708 0.0254256730621 0.0111447403106 
-0.0103810575013 -0.0314895110603 -0.00766392913205 -0.0278576758784 0.0250861394406 -0.00385205221459 -0.00781932311715 -0.0376321861508 -0.01206267862 1.91378905083 -0.0268910026415 -0.0260046416743 -0.00122392034152 -0.0285988065149 -0.00884755959128 -0.0177494003213 -0.0164382417234 -0.017170165079 -0.0313451306232 -0.00485584756161 0.0030845970636 -0.00898374885688 -0.0320716126675 -0.00784781224377 0.00146177671071 0.00704763097667 -0.00411536290619 0.285455008822 -0.0109831529655 0.030231126561 -0.00841337520251 -0.0175677489233 -0.0246081461947 -0.017503676107 -0.00371640045756 0.0102008826186 -0.0206232252805 -0.00341721475838 -0.00327940645697 -0.0128547858295 -0.0350359175334 -0.00046929542838 -0.00959310891283 -0.0153891175736 0.0216148158103 0.00589079705368 -0.0232442509636 0.00428534238981 -0.0165407903716 0.0079046318321 -0.0247366486469 -0.0139364890432 -0.0129540751076 0.00551922495278 -0.00868873682701 -0.00858035732283 -0.00979836275123 -0.0242820208311 0.011046389397 0.00466599255673 
0.011660160151 0.0649604667447 0.0070179672016 0.0265209858336 0.00449992826939 0.00965225598932 0.0103943588479 0.02144205998 0.0351241440041 -0.0268910026415 0.79833240587 0.0167366179423 0.00407681126405 -0.00334603329328 0.0509476319579 0.0370938717342 0.0149763117702 0.00411107789583 0.0190904695575 0.0118910573314 0.019777211804 0.00774774699048 -0.0174141426123 0.0365393258152 0.0112795165691 0.021189293275 0.00752084817469 0.0173061382634 0.0260081385685 0.0016386083869 0.0135616988889 0.0667900943354 0.0109420274782 -0.00381427890595 -0.00682354483867 0.0215403063242 0.0286861113805 0.000160940125613 0.00604345614801 0.0157209909769 0.0223906544569 0.0021956702915 0.0133786221739 -0.0227608021242 0.0222763839874 0.0156323042253 0.0350120318997 0.0334207336079 0.0297928327122 0.0197946148586 0.0441690606729 0.0185228706082 0.00245274545123 0.000430562247122 -0.00346163196719 0.00252846980921 0.022923032547 0.0148061178565 -0.0108552953548 0.0101109184786 
0.0150214608328 -0.026940961183 0.0250879663158 -0.00689557740953 -0.0248607351125 -0.0656989577066 -0.00573586021503 0.0180465324942 -0.00728488027369 -0.0260046416743 0.0167366179423 1.42566427846 -0.00130996258332 0.030412151582 -0.00169858667339 -0.00131384112183 0.0162272546081 0.0161239105452 -0.0261219532569 0.0191106260709 -0.018827932608 0.00202499767422 0.0163922937951 0.00697878834281 -0.00438471780024 -0.0120037322916 -0.00354078199749 -0.0318155459627 0.0109536208678 0.00292406621215 0.00496649764041 0.00371247483884 -0.0273797184375 -0.00482245957764 0.0115585257879 0.0146419840445 0.00793587742066 -0.00585122629932 -0.00570695428404 0.00894729472768 -0.0224660413415 -0.012385036993 -0.013695088452 0.0158932675161 -0.0137953683938 -0.00454158138042 0.00760681439102 -0.00990246627096 0.00375363082348 0.0104129292178 0.0201583478105 -0.00155632523103 -0.0119125456317 0.0601449315312 -0.0239574617941 0.0231976080645 -0.0167377829899 -0.0164700971412 -0.0160667455921 -0.00944388431604 
0.0293117732529 0.0229124446266 0.00315358052607 0.00996979690748 -0.00190807424199 0.00421858032216 0.0162576824516 0.0252975830265 0.037951425621 -0.00122392034152 0.00407681126405 -0.00130996258332 0.122564916745 -0.00963626135491 0.00810756169377 0.0204218204342 0.00668213191579 0.0479005946491 0.0116957912656 0.0141369765785 0.0101771306093 0.0186671284025 0.0131683224627 -0.00570498935084 0.0221087874981 0.0269466616216 0.0220202121512 0.00494755350795 0.0137232335812 0.0322584697841 0.0211440466823 0.00312090228325 0.00141779897006 0.00409605733588 0.0220355436929 0.0272215565599 0.0114431022502 0.0151479161185 0.0176047626065 0.00883909991935 0.016658300638 0.0329695812743 0.0215305133948 0.017399264391 0.0210186590193 0.015885276378 0.0246147478516 -0.0019657887112 0.0108151995118 0.0101159112081 0.00555008031026 0.00760313450533 -0.000297393287868 0.0175569925501 0.0177310160518 0.0297217621272 0.00315454712343 0.00584045818978 0.0237022977311 0.041170252597 
-0.00941251175978 0.0293977826041 -0.0162455263528 -0.0194825604194 -0.00231439873385 0.0113725741009 -0.0204250921539 -0.0114217437994 -0.02660322092 -0.0285988065149 -0.00334603329328 0.030412151582 -0.00963626135491 1.06533795844 -0.00899867848543 0.0192262974891 -0.00803579412095 -0.0316293098543 0.00807257011886 -0.000461698447139 0.0366966222076 -0.0137440339733 -0.031297486203 0.0220423606612 -0.00653965395699 -0.00186208462625 -0.000254065325587 -0.0196961283483 0.0211645492235 -0.0119585998692 0.00656098082755 -0.0124637986563 0.00693596206056 -0.0229839686692 -0.0161221135948 0.01229733838 -0.000500042982997 0.0118610791443 0.00338151691555 -0.0241769747499 -0.0140714968173 0.003346143431 -0.0058084131913 -0.0345139591293 -0.0174687649649 -0.0106641707501 -0.00881199401787 -0.0160493630286 0.0146587533425 0.0266832794082 0.0041833812177 -0.00190403073688 0.0102153210122 0.00986351193338 -0.00999836324339 0.000260394674576 -0.00962234729551 0.0185699340359 -0.000555165850794 0.00232446238 
0.0274952364596 0.0219415183405 -0.0101014009833 0.0252174056758 0.00911195252905 0.0144317236235 0.00692793083818 0.0490405280318 0.0055292563606 -0.00884755959128 0.0509476319579 -0.00169858667339 0.00810756169377 -0.00899867848544 0.19262023386 0.0182406119897 0.00730659250084 0.0319050582134 0.0298245719455 0.0105846297461 -0.00128210131782 0.00456680605356 -0.00740668194745 0.0124292081015 0.00860399488242 0.00334745402681 0.00929560089383 0.0185818781569 -0.000849832817783 0.014276020744 0.0290686015146 0.0295807650288 0.0148303744736 0.0119245722859 -0.00238276087103 0.0360951444621 -0.0204180764252 0.00166031332564 -0.0017327389229 0.017433799837 0.0296675932571 0.0460426746744 0.0135885766382 0.0133003286413 -0.00542062736643 0.0116228856906 0.0128517406479 -0.00943934756572 0.0477854852474 0.0197478726497 0.0105848306034 0.028611329834 0.0239593771575 0.0133131529451 0.0152229438425 0.00673848678817 -0.00169758839579 0.0267055395162 -0.00993947595529 0.0186344483216 
0.0332453149153 0.031758803317 0.0353121523154 0.00670801766783 0.0144377131919 0.00178155293357 0.00434390440369 0.0228165602988 0.0159070246862 -0.0177494003213 0.0370938717342 -0.00131384112183 0.0204218204342 0.0192262974891 0.0182406119897 0.276141247756 0.00056806828215 0.0254178126427 0.0117745827307 0.02796880631 0.0161753316804 0.0420012239843 0.0219867592547 0.0536277240734 -0.000127736484977 0.000809286023924 0.026406093546 0.00187925358506 0.0108901984346 0.0119540349047 0.0292616914358 0.0310969763327 0.0122116752318 0.00536091865163 -0.00510686413868 0.0343692695257 0.00592696751604 0.00987997144774 0.0166361687448 0.0250688275736 0.0173175576753 0.0207801829606 0.00308998557047 0.00674507051536 -0.000602934458697 2.7128251971e-05 0.025813462156 0.0110966559969 0.0197111382263 0.0388970277495 0.00636392596326 0.0358452885176 0.00786017249349 0.00449043528037 0.00760921367955 0.00927716510726 0.0212857603028 0.0172525538762 0.000215002534282 0.0496864593828 
0.00685269622238 0.0331089146778 0.0324007296683 -0.0141717344164 0.0360116914156 0.00233311453616 0.00582112972818 0.00280082784861 -0.0027605790989 -0.0164382417234 0.0149763117702 0.0162272546081 0.00668213191579 -0.00803579412095 0.00730659250084 0.000568068282147 0.272207449213 0.0172870644985 0.0270522857908 0.0134810937835 0.00390936078796 0.0149929288644 -0.000298515829081 -0.00596084852015 0.015243060838 0.0187106480109 0.0143207008613 0.0149290536205 0.0210769589649 -1.28309340795e-05 0.0099578235669 -0.00144624370246 0.0133942098905 -0.00244462305401 0.0150948135404 -0.0131997713954 0.00658970733252 0.000802923592615 0.0137317175715 0.00637607962278 0.00157986107194 0.016263873128 -0.00175437355076 0.0238800705722 0.0137927609321 0.0361248824684 0.0224404231368 -0.0177751809739 0.0203355486385 0.0395398325501 0.0240750684215 0.037016063569 0.0333558606149 0.017189976647 -0.0160637733797 0.0348867977618 0.00568739134116 0.0132156304374 0.0229813942953 0.0111726279751 
0.00408349882696 -0.00602926545596 0.0129394985916 0.00237056468258 0.00235166750944 0.038871419613 0.0161219939624 0.00956658924202 -0.00217783610283 -0.017170165079 0.00411107789583 0.0161239105452 0.0479005946491 -0.0316293098543 0.0319050582134 0.0254178126427 0.0172870644985 1.2944008138 -0.0172605167646 0.00923048788021 0.0320070073621 -0.00737129182992 0.0282483113014 -0.00255367981871 0.0122630631655 0.0146057284152 -0.00169992884179 0.0195219107682 0.00136691564861 0.00973510333925 0.00623542249506 0.0335071154608 -0.0174012680472 0.0692434945771 0.0593158229561 0.0180579349743 0.0199445148936 0.00843209485663 0.0178882696902 0.0207215120529 0.0124394476266 0.00838487651487 0.00600931996591 0.0128293669201 0.0388383219522 0.0569137871904 -3.88430794122e-05 0.0351868481248 0.0292445986703 0.0106379490232 -0.0157699318015 0.03985360232 0.00882348902464 0.00376155755138 0.000885760299672 -0.0200805527497 0.00157561829891 0.0358998194407 0.0315071523927 -0.00146977088943 
0.0230962968507 0.0150199177492 -0.00317602348021 0.0358517499529 0.0189095164119 0.00436423939308 0.0150066100385 0.00293765802015 0.0159712580944 -0.0313451306232 0.0190904695575 -0.0261219532569 0.0116957912656 0.00807257011886 0.0298245719455 0.0117745827307 0.0270522857908 -0.0172605167646 0.298119044906 -0.000805744493352 0.0316352818924 0.0194808352141 -0.0111724264273 -0.00273017300984 0.0162193748679 0.0227294772863 0.00570915044408 -0.0206885157335 0.0258568545181 0.0226396232527 0.0109316125427 0.0061625605604 -0.0272790120907 0.0249334314478 0.0131468475307 0.0100299949954 0.00423300050744 0.0020884084052 0.0119118175994 0.0165735102652 0.0492567448999 0.00308926435822 -0.0100658878274 0.0109258188239 0.00482784619691 -9.40903484704e-05 0.0176081623824 0.00912386741585 0.00728557711322 0.0257632317624 0.0814683976226 0.00568734873631 0.0393901972483 0.0224825534267 0.0193281132833 0.0143209924828 0.0193811300141 0.00700834118205 0.0038278621968 -0.0153845776549 
0.0337009584322 0.0127769805843 0.0190011450357 0.0032650792024 0.0121709441767 0.00975535543424 0.00580043339079 0.0241227379602 0.00542028086736 -0.00485584756161 0.0118910573314 0.0191106260709 0.0141369765785 -0.000461698447139 0.0105846297461 0.02796880631 0.0134810937835 0.00923048788021 -0.000805744493352 0.113759894107 -0.000822526940775 0.0570483870472 0.0169697070621 0.0208956489412 0.0132478497003 0.0180842332945 0.013686840481 0.00486917153261 0.0159086581404 0.00364719501798 0.00558896165415 0.0392002857226 0.000734777284284 0.0122816692144 0.0062982839479 0.0106697653851 0.0167394404904 0.00545723945939 0.00920197972048 -0.00306589730526 -0.0037499365311 0.0113924748069 -0.00929484805473 0.0199361334334 -0.00635514430349 0.0214810569277 0.0166443675424 0.00117246704021 0.00205023982326 0.0186252634794 0.00017443969185 0.046565231032 0.00738527357744 -0.00143848466876 0.0212998941287 0.0182458191671 0.0103819443609 0.00478983562531 -0.00406006515822 0.00676021814483 
0.0266990302934 0.0219081283619 -0.00623730503247 0.00738969652425 0.0066742594667 0.0240091111648 0.017621282228 0.0155306324575 0.0278037845465 0.0030845970636 0.019777211804 -0.018827932608 0.0101771306093 0.0366966222076 -0.00128210131782 0.0161753316804 0.00390936078796 0.0320070073621 0.0316352818924 -0.000822526940773 0.15303862301 0.00987059398589 0.00426074217168 0.00866679130798 0.0195710489677 0.0238036564058 0.0183779024463 0.0169344460854 0.0544588647934 0.0135618343238 0.0166788724031 -0.00532531579662 0.0200849752311 0.000978922178643 0.0025380309481 0.024811735395 0.0167157935922 0.00979874675702 -0.0050369720508 0.0162583124149 0.018622673243 -0.00373541609235 0.0197936609961 0.00110300083659 0.00514712833066 0.0305794423749 0.0192928633342 0.00685887000337 0.0130980180804 0.0254258805905 0.0314220368537 0.00628883841183 0.0200997355106 0.0259598973848 0.00138053372679 0.000477693253567 0.0163046811838 0.0218889525627 0.0290296685075 0.0226608611753 
0.0348625059012 0.0260509715217 0.033397597828 -0.00158569233034 0.0110393916183 0.0140456460369 0.0137023705472 0.00150190136216 -0.00204320791162 -0.00898374885688 0.00774774699048 0.00202499767422 0.0186671284025 -0.0137440339733 0.00456680605356 0.0420012239843 0.0149929288644 -0.00737129182992 0.0194808352141 0.0570483870472 0.00987059398589 0.191406654219 0.0356404904903 0.0356073596021 0.0191489212669 0.0240236851286 0.0208780780512 0.00830677828608 0.00664760676178 0.00202895237334 -0.00277544432901 0.0493841209554 0.0231193289748 2.10045998591e-06 0.0297287622024 0.0154161759014 0.0313618654761 0.00748359313195 0.0150976936349 0.0262152428217 0.00709591293852 -0.0164474688384 0.00108942476011 0.0419870022174 0.000800490356645 0.00873658656465 0.0334088388248 -0.00295295173692 0.00348102283398 0.0220586512617 0.00280236086618 0.0481413214833 0.0099123448234 0.0151956288071 0.0127342637632 0.00640953601237 0.0127195894431 0.00436437968182 0.0109931361833 0.00812290181607 
0.0165622321277 0.0351653179451 0.224966022679 -0.0108137967832 0.0337091746133 -0.00081539134833 0.00265197643295 0.006250126809 -0.0311473908242 -0.0320716126675 -0.0174141426123 0.0163922937951 0.0131683224627 -0.031297486203 -0.00740668194745 0.0219867592547 -0.000298515829082 0.0282483113014 -0.0111724264273 0.0169697070621 0.00426074217168 0.0356404904903 0.441621433715 0.0173040918616 -0.00598111973992 0.00504915605583 -0.00364322258026 0.00342541163014 0.0664628840916 0.00488045439346 -0.00926330694521 0.0386407127853 0.039287620861 -0.0114458549026 0.0707934986716 0.063593316126 0.019206241247 0.0170942862389 0.00148433015084 0.0207938056624 0.0542078102282 -0.019648507128 -0.00802469924064 0.111462997472 -0.014481202949 0.0146566283994 0.0264789715423 -0.00306541005252 0.0077639879387 0.0148867834812 -0.0175464038445 0.0343868687016 0.0281332558952 0.0253281220147 0.00310615810752 0.0388137143826 -0.00973189829843 0.0046473057204 0.0102993229287 -0.011711436047 
0.0360297510504 0.067931961957 0.0380522389253 0.00556576779545 0.0307391947045 0.00135775059278 0.0152002093824 -0.00417999624292 0.0058497759911 -0.00784781224377 0.0365393258152 0.00697878834281 -0.00570498935084 0.0220423606612 0.0124292081015 0.0536277240734 -0.00596084852015 -0.00255367981871 -0.00273017300984 0.0208956489412 0.00866679130798 0.0356073596021 0.0173040918616 0.433954590366 0.00933658947616 0.0180252193549 0.0257271906907 0.0242935073382 -0.00561014944804 0.00899710025303 0.0315183905354 0.0163563976132 0.0160783617877 0.0172130060415 -0.00676167644438 0.0413278787754 0.0328047265201 0.00499270154898 0.0285269376294 0.000519753027402 0.036265876083 0.0530290016193 -0.0262090752992 0.00522957825006 0.00848092249556 -0.0114156493247 -0.0113403702807 0.0551104578686 0.0239716631446 -0.0118199530079 0.0204872512562 0.0530124109724 0.00219185167611 -0.00133711151115 -0.00370091011266 0.00272528086723 0.0123093981213 0.0213965422625 -0.00687829316005 0.0453972851309 
0.0013768884108 0.00999519225513 0.00953742730235 0.0159685176038 0.0142385421763 0.00319024037036 0.00875729016851 0.0146557221185 0.027186988396 0.00146177671071 0.0112795165691 -0.00438471780024 0.0221087874981 -0.00653965395699 0.00860399488243 -0.000127736484974 0.015243060838 0.0122630631655 0.0162193748679 0.0132478497003 0.0195710489677 0.0191489212669 -0.00598111973992 0.00933658947616 0.11767566643 0.0497299105549 0.0379511970091 0.0112490733591 0.0231386965957 0.014233959587 0.0143572425995 -0.00246178264222 0.00636176329135 0.0236450737012 0.00668707948636 0.0306855122627 0.00991092638907 0.00750322042392 0.00330577579112 0.0078043769255 0.00275341561564 -0.00766728932935 0.00179869183054 0.0111964015905 0.0385870709921 0.0113819069226 0.034207159464 -0.00254758578149 0.0244200057945 0.0280202401908 0.00720658360696 0.0110450663966 0.00364245125559 0.0193873322222 0.00803675215902 0.0195001178445 0.0192262949661 0.0178262348931 0.0258692319322 0.0261417191796 
0.00649319067408 0.0212684977522 0.0148334322494 0.0139212691282 0.0198676886723 0.0141422167545 0.0187545879729 0.0271175859978 0.0244980769635 0.00704763097667 0.021189293275 -0.0120037322916 0.0269466616216 -0.00186208462625 0.0033474540268 0.000809286023923 0.0187106480109 0.0146057284152 0.0227294772863 0.0180842332945 0.0238036564058 0.0240236851286 0.00504915605583 0.0180252193549 0.0497299105549 0.145948387855 0.0368444898932 0.0176487785313 0.0407071582864 0.0310463625264 0.034855015268 0.00642000945419 0.0194446100868 0.0302621060748 0.0169585517716 0.0418989484627 0.0354575542697 0.0135155043812 0.00844346908745 0.0190909981127 0.0293129502249 0.00343453913799 0.00656753153238 0.00137594678473 0.0318428194467 0.023616889003 0.0297647298067 0.00910416377891 0.0197221029569 0.0417674777749 0.014698212932 0.00691062035588 -0.0059337589082 0.0207925685212 0.0203528477745 0.015050524459 0.00503127139535 0.0396319689333 0.0243444913563 0.0362162686508 
0.0217512486105 0.0134427770862 0.000843148464586 0.0152328645757 0.0193293963972 0.00261739800552 0.0183541894104 0.0231109159603 0.0205639639075 -0.00411536290619 0.00752084817469 -0.00354078199749 0.0220202121512 -0.000254065325587 0.00929560089383 0.0264060935461 0.0143207008613 -0.00169992884179 0.00570915044408 0.013686840481 0.0183779024463 0.0208780780512 -0.00364322258026 0.0257271906907 0.0379511970091 0.0368444898932 0.217040352081 0.0346437701543 0.021760846695 0.0110802859687 0.0247322133017 0.00201472013888 -0.00466187331528 0.0421417609983 0.0175451211635 0.0411762729936 0.0234944197208 0.00655806623615 0.000156161513393 0.00952206002529 0.0313991541726 -0.00730993992608 0.0123973335009 0.00895130421566 0.0244114160505 0.0138122464537 0.0264971015944 0.0286350219142 0.0120461963653 0.0439103485901 0.0276241010605 0.0135624278174 0.0238005415717 0.0248428480509 0.0193999979581 0.0229792919359 0.018416383753 0.0369212566049 0.0205037999509 0.0406542104945 
0.00157223953139 0.0341055169073 -0.0047540212401 -0.010924054104 -0.00432318852846 -0.0190278245633 -0.00120177819551 -0.0214790100999 0.030143009417 0.285455008822 0.0173061382634 -0.0318155459627 0.00494755350795 -0.0196961283483 0.0185818781569 0.00187925358507 0.0149290536205 0.0195219107682 -0.0206885157335 0.00486917153261 0.0169344460854 0.00830677828608 0.00342541163014 0.0242935073382 0.0112490733591 0.0176487785313 0.0346437701543 0.35370101047 0.00483778861184 0.0231048550528 -0.00227544688347 0.00473931950155 0.0373645602213 0.00402911573297 -0.0107996215764 0.0426993859864 0.038189737097 0.000643765121367 0.0127444860092 0.00565461461588 0.0276823990717 0.021273250771 -0.00501737914775 0.0112971728744 0.00699473404593 0.0306410800432 0.012809454938 0.00909051147247 0.0332485278895 0.0141445589057 -0.0151100362968 0.00588901860216 0.004094038291 0.007476217735 0.00334264288204 -0.00909280826022 0.0320563477538 0.0381287302073 -0.0271056894198 0.0340623646609 
0.0316619366702 0.019961715532 0.0736908933802 0.00579798240303 0.0415417835188 0.0595843374042 0.0284139977743 0.00916564863574 0.0263985024231 -0.0109831529655 0.0260081385685 0.0109536208678 0.0137232335812 0.0211645492235 -0.000849832817783 0.0108901984346 0.0210769589649 0.00136691564861 0.0258568545181 0.0159086581404 0.0544588647934 0.00664760676178 0.0664628840916 -0.00561014944804 0.0231386965957 0.0407071582864 0.021760846695 0.00483778861184 0.448636864485 0.0265626196803 0.0226151762065 0.0208854490868 0.0978265742975 0.0231150859614 0.0612994160123 0.0480520350142 0.0404498529641 0.0127290546598 0.0116911930953 0.0199053673146 0.0129334966598 0.0205508361883 0.0276887507154 0.0388790389431 0.00184821623061 0.017457711812 0.0346138672173 0.00248598509828 0.017983853823 0.0220401700013 0.00288437944178 0.0242749760929 0.0120166125613 0.0274066282874 0.00268826560616 0.0233585735452 0.0361556076467 0.0252133456331 0.0222410616485 0.00183032965444 
-0.00394920717195 0.0105368501455 0.023819839542 0.0220983279016 0.0549270885912 0.00470815747782 -0.00319612994451 0.0206532076185 0.0645391250198 0.030231126561 0.0016386083869 0.00292406621215 0.0322584697841 -0.0119585998692 0.014276020744 0.0119540349047 -1.28309340781e-05 0.00973510333925 0.0226396232527 0.00364719501798 0.0135618343238 0.00202895237334 0.00488045439346 0.00899710025303 0.014233959587 0.0310463625264 0.0110802859687 0.0231048550528 0.0265626196803 0.206440317944 0.021971787634 -0.00103493536199 0.0167755078475 0.0183812105098 0.00822957494199 0.0419559366343 0.0483206659798 0.00556778252664 -0.0017063121507 0.00836801437443 0.0220502524441 0.0121834920253 0.00061355944406 0.000792946957131 0.0167583417425 0.0119450080691 0.0256091908401 0.0324859228715 0.0221402422939 0.0312459706244 0.0175791462135 0.0183360432255 0.00434437402332 0.0244362537423 -0.011052489635 0.0123299839345 -0.00152918297919 0.0250368893314 0.0483731244469 0.0198731696151 
0.0354144084037 0.0104510804019 0.00153134123699 0.0133845853051 0.0206305481499 0.0327403147029 0.00797185372903 0.0309596550141 0.00927259436422 -0.00841337520251 0.0135616988889 0.00496649764041 0.0211440466823 0.00656098082755 0.0290686015146 0.0292616914358 0.0099578235669 0.00623542249506 0.0109316125427 0.00558896165415 0.0166788724031 -0.00277544432901 -0.0092633069452 0.0315183905354 0.0143572425995 0.034855015268 0.0247322133017 -0.00227544688347 0.0226151762065 0.021971787634 0.336462378561 0.00649896931885 0.0173848913171 0.0345127145083 0.0373298852716 0.0292581910552 0.025741550699 0.0138995848018 0.0175803029153 0.0115653761158 0.0100714092738 0.281627689192 -0.00528419483253 -0.0136231589613 -0.00536795133504 0.0434831296363 0.00667819323056 0.0238609791823 0.0266976326327 0.0269410411856 0.0214486498209 0.0259344838649 0.0300816507826 0.0213696463931 0.00832996284438 0.0154589503172 0.00436522393301 0.0347986406548 -0.00608744193995 0.0173728651084 
-0.00131486786699 0.0252990420638 0.0185444754581 0.00325543056975 0.00122295699572 0.0178814252931 0.00140619839057 0.0343505121995 0.0078265635714 -0.0175677489233 0.0667900943354 0.00371247483884 0.00312090228325 -0.0124637986563 0.0295807650288 0.0310969763327 -0.00144624370246 0.0335071154608 0.0061625605604 0.0392002857226 -0.00532531579662 0.0493841209554 0.0386407127853 0.0163563976132 -0.00246178264222 0.00642000945419 0.00201472013888 0.00473931950155 0.0208854490868 -0.00103493536199 0.00649896931885 0.205096085436 0.0140856248944 0.0334661731206 0.0194514243846 0.00955250527986 0.00684324671705 0.0158425537326 0.0176094544226 0.0241473942731 0.0235427051494 0.0013575354364 -0.0145266332618 0.0225398986948 0.00194992707272 0.024097515147 0.0150996749253 0.0238078959046 0.0017835970179 0.0192057807494 -0.0102018358889 0.0541695362315 -0.0146114166031 -0.0118814341845 0.0189587423648 0.0130246588679 0.00756500576502 -0.00668738323983 0.00866261888189 0.0111671347173 
0.0753372452935 0.0150399668893 0.0945398314206 -0.00819143744994 0.0256940133747 0.00734223174695 -0.00469034946692 -0.00183764641598 0.0619826356849 -0.0246081461947 0.0109420274782 -0.0273797184375 0.00141779897006 0.00693596206056 0.0148303744736 0.0122116752318 0.0133942098905 -0.0174012680472 -0.0272790120907 0.000734777284283 0.0200849752311 0.0231193289748 0.039287620861 0.0160783617877 0.00636176329135 0.0194446100868 -0.00466187331528 0.0373645602213 0.0978265742975 0.0167755078475 0.0173848913171 0.0140856248944 1.47768268932 0.00401902088231 0.0111892463051 -0.0126029707181 -0.0156838037243 0.00220338913175 0.00638838681256 0.00221213685055 0.00251847337227 0.0754275544362 -0.0424957353149 0.0129428231545 0.0260655958973 0.00941734867116 -0.00082235944315 -0.0468068553458 0.01796055376 0.00947758142352 -0.0186036517584 0.00858141778131 0.00764106077809 -0.00669749658144 0.00801624306359 -0.0035975451245 0.0363060001328 -0.0129907748714 -0.00202015358357 0.055943929422 
0.0502673539351 -0.000399188663026 0.0180067390514 0.0147881829737 0.00060440830443 0.00115046312539 0.0161896191115 0.0109166671432 0.0145282664128 -0.017503676107 -0.00381427890596 -0.00482245957764 0.00409605733588 -0.0229839686692 0.0119245722859 0.00536091865163 -0.00244462305402 0.0692434945771 0.0249334314478 0.0122816692144 0.000978922178643 2.10045998645e-06 -0.0114458549026 0.0172130060415 0.0236450737012 0.0302621060748 0.0421417609983 0.00402911573297 0.0231150859614 0.0183812105098 0.0345127145083 0.0334661731206 0.00401902088231 0.398782618134 0.00674707908252 0.0758632426693 -0.00546155548454 0.00869155731253 -0.01419170072 0.0219804567656 0.00214590448264 0.00816814269143 0.0279336518315 0.00231612292239 0.00345768321966 0.000779007175011 0.00241852020617 -0.0120146040719 0.0641504424728 0.0214687390603 0.0142853248844 0.00572963982603 0.0262965051164 0.00145376527886 0.0523044247055 0.00478680244622 0.0283343653031 0.00616634495886 0.0331796417256 -0.0108255623888 
-0.00762703741311 0.0413320485119 0.118638457588 -0.0036632692039 0.0161563777684 -0.0175931343073 0.0091661237896 0.0436424988598 -0.00821158734605 -0.00371640045756 -0.00682354483867 0.0115585257879 0.0220355436929 -0.0161221135948 -0.00238276087103 -0.00510686413868 0.0150948135404 0.0593158229561 0.0131468475307 0.0062982839479 0.0025380309481 0.0297287622024 0.0707934986716 -0.00676167644438 0.00668707948637 0.0169585517716 0.0175451211635 -0.0107996215764 0.0612994160123 0.00822957494199 0.0373298852716 0.0194514243846 0.0111892463051 0.00674707908252 0.52173279248 0.0183461750248 0.00567000865165 0.01441249285 0.00267331459111 0.00408264092816 0.00646920760439 -0.00598099262665 -0.000928784157018 0.0449215643144 0.0194099442878 0.013252854074 0.0132765907465 -0.00461623571552 0.00709286824792 0.00563129233984 0.00348319786717 0.0295371768927 0.011985994382 0.0106991931524 0.000277845279774 0.0083596304587 -0.00713182042522 -0.0215576456781 -0.0158692788059 -0.0146126646541 
0.053360394994 0.0387163030134 0.0789607915382 0.011141250847 0.0482314270995 0.0182115287309 0.00676637044963 0.0374606676855 0.00533326013903 0.0102008826186 0.0215403063242 0.0146419840445 0.0272215565599 0.01229733838 0.0360951444621 0.0343692695257 -0.0131997713954 0.0180579349743 0.0100299949954 0.0106697653851 0.024811735395 0.0154161759014 0.063593316126 0.0413278787754 0.0306855122627 0.0418989484627 0.0411762729936 0.0426993859864 0.0480520350142 0.0419559366343 0.0292581910552 0.00955250527986 -0.0126029707181 0.0758632426693 0.0183461750248 0.495906425845 0.043154391186 -0.000240377926093 0.0450524782879 0.00951763476342 0.0483756083429 6.38754776201e-06 0.0124628846841 0.0336430889606 0.0038137483541 0.0191978125016 0.0372419925661 -0.011698151461 0.0633613693238 0.0423220401244 0.0279068768355 0.00781048319644 0.0131049171078 0.02356075427 0.0196270682328 0.0400602220651 0.0155308728668 0.0653835678749 0.0403545334346 0.0592835360736 
0.0200974990688 0.0396071554914 0.0166706577231 -0.00284707051773 0.034194605925 0.0214801180199 0.0332924592529 0.0274729047231 0.0158326065477 -0.0206232252805 0.0286861113805 0.00793587742066 0.0114431022502 -0.000500042982997 -0.0204180764252 0.00592696751604 0.00658970733252 0.0199445148936 0.00423300050744 0.0167394404904 0.0167157935922 0.0313618654761 0.019206241247 0.0328047265201 0.00991092638907 0.0354575542697 0.0234944197208 0.038189737097 0.0404498529641 0.0483206659798 0.025741550699 0.00684324671705 -0.0156838037243 -0.00546155548454 0.00567000865165 0.043154391186 0.186345402377 0.0145943857072 0.0218059171427 0.0183588643104 0.0051445678194 0.0279855825118 0.0306323244925 0.0233664476213 0.0189611110245 0.0110810632316 0.030748911337 0.0328832190056 -0.0128811369699 0.00920349576175 0.0135889832309 0.0195472726473 0.0225210932051 0.0214916033893 0.0185762871417 -0.00258266543687 0.0035256147994 0.0400430159951 0.0291207851744 0.0275662904473 
0.019643179912 0.0416254091916 0.00460548290781 0.0136626771184 0.0387319709249 0.0193634790762 0.00336088710094 0.02285795333 0.000703267447556 -0.00341721475838 0.000160940125613 -0.00585122629932 0.0151479161185 0.0118610791443 0.00166031332564 0.00987997144774 0.000802923592615 0.00843209485663 0.0020884084052 0.0054572394594 0.00979874675702 0.00748359313195 0.0170942862389 0.00499270154898 0.00750322042392 0.0135155043812 0.00655806623615 0.000643765121368 0.0127290546598 0.00556778252663 0.0138995848018 0.0158425537326 0.00220338913175 0.00869155731253 0.01441249285 -0.000240377926093 0.0145943857072 0.337932802732 0.00974044474104 0.00194607970447 0.0148252177058 0.0173980354201 0.0113019001606 -0.00487867867161 0.0112333055933 0.015974746755 0.0137883127376 0.029740213137 0.0215045715917 0.00570210766985 0.0276789539408 0.00277027441642 0.0467809186027 0.017864809226 -0.000479711230461 0.0287611737796 -0.00304109981436 0.0256863126427 0.0389926296188 0.0172757267583 
-0.00651089356492 0.0117453096948 0.0240195328747 0.00654915095009 0.0208081793032 0.00836389325462 0.0128780155413 -0.000571236248085 0.0133856471847 -0.00327940645697 0.00604345614801 -0.00570695428404 0.0176047626065 0.00338151691555 -0.0017327389229 0.0166361687448 0.0137317175715 0.0178882696902 0.0119118175994 0.00920197972048 -0.0050369720508 0.0150976936349 0.00148433015084 0.0285269376294 0.00330577579112 0.00844346908745 0.000156161513393 0.0127444860092 0.0116911930953 -0.0017063121507 0.0175803029153 0.0176094544226 0.00638838681256 -0.01419170072 0.00267331459111 0.0450524782879 0.0218059171427 0.00974044474104 0.221705735849 0.00977583880472 -0.007131389117 0.0246123840898 -0.0170685529508 0.00150604663833 -0.00471233501184 0.00686895163704 0.0197305514729 0.00612269984152 -0.0143066564334 0.0036764600309 0.0424982622478 0.00436771365563 0.00509080651192 0.0177875228535 0.00468590729134 0.0121065008971 0.00445587461415 -0.00806756598932 -0.000773506313197 0.0321219989793 
