40
0.0705908558691 0.162419244675 0.0169596300077 0.142595623168 0.0205902908148 0.0172523696575 0.0704328117516 0.0842142990337 0.088181568025 0.00265371642944 -0.00648668223639 0.0146033592013 0.0861150338972 0.0392369654355 0.134016582451 0.123331646141 0.0430779984078 -0.00773505516991 0.0161964684659 0.126255379542 0.0905831054983 0.124759587163 -0.0290439391383 0.0723841835345 0.0422457423554 0.0292815331214 0.0331605059077 0.0114549593271 0.0914492870129 0.00388664565626 0.0160922749751 0.0904248988876 0.110374427341 0.190895055806 0.0453963667668 0.16701162673 0.0506400072768 0.0477990277318 0.0826231173305 0.0289140833203 
0.482480626086 -0.0151886085317 0.019851742447 0.0232155651925 0.0161356176299 0.00180723338081 0.0171521250314 0.0222882706604 0.0405136492026 -0.00843135278065 0.0265725674215 0.00847067857829 0.0258647605554 0.0204871074556 -0.00173135772965 0.0386410990073 0.0543073224349 0.00331556944948 0.00315569161403 0.0137388147781 0.000633791046191 0.0267595233079 0.00470685265958 0.0016648952522 0.0144934018258 0.0151741339853 0.0178090750031 0.00337738546893 0.0397113213163 -0.00236284447876 0.00461266647984 -0.00425861102203 -0.0147890322248 -0.00838803787417 0.0113797976119 0.0131978714014 0.0114694492719 -0.0321755211475 0.0170048318104 0.0172541006403 
-0.0151886085317 1.29750988157 0.0050060610924 0.00183580710289 0.0430088973155 -0.000982837805196 0.0330295906906 0.0154057230574 0.0166315513387 0.00494752346553 -0.000342532376158 -0.0132354873589 0.0169850628938 0.0145566529382 0.0180427172771 0.00676839570833 0.0344137502188 0.0104445301266 0.0125741728808 0.0552061594515 0.0170209860584 0.0392900085264 0.0328052312319 0.00308204650143 0.00133384565071 0.049121798284 0.0193093629853 -0.0129212657869 0.0656573061093 0.0360764296129 -0.0155538491848 0.00734946459272 0.0269788851428 0.042046505611 0.00786302869755 -0.0128348826952 -0.0032431399494 0.0456643604302 0.0155344299485 -0.0132085454137 
0.019851742447 0.0050060610924 0.198843524693 0.0187843897442 0.0205549501587 0.0219786622697 0.0105863022012 0.00591684957056 0.0133036772636 0.00314374737456 0.00759483054186 -0.0085806019806 0.00864104380094 0.0373354198436 0.0336548036558 0.0140360512739 -0.00272865637019 0.0510315637498 0.0297974966141 0.00863677878202 0.0253994718948 0.00334714050536 0.00172402062997 0.0171387292603 0.00679460705936 0.0254209725521 0.0222838198867 0.0222620000169 0.0559765606207 0.0199330846904 0.00537769213416 0.0356057910902 0.0596980463629 0.0339215413624 0.00159987377672 -0.000540240942097 0.0284384196702 0.0174468136683 0.00339132881734 0.0358992837987 
0.0232155651925 0.00183580710289 0.0187843897442 0.429040845375 0.0280347998067 0.0246597231399 0.0419512174045 0.0106538436516 0.109352201154 0.0200086767639 0.0106569153345 0.0219250239568 0.0331889250603 0.0139283575643 0.0234878509041 0.0092377682971 -0.00290961489838 0.0366577666517 0.0132922860272 0.100435537139 0.0110209209929 0.0278960511752 0.0433079071152 0.0614867414784 0.0340951895267 0.0242577544474 -0.00391546372191 0.0275286805365 0.0516508389062 0.00839580489264 0.000239189980881 0.00708664651964 0.0229083406191 0.0553352731832 -0.0093413315512 0.0403837479576 0.0860131984058 0.0123047254114 0.0321343553938 0.0195747067544 
0.0161356176299 0.0430088973155 0.0205549501587 0.0280347998067 0.296222302464 0.00218723311471 0.00591982340735 0.046199268367 -0.000586582862503 0.00855886778251 0.0146963438892 -0.00398797646408 0.00737197918722 0.0221070472394 0.00770375340818 0.029885267977 0.00974293859434 0.0215655956666 0.0191409843919 0.0439300280632 0.0201677456878 0.0568123848205 -0.00310157688866 0.0315019236477 0.0149059456115 0.0038286639592 0.0202226792951 0.00882966483963 0.0135987657385 0.00921326719331 0.00784180560451 0.00548460710627 0.0218262403201 -0.01840050765 -0.00459894565794 0.0232913305178 0.0199302511064 0.00737451139908 0.00215004290594 0.0304901100016 
0.00180723338081 -0.000982837805195 0.0219786622697 0.0246597231399 0.00218723311471 0.195849629625 0.00233771336951 -0.00207423067376 -0.00217609919375 -0.00897336338249 0.0160192668573 0.00530691926975 -0.0043848900355 0.0241980400015 0.0249722050822 0.0128251691335 0.025825591319 0.011832033009 0.000282923417914 -0.00752385887745 0.0103246630493 -0.0162910126029 0.00699104885143 0.0030814793931 0.000661698906024 0.0198693664904 0.00911995937586 0.0165948966209 0.0356540538027 0.00790323341409 0.00120943804282 0.00599400770828 0.00897418228873 0.0273872527165 -0.0127299965639 -0.0160134219662 0.0284918187368 -0.0119731695501 0.00547372309467 0.00125955308107 
0.0171521250314 0.0330295906906 0.0105863022012 0.0419512174045 0.00591982340735 0.00233771336951 0.282745989872 0.0124772847536 0.0313514069176 0.00632137565091 -0.006271058291 -0.000348229324919 0.0286735461523 0.012474055899 0.0118137904847 0.0164568809617 -0.00958499289921 -0.00034165437068 0.0124677509804 0.0547205507875 0.0187732682669 0.0110499121403 0.0339642959349 0.0241593639909 0.0118956082293 0.0127127740405 0.00434641928559 -0.0204357051539 0.00573553562982 -0.00558618758817 0.00530492298948 -0.0180830183542 -0.0129097541429 0.0353581953935 -0.000619790491741 0.00829171098668 0.024090482833 0.0373373962931 -0.0115205237286 -0.00180139330438 
0.0222882706604 0.0154057230574 0.00591684957056 0.0106538436516 0.046199268367 -0.00207423067376 0.0124772847536 0.525156092683 0.0805258815103 0.0197454463508 -0.00297952718698 0.0274194083778 0.0144139813272 0.0127358037399 0.0178206205321 0.0248506315697 0.0196119341652 -0.00183149114119 -0.00213134379593 0.0479653838429 0.025666805356 0.0371988658616 -0.00325065265698 0.0321861619895 0.0200654223949 0.0042249541598 -0.00155301220156 0.0507479390105 0.00167794159356 0.0151667509763 0.00597464011929 0.0331573822987 0.032912485487 0.0396308014364 0.0250749041639 -0.0157451637617 0.0271050832241 0.0129962876487 -0.0213586157468 -0.000114858327124 
0.0405136492026 0.0166315513387 0.0133036772636 0.109352201154 -0.000586582862504 -0.00217609919375 0.0313514069176 0.0805258815103 0.332564890588 0.0118393324203 0.0209188753294 0.0217041460524 0.0377518220774 0.0120928935831 0.00747099783353 0.0235105658211 0.00273395756087 0.00858078340549 0.00623072574791 0.110985305021 0.0091239540554 0.00871681064762 0.0266632388737 0.0146383863965 0.00616507559567 0.027194716459 -0.015618731609 0.00164248226462 0.029099067556 -0.0120076737646 -0.0110417943649 -8.22076567187e-05 0.026655856456 0.052372243379 -0.00354694005951 0.0467182511184 0.0721500668583 -0.00261943663969 0.011029232002 0.00787509348991 
-0.00843135278065 0.00494752346553 0.00314374737457 0.0200086767639 0.00855886778251 -0.00897336338249 0.00632137565091 0.0197454463508 0.0118393324203 0.218428782343 0.00221890395713 0.00570387900064 0.0217805086683 0.0128291433088 0.00543462552223 -0.00568613610365 -0.0156928458291 0.00438200651126 0.0307692738861 0.014371638339 0.0182416047466 0.0163195554509 -0.00378464499106 0.00999764797173 0.0202573772173 0.00883487537018 -0.00417453849728 0.0236348778599 0.00876863457248 0.00182480452868 0.01318859871 0.000690062294285 -0.00742623039342 -0.0119428420423 -0.0302376970632 0.0998747522226 0.00257363548985 -0.00341176485879 2.2385764214e-05 0.0151376131974 
0.0265725674215 -0.000342532376158 0.00759483054186 0.0106569153345 0.0146963438892 0.0160192668573 -0.006271058291 -0.00297952718698 0.0209188753294 0.00221890395713 0.2573418688 0.00300218297819 0.0245860128807 -0.00465930773136 0.00712285671506 0.049791532085 -0.00131369051684 -0.00442946853161 0.0167801097418 0.034146744033 0.00463598945291 0.0209051983207 0.0156358172929 0.0105259373442 0.00815149680514 0.00327988200908 0.0156337162107 0.00284065235348 0.00629087984463 0.0151131619099 0.00480065716421 0.0282017829152 0.0210566085406 0.0296821535687 0.000738494995267 0.0192090316126 0.0196090180394 0.035667880767 0.0456018266178 -0.00500807512947 
0.00847067857829 -0.0132354873589 -0.0085806019806 0.0219250239568 -0.00398797646408 0.00530691926975 -0.000348229324919 0.0274194083778 0.0217041460524 0.00570387900064 0.00300218297819 0.174465728809 0.00101396442318 0.0102435270437 -0.00919619713895 0.00493221112337 -0.000635464390078 0.00811434142686 0.00174084548546 0.0339000089489 0.0050007529773 0.0169358822553 0.00750944502707 0.0197741029405 0.00333161968923 0.00757885034627 0.0120957966914 0.0157141069215 0.0230119805712 0.00322425584378 0.0104514548498 0.00256565722935 0.00963256247348 -0.00856493021799 0.00652143827033 0.00743934818658 0.0161619725386 -0.00681325536508 0.00118226611834 0.0237619766613 
0.0258647605554 0.0169850628938 0.00864104380094 0.0331889250603 0.00737197918722 -0.0043848900355 0.0286735461523 0.0144139813272 0.0377518220774 0.0217805086683 0.0245860128807 0.00101396442318 0.23113815768 0.0250287080248 0.0081930634948 0.0581514406201 0.0236995135542 0.0165729003839 0.00370477732083 0.0232036428867 0.00320007565112 0.0404101319572 -0.00435156262747 0.00280097557796 0.0144063907649 0.0128856453519 0.0086974041699 0.0309754009248 0.0349956278711 0.00478270480537 -0.0114194845814 0.000467069648556 0.0161449234681 0.0368422993286 0.010001612214 0.0353697346013 0.0311265213885 0.0156388623626 0.0138347972412 -0.00752164926371 
0.0204871074556 0.0145566529382 0.0373354198436 0.0139283575643 0.0221070472394 0.0241980400015 0.012474055899 0.0127358037399 0.0120928935831 0.0128291433088 -0.00465930773136 0.0102435270437 0.0250287080248 0.177105186746 0.0366647484488 0.0328398565831 0.0311899106268 0.01574386785 0.0267932035149 0.015546110527 0.010834405624 0.0106085504045 0.0134563087463 0.00315584256957 0.0165427603446 0.0436977563038 0.0323700134778 0.0345229386396 0.0572887669278 0.0162239265926 0.0019588169741 -0.000176395597413 0.00421770615902 0.0167428640245 0.022032651263 0.014698759942 0.0233250971229 0.0413055839056 0.0109021006953 0.00803988988281 
-0.00173135772965 0.0180427172771 0.0336548036558 0.0234878509041 0.00770375340818 0.0249722050822 0.0118137904847 0.0178206205321 0.00747099783353 0.00543462552223 0.00712285671506 -0.00919619713895 0.0081930634948 0.0366647484488 0.220701246577 0.021898390233 0.0169374427049 0.0144413009334 0.00659417236155 -0.00222041963182 0.00176054037656 0.0141528206131 0.0170484987136 0.0633578501728 -0.000601028273235 0.020462753928 0.0084384321916 0.0174980170669 0.0358572965946 0.00507162095832 0.0065445335507 -0.00406062082904 0.0135875374618 0.0135475447949 -0.00373667206226 0.0126262703494 0.0305533929851 0.0172585423855 0.0199083794647 0.0130763669467 
0.0386410990073 0.00676839570833 0.0140360512739 0.0092377682971 0.029885267977 0.0128251691335 0.0164568809617 0.0248506315697 0.0235105658211 -0.00568613610365 0.049791532085 0.00493221112337 0.0581514406201 0.0328398565831 0.021898390233 0.446081707252 0.0967666232217 -0.000701173978918 0.0172290190707 0.0199241396956 0.00502965117497 0.0320619406208 -0.00185475087737 0.00246158910312 0.0139622253794 0.0182418422051 0.0107243847086 0.0194027640561 0.10051022261 0.0144863404603 -0.00912210197385 0.0110524639963 0.0188459424617 0.0180896651688 0.0163734928976 0.0335212494891 0.036500246522 0.050960044474 0.0420785130274 0.0100102534006 
0.0543073224349 0.0344137502188 -0.00272865637019 -0.00290961489838 0.00974293859434 0.025825591319 -0.00958499289921 0.0196119341652 0.00273395756087 -0.0156928458291 -0.00131369051684 -0.000635464390078 0.0236995135542 0.0311899106268 0.0169374427049 0.0967666232217 0.322375682607 -0.00613571156373 0.017743593344 0.00822498997014 0.016076158904 0.0282820818065 0.0220600694264 0.00408303247634 -0.000701624725177 0.0118981864165 0.00171466569098 0.0105823591102 0.0254398359601 0.00898238353306 -0.000270753005255 -0.0144544621808 0.00181361251709 -0.00218006983302 0.013162300749 -0.0238902924015 0.0186557693915 0.0185897052635 0.00103592856663 0.0127494469105 
0.00331556944948 0.0104445301266 0.0510315637498 0.0366577666517 0.0215655956666 0.011832033009 -0.000341654370679 -0.00183149114119 0.00858078340549 0.00438200651126 -0.00442946853161 0.00811434142686 0.0165729003839 0.01574386785 0.0144413009334 -0.000701173978918 -0.00613571156373 0.120395544278 0.00591300299774 0.0139336083824 0.00674402513358 0.00352383657662 0.00736696255884 -0.000698148091749 0.0102650833533 0.0155775556303 0.0272485349842 0.0223898073966 0.0191181081656 0.0482959291348 0.00395432863192 0.0242780985056 0.0153091438928 0.021626051304 0.0166083128842 0.0086584733225 0.0185669085429 0.00972653602007 0.0166663721397 0.0496655327265 
0.00315569161403 0.0125741728808 0.0297974966141 0.0132922860272 0.0191409843919 0.000282923417914 0.0124677509804 -0.00213134379593 0.00623072574791 0.0307692738861 0.0167801097418 0.00174084548546 0.00370477732083 0.0267932035149 0.00659417236155 0.0172290190707 0.017743593344 0.00591300299774 0.173275876459 0.0300048978492 0.0144050401819 0.0265972328106 0.0125070495517 0.033736987127 0.0240475757573 0.0216840436308 0.00537417689832 0.0178487253135 0.0196048176969 -0.00207170125372 -0.00603487062392 0.0106853977902 0.0110212722541 -0.000267233022051 0.0187913920889 0.0202206187456 0.0225451598062 0.0269577779287 0.00999448855919 0.00231241360995 
0.0137388147781 0.0552061594515 0.00863677878202 0.100435537139 0.0439300280632 -0.00752385887745 0.0547205507875 0.0479653838429 0.110985305021 0.014371638339 0.034146744033 0.0339000089489 0.0232036428867 0.015546110527 -0.00222041963182 0.0199241396956 0.00822498997014 0.0139336083824 0.0300048978492 0.502998460137 0.0187482142563 0.0468152290331 0.0601368746145 0.0210909844142 0.0333515860393 0.0136558041257 0.0183001399434 0.0126800376017 0.0399067923187 0.0123219947841 0.0202706100602 0.00937712131612 0.0111214524199 0.0406837086675 -0.011651975657 0.0148067955035 0.0400526715057 0.025337349943 0.0214750693664 0.0100486322828 
0.000633791046191 0.0170209860584 0.0253994718948 0.0110209209929 0.0201677456878 0.0103246630493 0.0187732682669 0.025666805356 0.0091239540554 0.0182416047466 0.00463598945291 0.0050007529773 0.00320007565112 0.010834405624 0.00176054037656 0.00502965117497 0.016076158904 0.00674402513358 0.0144050401819 0.0187482142563 0.312961908667 0.00407113268885 0.0370558601915 -0.0155175129568 0.0262362142105 0.041773009437 0.0201217773172 0.029223166378 0.0318929968369 0.0220710078841 0.0159385094527 0.0113418884605 0.00998050697627 0.0522973206708 0.0128945956637 0.0185142793692 -0.0192738382025 0.0294639363482 0.0145394229709 0.0448713766827 
0.0267595233079 0.0392900085264 0.00334714050536 0.0278960511752 0.0568123848205 -0.0162910126029 0.0110499121403 0.0371988658616 0.00871681064762 0.0163195554509 0.0209051983207 0.0169358822553 0.0404101319572 0.0106085504045 0.0141528206131 0.0320619406208 0.0282820818065 0.00352383657662 0.0265972328106 0.0468152290331 0.00407113268885 0.324751282134 0.00427539886094 0.0531603993095 0.0167072808387 -0.00511396805675 0.0138983379929 0.0278239870561 0.0268782459391 0.00884574069561 0.0293782603739 0.0274697504462 0.0164941630057 0.0145430961547 0.0257310435223 0.0298764032834 0.0143559635044 0.0270371356457 0.0161987277398 0.0157332481021 
0.00470685265958 0.0328052312319 0.00172402062997 0.0433079071152 -0.00310157688866 0.00699104885143 0.0339642959349 -0.00325065265698 0.0266632388737 -0.00378464499106 0.0156358172929 0.00750944502707 -0.00435156262747 0.0134563087463 0.0170484987136 -0.00185475087737 0.0220600694264 0.00736696255884 0.0125070495517 0.0601368746145 0.0370558601915 0.00427539886094 0.335884039088 -0.00767778109445 0.0040982000857 -0.00138228480008 0.00442085413081 0.000178242364725 -0.0187757528714 0.0298657705769 -0.0141219062387 0.000217157568392 -0.00545167011711 0.00459590315477 -0.00460758280128 0.0171996175033 0.00624714049233 0.015474806793 0.00173942771857 0.00954291914525 
0.0016648952522 0.00308204650143 0.0171387292603 0.0614867414784 0.0315019236477 0.0030814793931 0.0241593639909 0.0321861619895 0.0146383863965 0.00999764797173 0.0105259373442 0.0197741029405 0.00280097557796 0.00315584256957 0.0633578501728 0.00246158910312 0.00408303247634 -0.000698148091748 0.033736987127 0.0210909844142 -0.0155175129568 0.0531603993095 -0.00767778109445 0.336357520188 0.0121778211672 0.00540957479328 0.0132734079929 0.0041052483823 0.0237592526137 0.00132728072953 0.0171698551762 0.0257064786522 0.033683948201 0.0154491015785 -0.00206827723129 -0.00417098222196 0.0182558323938 0.00759808975084 0.0126844513661 0.0268820365984 
0.0144934018258 0.00133384565071 0.00679460705936 0.0340951895267 0.0149059456115 0.000661698906024 0.0118956082293 0.0200654223949 0.00616507559567 0.0202573772173 0.00815149680514 0.00333161968923 0.0144063907649 0.0165427603446 -0.000601028273235 0.0139622253794 -0.000701624725177 0.0102650833533 0.0240475757573 0.0333515860393 0.0262362142105 0.0167072808387 0.0040982000857 0.0121778211672 0.190070489925 0.00478906124678 0.00636886023839 0.0142231298488 0.0340687987023 0.0126296686033 0.0030218412788 0.0150192441551 -0.0123319330237 0.0241607024573 0.0105757906046 0.0268419535799 -0.0087844072372 0.0288940146504 0.0285721351979 0.0120373746112 
0.0151741339853 0.049121798284 0.0254209725521 0.0242577544474 0.0038286639592 0.0198693664904 0.0127127740405 0.0042249541598 0.027194716459 0.00883487537018 0.00327988200908 0.00757885034627 0.0128856453519 0.0436977563038 0.020462753928 0.0182418422051 0.0118981864165 0.0155775556303 0.0216840436308 0.0136558041257 0.041773009437 -0.00511396805675 -0.00138228480008 0.00540957479328 0.00478906124678 0.142321883902 0.00265435584161 0.0279442914242 0.0223975648443 0.00938316697243 -0.00206163136589 -0.0127656899126 0.0168833211515 0.0146557650825 -0.00098384760818 0.0123961425047 0.0353605653966 0.0164822794362 0.0101889266573 0.0252561834685 
0.0178090750031 0.0193093629853 0.0222838198867 -0.00391546372191 0.0202226792951 0.00911995937586 0.00434641928559 -0.00155301220156 -0.015618731609 -0.00417453849728 0.0156337162107 0.0120957966914 0.00869740416991 0.0323700134778 0.0084384321916 0.0107243847086 0.00171466569098 0.0272485349842 0.00537417689832 0.0183001399434 0.0201217773172 0.0138983379929 0.00442085413081 0.0132734079929 0.00636886023839 0.00265435584161 0.145366419868 0.00969607004921 0.0246786996264 0.0408402597218 0.01276561921 0.0134853703911 0.0442199935627 0.0304882257758 -0.0154998516455 0.0178439227445 0.00520019930703 0.0223943068869 0.0127874523506 0.0428082673088 
0.00337738546893 -0.0129212657869 0.0222620000169 0.0275286805365 0.00882966483963 0.0165948966209 -0.0204357051539 0.0507479390105 0.00164248226462 0.0236348778599 0.00284065235348 0.0157141069215 0.0309754009248 0.0345229386396 0.0174980170668 0.0194027640561 0.0105823591102 0.0223898073966 0.0178487253135 0.0126800376017 0.029223166378 0.0278239870561 0.000178242364725 0.0041052483823 0.0142231298488 0.0279442914242 0.00969607004921 0.15461756763 0.027523869971 0.0175095823593 0.00741824910186 -0.00604126395483 0.00625762099629 -0.00274950951006 0.0226835138365 0.0119081426665 0.0365563161171 0.0168323766488 0.0211753990604 0.0118563456454 
0.0397113213163 0.0656573061093 0.0559765606207 0.0516508389062 0.0135987657385 0.0356540538027 0.00573553562982 0.00167794159356 0.029099067556 0.00876863457248 0.00629087984463 0.0230119805712 0.0349956278711 0.0572887669278 0.0358572965946 0.10051022261 0.0254398359601 0.0191181081656 0.0196048176969 0.0399067923187 0.0318929968369 0.0268782459391 -0.0187757528714 0.0237592526137 0.0340687987023 0.0223975648443 0.0246786996264 0.027523869971 0.462297484504 0.0285481622565 0.0182413909886 0.0470681479466 0.0835458517625 0.0433011041233 0.0364956144502 0.0258323492272 0.073091834295 0.0335862222681 0.0532243494235 0.00998147398168 
-0.00236284447876 0.0360764296129 0.0199330846904 0.00839580489264 0.00921326719331 0.00790323341409 -0.00558618758817 0.0151667509763 -0.0120076737646 0.00182480452868 0.0151131619099 0.00322425584377 0.00478270480538 0.0162239265926 0.00507162095831 0.0144863404603 0.00898238353306 0.0482959291348 -0.00207170125372 0.0123219947841 0.0220710078841 0.00884574069561 0.0298657705769 0.00132728072953 0.0126296686033 0.00938316697243 0.0408402597218 0.0175095823593 0.0285481622565 0.225291688146 0.01577747427 0.033516017921 0.036876490671 0.0358764934555 -0.0245510842677 -0.0107083770931 0.0154777311368 0.0151692832739 0.0240535039706 0.0492674845075 
0.00461266647984 -0.0155538491848 0.00537769213416 0.000239189980881 0.00784180560451 0.00120943804282 0.00530492298948 0.00597464011929 -0.0110417943649 0.01318859871 0.00480065716421 0.0104514548498 -0.0114194845814 0.0019588169741 0.0065445335507 -0.00912210197385 -0.000270753005255 0.00395432863192 -0.00603487062392 0.0202706100602 0.0159385094527 0.0293782603739 -0.0141219062387 0.0171698551762 0.0030218412788 -0.00206163136589 0.01276561921 0.00741824910186 0.0182413909886 0.01577747427 0.223907986247 0.00676442026081 -0.00505815538764 0.0105032290203 -0.020161305871 0.01604602995 -0.018167435411 0.0038935036207 -0.00172128767167 0.0244359213191 
-0.00425861102203 0.00734946459272 0.0356057910902 0.00708664651964 0.00548460710627 0.00599400770828 -0.0180830183542 0.0331573822987 -8.22076567186e-05 0.000690062294284 0.0282017829152 0.00256565722935 0.000467069648556 -0.000176395597412 -0.00406062082904 0.0110524639963 -0.0144544621808 0.0242780985056 0.0106853977902 0.00937712131612 0.0113418884605 0.0274697504462 0.000217157568392 0.0257064786522 0.0150192441551 -0.0127656899126 0.0134853703911 -0.00604126395483 0.0470681479466 0.033516017921 0.00676442026081 0.346703014931 0.197663147546 0.0481454699882 -0.000508261574522 -0.0154545239824 0.00993648275717 0.0166174635154 0.00509342699327 0.0462301293532 
-0.0147890322248 0.0269788851428 0.0596980463629 0.0229083406191 0.0218262403201 0.00897418228873 -0.0129097541429 0.032912485487 0.026655856456 -0.00742623039342 0.0210566085406 0.00963256247348 0.0161449234681 0.00421770615902 0.0135875374618 0.0188459424617 0.00181361251709 0.0153091438928 0.0110212722541 0.0111214524199 0.00998050697627 0.0164941630057 -0.00545167011711 0.033683948201 -0.0123319330237 0.0168833211515 0.0442199935627 0.00625762099629 0.0835458517625 0.036876490671 -0.00505815538764 0.197663147546 0.47423432496 0.0779809883952 0.0122144447492 0.0381916408486 0.0420768836936 0.0132959841592 0.00396030909009 0.00856273552442 
-0.00838803787417 0.042046505611 0.0339215413624 0.0553352731832 -0.01840050765 0.0273872527165 0.0353581953935 0.0396308014364 0.052372243379 -0.0119428420423 0.0296821535687 -0.00856493021799 0.0368422993286 0.0167428640245 0.0135475447949 0.0180896651688 -0.00218006983302 0.021626051304 -0.000267233022051 0.0406837086675 0.0522973206708 0.0145430961547 0.00459590315477 0.0154491015785 0.0241607024573 0.0146557650825 0.0304882257758 -0.00274950951006 0.0433011041233 0.0358764934555 0.0105032290203 0.0481454699882 0.0779809883952 0.554941175886 0.00315573886209 0.00584853179513 0.0513688834073 0.0122027752802 0.0190612230605 0.0226441966425 
0.0113797976119 0.00786302869755 0.00159987377672 -0.0093413315512 -0.00459894565794 -0.0127299965639 -0.000619790491741 0.0250749041639 -0.00354694005951 -0.0302376970632 0.000738494995266 0.00652143827033 0.010001612214 0.022032651263 -0.00373667206227 0.0163734928976 0.013162300749 0.0166083128842 0.0187913920889 -0.011651975657 0.0128945956637 0.0257310435223 -0.00460758280128 -0.00206827723129 0.0105757906046 -0.00098384760818 -0.0154998516455 0.0226835138365 0.0364956144502 -0.0245510842677 -0.020161305871 -0.000508261574522 0.0122144447492 0.00315573886209 0.367846913805 0.0477642645006 -0.00781351737522 0.0105057699101 0.00643905448151 0.0113680159708 
0.0131978714014 -0.0128348826952 -0.000540240942097 0.0403837479576 0.0232913305178 -0.0160134219662 0.00829171098668 -0.0157451637617 0.0467182511184 0.0998747522226 0.0192090316126 0.00743934818658 0.0353697346013 0.014698759942 0.0126262703494 0.0335212494891 -0.0238902924015 0.0086584733225 0.0202206187456 0.0148067955035 0.0185142793692 0.0298764032834 0.0171996175033 -0.00417098222196 0.0268419535799 0.0123961425046 0.0178439227445 0.0119081426665 0.0258323492272 -0.0107083770931 0.01604602995 -0.0154545239824 0.0381916408486 0.00584853179513 0.0477642645006 0.494012498089 0.00897661670802 -0.0232827255638 0.0126344411704 0.0119498267394 
0.0114694492719 -0.0032431399494 0.0284384196702 0.0860131984058 0.0199302511064 0.0284918187368 0.024090482833 0.0271050832241 0.0721500668583 0.00257363548985 0.0196090180394 0.0161619725386 0.0311265213885 0.0233250971229 0.0305533929851 0.036500246522 0.0186557693915 0.0185669085429 0.0225451598062 0.0400526715057 -0.0192738382025 0.0143559635044 0.00624714049233 0.0182558323938 -0.0087844072372 0.0353605653966 0.00520019930703 0.0365563161171 0.073091834295 0.0154777311368 -0.018167435411 0.00993648275717 0.0420768836936 0.0513688834073 -0.00781351737522 0.00897661670802 0.506294788133 -0.0104201857229 0.00887093122432 0.00898295613108 
-0.0321755211475 0.0456643604302 0.0174468136683 0.0123047254114 0.00737451139908 -0.0119731695501 0.0373373962931 0.0129962876487 -0.00261943663969 -0.00341176485879 0.035667880767 -0.00681325536508 0.0156388623626 0.0413055839056 0.0172585423855 0.050960044474 0.0185897052635 0.00972653602007 0.0269577779287 0.025337349943 0.0294639363482 0.0270371356457 0.015474806793 0.00759808975084 0.0288940146504 0.0164822794362 0.0223943068869 0.0168323766488 0.0335862222681 0.0151692832739 0.0038935036207 0.0166174635154 0.0132959841592 0.0122027752802 0.0105057699101 -0.0232827255638 -0.0104201857229 0.26562921852 0.03371708307 0.0153863222308 
0.0170048318104 0.0155344299485 0.00339132881734 0.0321343553938 0.00215004290594 0.00547372309467 -0.0115205237286 -0.0213586157468 0.011029232002 2.23857642138e-05 0.0456018266178 0.00118226611834 0.0138347972412 0.0109021006953 0.0199083794647 0.0420785130274 0.00103592856663 0.0166663721397 0.00999448855919 0.0214750693664 0.0145394229709 0.0161987277398 0.00173942771857 0.0126844513661 0.0285721351979 0.0101889266573 0.0127874523506 0.0211753990604 0.0532243494235 0.0240535039706 -0.00172128767167 0.00509342699327 0.00396030909009 0.0190612230605 0.00643905448151 0.0126344411704 0.00887093122432 0.03371708307 0.19583555691 0.000127247628484 
0.0172541006403 -0.0132085454137 0.0358992837987 0.0195747067544 0.0304901100016 0.00125955308107 -0.00180139330438 -0.000114858327124 0.00787509348991 0.0151376131974 -0.00500807512947 0.0237619766613 -0.00752164926371 0.00803988988282 0.0130763669467 0.0100102534006 0.0127494469105 0.0496655327265 0.00231241360995 0.0100486322828 0.0448713766827 0.0157332481021 0.00954291914525 0.0268820365984 0.0120373746112 0.0252561834685 0.0428082673088 0.0118563456454 0.00998147398168 0.0492674845075 0.0244359213191 0.0462301293532 0.00856273552442 0.0226441966425 0.0113680159708 0.0119498267394 0.00898295613108 0.0153863222308 0.000127247628484 0.216952533972 
0.0417840479024 -0.00131537208366 0.00171921132685 0.00201052692199 0.00139738547733 0.000156511001835 0.00148541760061 0.00193022085983 0.00350858494095 -0.000730176569631 0.00230125184308 0.000733582283609 0.00223995397037 0.00177423555066 -0.000149939977692 0.00334641733704 0.00470315208401 0.000287136737126 0.000273290910426 0.00118981626158 5.48879146692e-05 0.00231744269778 0.000407625397506 0.000144184158304 0.00125516541684 0.00131411855117 0.00154231113706 0.000292490161446 0.00343910130778 -0.00020462833438 0.000399468635072 -0.000368806532991 -0.00128076776041 -0.000726425388694 0.000985519382187 0.00114296919095 0.000993283443688 -0.00278648186937 0.00147266163349 0.0014942489474 
-0.00131537208366 0.11236765191 0.000433537607891 0.000158985558755 0.0037246797664 -8.51162507099e-05 0.00286044646147 0.00133417475313 0.00144033459637 0.000428468100697 -2.96641739371e-05 -0.00114622682842 0.00147094959509 0.00126064312385 0.00156254515153 0.000586160262628 0.0029803181929 0.000904522842019 0.00108895531464 0.00478099365304 0.0014740606324 0.00340261454988 0.00284101636239 0.000266913056589 0.000115514421824 0.00425407251935 0.00167223988761 -0.00111901444205 0.00568608950347 0.00312431045226 -0.00134700285207 0.000636482304151 0.00233643998995 0.00364133419995 0.000680958260276 -0.00111153344686 -0.000280864158421 0.00395464961801 0.00134532109687 -0.00114389358753 
0.00171921132685 0.000433537607891 0.0172203543762 0.0016267758713 0.00178011090109 0.00190340798667 0.000916800663834 0.000512414203848 0.0011521322474 0.000272256508945 0.000657731618669 -0.000743101929496 0.000748336344683 0.00323334220455 0.00291459149253 0.0012155576972 -0.000236308573478 0.00441946306021 0.0025805389037 0.000747966983209 0.00219965879036 0.000289870870768 0.00014930456622 0.0014842574928 0.000588430232214 0.0022015208019 0.00192983541152 0.00192794575537 0.0048477123514 0.00172625577177 0.000465721800192 0.0030835519606 0.00517000247066 0.00293769165554 0.000138553133349 -4.6786238002e-05 0.00246283938779 0.00151093838519 0.00029369769084 0.00310896917473 
0.00201052692199 0.000158985558755 0.0016267758713 0.0371560271356 0.00242788488226 0.00213559466894 0.0036330819992 0.000922649925021 0.0094701784159 0.00173280223736 0.00092291594057 0.00189876277251 0.00287424522265 0.00120623114837 0.00203410755632 0.000800014201956 -0.000251980041723 0.00317465571664 0.00115114573739 0.00869797266052 0.000954439755297 0.0024158688983 0.00375057477465 0.00532490801162 0.0029527300277 0.00210078315902 -0.000339089105077 0.00238405366773 0.00447309386196 0.000727098032224 2.07144599773e-05 0.000613721591365 0.00198392049347 0.0047921752302 -0.000808983042851 0.00349733516313 0.00744896148802 0.00106562047929 0.00278291681053 0.0016952193321 
0.00139738547733 0.0037246797664 0.00178011090109 0.00242788488226 0.0256536039101 0.000189419944134 0.000512671745668 0.00400097400421 -5.07995660353e-05 0.000741219692728 0.00127274071508 -0.000345368892758 0.000638432125231 0.0019145264512 0.000667164615597 0.0025881401267 0.000843763233021 0.0018676353695 0.00165765787368 0.00380445202917 0.00174657801027 0.00492009685041 -0.000268604437737 0.00272814661469 0.0012908927567 0.000331572025122 0.00175133540021 0.000764671405802 0.00117768765897 0.000797892344126 0.000679120286505 0.00047498090838 0.00189020785863 -0.00159353070674 -0.00039828037704 0.00201708839163 0.0017260103762 0.00063865142121 0.000186199177577 0.00264052098256 
0.000156511001835 -8.51162507099e-05 0.00190340798667 0.00213559466894 0.000189419944134 0.0169610754577 0.000202451916476 -0.000179633645679 -0.000188455718294 -0.000777116064663 0.00138730920484 0.000459592690343 -0.000379742616355 0.00209561173631 0.00216265639897 0.00111069222774 0.002236561815 0.00102468411642 2.45018867239e-05 -0.000651585292236 0.000894142048623 -0.00141084307675 0.000605442590443 0.000266863943566 5.73048062273e-05 0.00172073761378 0.000789811650097 0.00143716020469 0.0030877316341 0.000684440090864 0.000104740406938 0.000519096294585 0.000777186984023 0.00237180565924 -0.00110245004145 -0.00138680302242 0.00246746388261 -0.00103690689942 0.000474038325327 0.000109080496563 
0.00148541760061 0.00286044646147 0.000916800663834 0.0036330819992 0.000512671745668 0.000202451916476 0.0244865210047 0.00108056455669 0.0027151114835 0.000547447190055 -0.000543089578862 -3.01575441723e-05 0.00248320193845 0.00108028492968 0.00102310426747 0.00142520769799 -0.000830084734581 -2.95881364323e-05 0.00107973890771 0.0047389387091 0.00162581272312 0.000956950462306 0.00294139431013 0.00209226229554 0.001030189892 0.00110095852716 0.000376410951682 -0.00176978398075 0.000496711955973 -0.000483778036166 0.000459419807401 -0.00156603532718 -0.00111801750444 0.00306210954428 -5.36754310872e-05 0.00071808323553 0.00208629701228 0.0032335133701 -0.000997706621387 -0.00015600523638 
0.00193022085983 0.00133417475313 0.000512414203848 0.000922649925021 0.00400097400421 -0.000179633645679 0.00108056455669 0.0454798517216 0.00697374590501 0.00171000581488 -0.000258034623519 0.0023745904212 0.0012482873999 0.00110295295763 0.0015433110092 0.00215212782394 0.00169844332044 -0.000158611785508 -0.000184579787147 0.00415392409102 0.00222281054722 0.00322151628281 -0.000281514777983 0.00278740339333 0.00173771655316 0.000365891763222 -0.000134494801894 0.00439490043728 0.000145314004609 0.00131347916383 0.000517419012178 0.00287151353937 0.00285030485334 0.00343212808163 0.00217155040034 -0.00136357118044 0.00234736906437 0.00112551152586 -0.00184971038264 -9.9470229126e-06 
0.00350858494095 0.00144033459637 0.0011521322474 0.0094701784159 -5.07995660353e-05 -0.000188455718294 0.0027151114835 0.00697374590501 0.0288009643656 0.00102531626398 0.00181162774539 0.00187963418488 0.00326940369582 0.00104727530482 0.000647007391546 0.00203607472584 0.000236767670058 0.000743117641352 0.00053959667817 0.00961160935947 0.000790157599494 0.000754897946081 0.00230910422118 0.00126772144898 0.00053391120821 0.00235513153022 -0.00135262183483 0.000142243136643 0.00252005317299 -0.00103989505205 -0.00095624744234 -7.1193919104e-06 0.00230846488505 0.00453556932194 -0.000307174019724 0.00404591922889 0.00624837907841 -0.000226849867357 0.0009551595098 0.000682003101944 
-0.000730176569631 0.000428468100697 0.000272256508946 0.00173280223736 0.000741219692728 -0.000777116064663 0.000547447190055 0.00171000581488 0.00102531626398 0.0189164874427 0.000192162719543 0.000493970411466 0.00188624738141 0.00111103640142 0.000470652376231 -0.000492433831513 -0.00135904031456 0.00037949289583 0.00266469728414 0.00124462038956 0.00157976931163 0.0014133149599 -0.000327759870656 0.000865821712161 0.00175434032842 0.000765122650985 -0.000361525638772 0.0020468404642 0.000759386029627 0.000158032707878 0.00114216615232 5.97611477044e-05 -0.000643130417506 -0.0010342804602 -0.00261866138087 0.00864940726215 0.000222883371429 -0.000295467503945 1.93866404924e-06 0.00131095575816 
0.00230125184308 -2.96641739371e-05 0.000657731618669 0.00092291594057 0.00127274071508 0.00138730920484 -0.000543089578862 -0.000258034623519 0.00181162774539 0.000192162719543 0.0222864595838 0.000259996672592 0.00212921117324 -0.000403507885941 0.000616857486276 0.0043120731679 -0.000113768936029 -0.000383603227363 0.00145320013147 0.00295719477891 0.00040148846379 0.00181044328169 0.00135410149846 0.000911572913873 0.000705940331212 0.000284046114128 0.0013539195394 0.000246007710143 0.00054480617576 0.00130883821455 0.000415749105906 0.00244234604365 0.00182355579137 0.00257054990295 6.39555426468e-05 0.00166355093586 0.00169819077654 0.00308892908434 0.003949234031 -0.000433712028618 
0.000733582283609 -0.00114622682842 -0.000743101929496 0.00189876277251 -0.000345368892758 0.000459592690343 -3.01575441723e-05 0.0023745904212 0.00187963418488 0.000493970411466 0.000259996672592 0.0151091753239 8.78118949006e-05 0.000887115464421 -0.000796414034054 0.000427142012967 -5.50328305008e-05 0.000702722581064 0.000150761641447 0.00293582689383 0.000433077911639 0.00146669042686 0.000650337016176 0.00171248754835 0.000288526728662 0.000656347693135 0.00104752672137 0.00136088157918 0.00199289597661 0.000279228746901 0.000905122540647 0.000222192433802 0.000834204380557 -0.000741744715042 0.000564773121132 0.000644266451717 0.00139966787937 -0.000590045222863 0.000102387249252 0.00205784754328 
0.00223995397037 0.00147094959509 0.000748336344683 0.00287424522265 0.000638432125231 -0.000379742616355 0.00248320193845 0.0012482873999 0.00326940369582 0.00188624738141 0.00212921117324 8.78118949006e-05 0.0200171516334 0.00216754969734 0.000709540112132 0.00503606248437 0.00205243807953 0.00143525527469 0.000320843127521 0.00200949442002 0.00027713468079 0.00349962008453 -0.000376856378154 0.00024257160059 0.00124763003792 0.00111592962189 0.000753217295812 0.00268254840933 0.00303071027578 0.000414194386026 -0.000988956374558 4.04494180986e-05 0.00139819138656 0.00319063671524 0.00086616502561 0.00306310886898 0.00269563582538 0.00135436520923 0.00119812858671 -0.000651393934073 
0.00177423555066 0.00126064312385 0.00323334220455 0.00120623114837 0.0019145264512 0.00209561173631 0.00108028492968 0.00110295295763 0.00104727530482 0.00111103640142 -0.000403507885941 0.000887115464421 0.00216754969734 0.0153377590864 0.003175260358 0.00284401500576 0.00270112549446 0.00136345895119 0.00232035948926 0.00134633266464 0.000938287050525 0.000918727414766 0.00116535052155 0.000273303983559 0.00143264507072 0.00378433670475 0.00280332539926 0.00298977418752 0.00496135275109 0.00140503325783 0.000169638526093 -1.52763068475e-05 0.000365264067941 0.00144997455773 0.00190808357065 0.00127294995139 0.00202001266542 0.00357716849804 0.000944149615672 0.000696274888215 
-0.000149939977692 0.00156254515153 0.00291459149253 0.00203410755632 0.000667164615597 0.00216265639897 0.00102310426747 0.0015433110092 0.000647007391546 0.000470652376231 0.000616857486276 -0.000796414034054 0.000709540112132 0.003175260358 0.0191132886182 0.00189645622437 0.00146682556576 0.0012506533472 0.000571072078203 -0.000192293980822 0.000152467269049 0.00122567021861 0.00147644329824 0.00548695077788 -5.20505753015e-05 0.0017721264733 0.000730789664604 0.00151537272957 0.00310533297619 0.000439215258827 0.000566773231083 -0.000351660079308 0.00117671526168 0.00117325179513 -0.000323605293153 0.00109346708777 0.00264600144969 0.00149463361381 0.00172411623646 0.0011324465965 
0.00334641733704 0.000586160262628 0.0012155576972 0.000800014201956 0.0025881401267 0.00111069222774 0.00142520769799 0.00215212782394 0.00203607472584 -0.000492433831513 0.0043120731679 0.000427142012967 0.00503606248437 0.00284401500576 0.00189645622437 0.0386318090644 0.00838023539485 -6.07234478216e-05 0.00149207681975 0.0017254811125 0.00043558056897 0.00277664550722 -0.00016062613775 0.000213179869698 0.0012091641872 0.00157978987614 0.000928758959764 0.00168032865762 0.00870444061199 0.00125455388465 -0.000789997204527 0.000957171459517 0.00163210649301 0.00156661095821 0.0014179860798 0.00290302536241 0.00316101407325 0.00441326930924 0.00364410612352 0.000866913374328 
0.00470315208401 0.0029803181929 -0.000236308573478 -0.000251980041723 0.000843763233021 0.002236561815 -0.000830084734581 0.00169844332044 0.000236767670058 -0.00135904031456 -0.000113768936029 -5.50328305008e-05 0.00205243807953 0.00270112549446 0.00146682556576 0.00838023539485 0.02791855307 -0.000531368208448 0.00153664025903 0.000712305026001 0.00139223620061 0.00244930013164 0.00191045805325 0.000353600984898 -6.07624835926e-05 0.00103041316956 0.000148494404738 0.000916459182138 0.00220315442095 0.000777897232617 -2.34478980702e-05 -0.00125179314466 0.000157063451243 -0.000188799585742 0.00113988868209 -0.00206896001235 0.00161563702202 0.00160991570071 8.97140455207e-05 0.00110413449087 
0.000287136737126 0.000904522842019 0.00441946306021 0.00317465571664 0.0018676353695 0.00102468411642 -2.95881364322e-05 -0.000158611785508 0.000743117641353 0.00037949289583 -0.000383603227364 0.000702722581064 0.00143525527469 0.00136345895119 0.0012506533472 -6.07234478216e-05 -0.000531368208448 0.0104265599847 0.000512081080869 0.00120668588256 0.000584049708944 0.000305173199414 0.000637997672468 -6.04613983059e-05 0.000888982295589 0.00134905589047 0.00235979235122 0.00193901419913 0.00165567673437 0.00418255015301 0.000342454905015 0.00210254500615 0.00132581075213 0.00187287098129 0.00143832208718 0.000749845785528 0.00160794144679 0.000842342728421 0.00144335016619 0.00430116130337 
