50
0.0762578269544 -0.00277796207049 0.0444205393046 0.0511719962834 0.00154943769328 0.0598638009539 0.0759168136047 0.0697795953642 0.0300827450696 0.00788248566947 0.117315051398 0.0283464571838 0.12993100308 0.0431815223905 0.0324129219316 0.0307338128464 0.100220943784 0.125568601155 0.0100273700484 0.158066549078 0.100886603299 0.0482129600444 0.00610402508206 0.065309734793 0.0723841835345 0.102864057578 0.0946915784272 0.0142076594304 -0.0142899737039 0.0345230729479 0.0907505897935 0.00646873977314 0.025042174885 0.0449819155318 0.0350054865441 0.0146303634135 0.135547989167 0.0429486266904 0.00859756350963 0.088181568025 0.00238062118955 0.0625194128962 0.0368602928082 0.100072423231 0.104921073146 0.0493061267197 0.139274044211 0.0677272644226 0.0965978414643 0.0413299620627 
0.433407637539 -0.00546354400271 0.0149304687778 0.00174127586888 0.013307990158 0.0381382192559 0.0120748234223 0.0462143843026 0.00333102027727 0.0121458851974 0.0132243373722 0.0160267001807 0.252056128807 0.000188050812311 -0.0179074930264 0.00182007875348 0.019409633589 0.000723834430133 0.0141744966102 -0.027262724973 0.0117612972581 0.050209483786 0.00382184570388 -0.00481987765504 0.00814130852776 -0.0180814016798 0.00151292915771 0.0035181057587 0.0187532384783 0.0317113959407 -0.0230681217345 0.00584040834762 0.00939658310832 0.0207500443863 0.0212787175797 0.00344782591602 -0.0212888781244 -0.0128496587839 -0.026654064076 0.0434028241675 0.0225005246074 0.0341878264098 0.00087474976381 0.00466050666048 0.0272956635526 0.00489092984841 0.0321242018434 -0.0235710356097 -0.0113109472746 -0.0153659422632 
-0.00546354400271 0.261144693078 0.00778857134249 -0.0084904788225 0.0104179202188 0.00597015240806 0.0137317888536 0.00877218142735 0.0131999943916 0.0102068663891 -0.00990004636714 0.0180764132415 0.0133404659102 0.00175108083555 0.000200248626252 0.016425860931 -0.0102925725423 0.0277538769617 0.021203024227 0.007600437007 0.0156637934813 0.00408753585294 0.0120795288409 0.0105293730815 0.00264480465269 0.0100233623615 0.044488881142 0.0127660974217 0.017605986072 0.00420397357013 -0.00808611044003 -0.000997646225951 -0.0133485701074 0.00605500360686 0.0142592908205 0.01350981148 0.025077096925 0.0229444649566 0.0220531015747 0.00266245502794 0.00430845944125 0.0156895167903 0.0112649214341 0.0165925305657 0.00674668958325 0.002759849175 0.0424812318566 -0.00109435860116 0.00518160317983 0.000937141465323 
0.0149304687778 0.00778857134249 0.161746800122 -0.0113899028103 0.0322032287568 0.0314117855872 0.0110512786308 0.0271719846871 0.00894171685644 0.0171071261492 0.0166656519682 0.0106011210061 0.0266791865782 0.0172501981119 0.0151707035435 0.0201739535335 0.0388340834763 0.00462750105705 0.00542673064365 -0.0119677571879 0.00636614512207 0.0276170355895 0.0197413153317 0.0127015094389 -0.0023974485803 0.00203321317042 0.0232964175227 0.0256156633617 0.00803089859578 0.0225354299821 0.0211152848343 0.0186648494254 0.0199833872344 0.0211583045806 0.00560919600132 0.0134420475794 -0.0149264086191 0.0131823872021 0.0204043233269 0.00967875533686 -0.00364271594835 0.033821497659 0.0261863884899 0.00235055731582 0.0138626462923 0.0163703245115 0.00990094799141 0.0240155506555 -0.00240505005376 0.0285852807003 
0.00174127586888 -0.0084904788225 -0.0113899028103 0.309560204854 -0.0113603069958 0.0124601412743 -0.00287919803559 0.0293100803099 0.0416452872683 0.0177724490554 0.0332372287853 -0.000965348770581 0.0289477962314 -0.0198118542371 0.0032813647765 0.00146916816705 0.00885482985931 -0.00639390420562 -0.0108103186211 0.00414469256156 0.026797284528 -0.0121408386532 0.0187236372683 0.00874662438539 0.0190924851824 0.0130522582297 0.0170466358765 0.00791280392951 0.000368465649681 -0.00125407925729 0.0591476854779 0.00820156301256 0.00690413764685 0.0264217865276 0.00810852094412 0.000543907594629 0.0100888944897 0.00200937833057 -0.00929195687697 0.00533495113713 0.0148933067515 -0.000267025419954 0.0144982349276 -0.0106908936379 0.0100169609337 -0.00121899081235 -0.0146496669795 0.0113307912319 0.0250252524675 0.0121358893135 
0.013307990158 0.0104179202188 0.0322032287568 -0.0113603069958 0.281554015842 0.0103581449737 0.00994437700546 -0.00850910441015 -0.00224803774404 -4.62550111476e-06 0.00719489206476 -0.00580545651349 0.0537492027703 0.00858069492962 0.00865419691577 0.0112057983146 0.0129756428178 0.046385680256 0.00101054117492 -0.021055142 -0.00315473668488 -0.00719081223087 0.00286576991624 0.0508587057126 0.00590288424236 0.00772387096794 -0.00138146741632 -0.000825985579816 0.0144785773627 0.00373941923474 0.0314013733064 0.0106398887088 0.0122238240431 0.0149331220414 0.0166552732423 0.00208146931433 -0.0070589574802 0.0189295939326 -0.0205037943014 0.00205926933218 0.0104619764627 0.0235250153518 0.0213801398253 0.0081708780206 0.00291100977255 0.0167843134783 -0.000798334543535 0.0156850221689 0.000698941079018 0.00672127099211 
0.0381382192559 0.00597015240806 0.0314117855872 0.0124601412743 0.0103581449737 0.191065361779 0.0131079083148 0.0393745252608 0.01525149619 0.0211995840537 0.0143145434794 0.0194226481093 0.0516969627118 0.016857506237 0.0155532810878 0.0136134414601 0.0341736959357 0.0307333315512 0.00676162439899 -0.00868993240325 0.00460115758276 0.0303502230036 0.0334489572088 0.000109586925931 0.0141754896971 0.020323589479 0.0203120739778 0.00237155997525 0.0159793949742 0.0273488123485 0.0184862581936 0.0259829316754 0.0287422639773 0.0397978422897 0.0240874536948 -0.0021028137534 -0.00509761070188 0.0173786592835 0.0226498186215 0.0232692951794 0.023586834833 0.0414016376802 -0.00110641186206 0.017205640311 0.0261383434515 0.00604641529943 0.0400136536962 0.0105399497602 0.0328545788616 0.01885115136 
0.0120748234223 0.0137317888536 0.0110512786308 -0.00287919803559 0.00994437700546 0.0131079083148 0.330990543 0.0053353490744 -0.0102209836586 0.0115977747102 0.00235173509027 0.0400775925982 0.0120559603298 0.0160833760888 0.0103674597103 0.00858213080988 0.0232185468352 0.00168457582176 -0.0033348553465 -0.000919095351083 0.0201347311047 0.0234567605193 -0.00242037395212 0.0440454803581 0.00122989556336 -0.00189951902049 -0.00992480549667 0.0255140204908 0.00531741121943 -0.000381061703634 -0.0170730355785 0.0138415748535 0.00746908251687 0.0382760618194 0.0123562115132 0.0131502173425 0.0150621890789 -0.0189069686463 0.0114888068984 0.0248303623664 0.00591840329885 0.0547321306078 0.0228125171451 -0.0113721125662 -0.0022286959236 0.0217091647828 0.0172148406742 0.00740625611525 0.076927566946 0.0282599438376 
0.0462143843026 0.00877218142735 0.0271719846871 0.0293100803099 -0.00850910441015 0.0393745252608 0.0053353490744 0.474752546932 0.00253273404855 0.00541400307328 0.0320434440762 -0.000842742299294 0.0487767936937 0.0198873940278 -0.0019521124086 0.0229584932525 0.0410258648972 0.00902927655723 0.00513849294609 -0.00119925608978 0.0149429946378 0.0058451701156 0.0401488554789 0.03383781017 0.0133192628433 0.0242204067394 -0.00299291104966 0.0111891412877 0.0275064504752 -0.00510794485414 0.00688096619205 0.0068018647776 0.00891459818012 0.00814395454444 0.00112000534698 0.00936084166483 0.0089162591784 -0.0129085238135 0.0137926106188 0.00501969131768 0.0474508774113 -0.00636818710114 0.0128881201988 0.0128470483515 0.0240074545514 0.01187116629 0.0457284249786 -0.0178969079332 -6.86754241881e-05 0.0160615705134 
0.00333102027727 0.0131999943916 0.00894171685644 0.0416452872683 -0.00224803774404 0.01525149619 -0.0102209836586 0.00253273404855 0.144949145473 0.014269368462 0.0341369786166 -0.00262793895695 0.00212845980541 0.00370809941996 -0.00601700686327 0.0039711399498 0.022736101039 0.0108092097243 0.0155626984936 0.00909278914714 0.0150695330259 -0.0114649081054 -0.00334749740417 -5.46407627821e-05 0.00226668547808 -0.0152638358814 0.0147466831409 0.000728651253799 0.018861332107 0.00618826005404 0.0081439395473 0.0191704121671 0.00680345208322 0.016203505988 0.0126381285199 -0.00043980023182 -0.0147244009148 0.0141212871637 0.00102926031889 0.0115136517693 0.00778204955401 0.0270222713164 0.00544646831887 0.00749704613365 0.020909210037 0.00632287693459 0.00902462700932 0.0111765642479 0.0228232453678 -0.00461368326636 
0.0121458851974 0.0102068663891 0.0171071261492 0.0177724490554 -4.62550111481e-06 0.0211995840537 0.0115977747102 0.00541400307328 0.014269368462 0.217192567929 0.0136002554788 0.00918867259225 0.0242149107823 0.0105319485267 0.0223541401612 -0.00500212756923 0.00727694123164 0.0159807346521 0.0278394547737 -0.00222706270105 0.00597308775093 0.0229532348453 0.0147594111467 0.0121257120051 0.0112517440221 -0.00962258946279 0.0103704899183 0.0147131652217 0.0187014074503 0.0313257568643 0.0653938822896 0.0376036360796 0.0147172369883 0.0298441853107 0.0209130119878 0.00248496957904 0.0297022780006 0.00391397052643 0.00964529952022 0.0117458661663 0.00830860475617 0.0156512856908 0.00938386854547 -0.00294517031243 0.0584611230799 0.00858422733271 0.027401292031 0.051185774489 0.0210838335632 0.0390739485667 
0.0132243373722 -0.00990004636714 0.0166656519682 0.0332372287853 0.00719489206476 0.0143145434794 0.00235173509026 0.0320434440762 0.0341369786166 0.0136002554788 0.362875640966 0.00936667082717 0.0106713453224 0.0161685295073 0.0146067071052 0.0229365723526 0.00200545479714 -0.0167022273827 0.00631804065066 0.0681849836474 0.00489991293982 0.00269420831939 0.00638867775981 -0.000900417609751 -0.00344474034912 0.0045885656976 -0.000652295176517 0.0262816950565 0.0298668847703 0.0109248179513 0.0011811887271 0.0245233161533 0.00760755621783 0.0229650096767 0.00425985543397 -0.00751167900819 -0.00785805817236 0.0144865886706 0.0195124582568 -0.00663265840076 0.00292149485146 0.0309182668377 -0.00702624661902 0.0394016832435 0.0132839268482 -0.00244695219233 0.0121936768108 0.0181221071704 0.0104823100982 -0.0112161979863 
0.0160267001807 0.0180764132415 0.0106011210061 -0.000965348770581 -0.00580545651349 0.0194226481093 0.0400775925982 -0.000842742299294 -0.00262793895695 0.00918867259225 0.00936667082717 0.176228918238 -0.00260307593607 0.0223470491711 0.00742076640751 0.00517357669517 0.0173154455598 0.00974816832752 0.0163113170893 -0.00208531628852 0.00987240756169 -0.002463568525 0.00433678302587 0.00997345023933 0.011836217713 0.00674639926126 0.0340745238704 0.00748923556034 0.0293635336014 -0.00233676233272 0.0211579255809 0.0137084581233 0.0113783017463 0.0171419993421 0.00666631391431 0.0289328962572 0.0170090961622 0.0124487388682 0.0294366956771 0.0186596393566 0.00875032399695 0.0503384022697 0.00934109711879 0.0027253705858 0.0157456287171 0.0173999541551 0.0286946713301 0.0118904547276 0.024010613243 0.0141075215167 
0.252056128807 0.0133404659102 0.0266791865782 0.0289477962314 0.0537492027703 0.0516969627118 0.0120559603298 0.0487767936937 0.00212845980541 0.0242149107823 0.0106713453224 -0.00260307593607 0.621426743861 0.00759121357462 0.0045254787096 -0.00278814464706 0.0108893394842 -0.00273853419693 0.0055421374724 -0.00802088993436 -0.00881465240792 0.0274356062457 0.00553783962831 0.0149283484961 0.0319059653794 0.038015501951 0.00904197127129 -0.00870254734368 -0.0112022415646 0.0508424961365 0.0225455332787 0.0093383797772 0.00765091421931 0.0166299520408 0.0235023363122 0.00631797324318 -0.0110779243317 0.035832129464 -0.0167830028376 0.01776020525 0.0337734197534 0.00628199148915 0.00486818543018 0.0045252645192 0.0243801692964 0.0251381425237 0.0411835677707 -0.0204411074218 0.00780220317852 0.00560472330094 
0.000188050812311 0.00175108083555 0.0172501981119 -0.0198118542371 0.00858069492962 0.016857506237 0.0160833760888 0.0198873940278 0.00370809941996 0.0105319485267 0.0161685295073 0.0223470491711 0.00759121357462 0.202174858933 0.00754600511452 0.0204265639536 0.0453395571875 0.0217323690986 0.00234477600082 0.0253609758374 0.0014363410799 0.0160481419811 0.00152817894882 0.0120017046771 0.0203228802169 0.0177791438902 0.018275086743 -0.000114345758444 0.0185378061262 0.0229438191115 0.0205778516526 0.00329517279643 0.00432798582963 0.00588896342693 0.0133381232607 0.00298384412379 0.0230068677722 0.0119030404856 0.0151852223224 0.0121191745881 0.0145757322346 0.0221667747341 0.0029418048713 0.0112118952879 0.01846773703 0.0104968573985 0.0572852258457 0.00418479287824 -0.00529387559433 0.0136567888347 
-0.0179074930264 0.000200248626252 0.0151707035435 0.0032813647765 0.00865419691577 0.0155532810878 0.0103674597103 -0.0019521124086 -0.00601700686327 0.0223541401612 0.0146067071052 0.00742076640751 0.0045254787096 0.00754600511452 0.278588005708 0.0208959940891 0.0473641943941 -0.00308172019705 -0.00157797118109 -0.000528323204484 0.00810554135803 0.00797491878631 0.00950462271764 0.0266395158105 -0.0044581393885 0.017374465594 0.00530451697082 0.00236940383766 0.00395117652726 0.0130169647239 -0.00998851539901 0.0208869177044 0.0187298244307 0.0185420006414 0.0116388802548 0.011289888165 0.0251902142716 0.0316240426975 0.0236438696397 0.0139000838385 0.00248125085804 -0.00727891626956 -0.00940958342805 0.0489583436057 0.00749928778707 0.0014255102998 0.00110769949513 -0.0130921278957 0.00617658796416 0.00510790461455 
0.00182007875348 0.016425860931 0.0201739535335 0.00146916816705 0.0112057983146 0.0136134414601 0.00858213080988 0.0229584932525 0.0039711399498 -0.00500212756923 0.0229365723526 0.00517357669517 -0.00278814464706 0.0204265639536 0.0208959940891 0.161808628776 0.0533022705883 0.0151192295719 0.0122861577091 -0.00752183173607 -0.000116930473749 0.0407950261333 0.00510723322787 0.00312481183283 0.0176096831469 0.0225265141733 0.0104465150455 0.00512049953372 0.0049168788058 0.0155787438224 0.00574849870535 0.0215000121941 0.00841140138769 0.0212445100596 0.00204434604941 0.012729726369 -0.01037862248 0.0117284898128 0.00793859255416 -0.0060378385239 0.0203307747582 0.0139794487635 0.00892353934538 0.0129712678985 0.0103214849908 -0.00950848191679 0.0195136290376 0.00519291205081 0.0260903121896 0.0144432025871 
0.019409633589 -0.0102925725423 0.0388340834763 0.00885482985931 0.0129756428178 0.0341736959357 0.0232185468352 0.0410258648972 0.022736101039 0.00727694123164 0.00200545479714 0.0173154455598 0.0108893394842 0.0453395571875 0.0473641943941 0.0533022705883 1.09855523734 0.0528435372753 -0.00669497790072 -0.017175554864 -0.000375298072822 0.0338554082342 0.0190396265381 -0.0101607899899 0.0418460929377 -0.00563267896263 0.0320995049727 0.0260058976798 -0.0137664038965 0.131249556937 0.0166508063799 0.00423020135388 -0.00101859854885 -0.0219302556424 0.00978656993303 0.0294017674248 -0.00473414114819 0.0191891288303 -0.0106641494639 0.00848331943393 0.0234534823368 -0.0482168150151 0.0262576165661 0.0964230416998 0.00668270242373 -0.0156007889934 -0.016740415494 -0.00393222416642 0.00661303075585 -0.00131133676712 
0.000723834430133 0.0277538769617 0.00462750105705 -0.00639390420562 0.046385680256 0.0307333315512 0.00168457582176 0.00902927655723 0.0108092097243 0.0159807346521 -0.0167022273827 0.00974816832752 -0.00273853419693 0.0217323690986 -0.00308172019705 0.0151192295719 0.0528435372753 0.826736500962 -0.014509082489 -0.00915600551995 0.000162988262032 0.0348680989923 0.0163690440302 0.0423148775994 0.0156004792657 -0.00664435436251 -0.0117652222446 -0.00640685380872 0.00961083550285 0.00481364961171 0.00459521899542 0.00478653430685 0.00236770249552 0.00643124939952 0.0107333769603 -0.0296752371758 0.0105124375491 0.000361959149849 0.0110396927901 0.011573862279 0.00893253475962 0.05855224059 0.024736746234 0.0593609615639 0.020818175441 0.00469837545648 0.08419436068 0.0110618642166 0.0230705606323 0.00105780091684 
0.0141744966102 0.021203024227 0.00542673064365 -0.0108103186211 0.00101054117492 0.00676162439899 -0.0033348553465 0.00513849294609 0.0155626984936 0.0278394547737 0.00631804065066 0.0163113170893 0.0055421374724 0.00234477600082 -0.00157797118109 0.0122861577091 -0.00669497790072 -0.014509082489 0.180943841202 0.0140088101108 0.00540081468517 -0.0151681132247 0.0145796411576 0.0194469256107 0.0116623261523 0.00383797919686 0.00462375205092 0.00403230452919 0.00146041958317 -0.00558728627908 0.019494002336 0.025545023311 0.0139021450544 0.0187246007444 0.0157563381587 0.0219324055424 0.0290125200443 0.00660436354616 0.0178940279316 0.0107543255769 0.0134851958825 0.0341484252776 0.00388710520827 0.0313659616582 0.0368306907302 0.00841424734519 0.0116108948763 0.0346326605494 0.0148090402722 0.00263129867792 
-0.027262724973 0.007600437007 -0.0119677571879 0.00414469256156 -0.021055142 -0.00868993240325 -0.000919095351083 -0.00119925608978 0.00909278914714 -0.00222706270105 0.0681849836474 -0.00208531628852 -0.00802088993436 0.0253609758374 -0.000528323204484 -0.00752183173607 -0.017175554864 -0.00915600551995 0.0140088101108 0.683829853287 0.0182953717499 -0.0215532901262 -0.0120824614032 0.0112031618822 0.00657100891383 -0.00357320687143 -0.0248837031119 -0.000293925104843 -0.00343939669913 0.000180473254701 0.0106696140456 0.0185712502119 0.00539042257624 -0.00909206405341 -0.00509325992948 0.00330532740634 -0.0115700766984 -0.00400587139369 0.00119944919761 0.0103902371131 -0.0072273254738 0.00120271584301 -0.0133809577889 0.046442957258 -0.00319356158558 -0.00316635696598 0.0109273053283 -0.006350835302 -0.0296522047925 0.0150399643495 
0.0117612972581 0.0156637934813 0.00636614512207 0.026797284528 -0.00315473668488 0.00460115758276 0.0201347311047 0.0149429946378 0.0150695330259 0.00597308775093 0.00489991293982 0.00987240756169 -0.00881465240792 0.0014363410799 0.00810554135803 -0.000116930473749 -0.000375298072822 0.000162988262032 0.00540081468517 0.0182953717499 0.374118901928 -0.00371842666611 0.00757421909949 0.0195992686859 0.00208125166467 0.000259048369726 0.00244239269711 -0.00739067113834 0.00314331175986 0.0158031520278 -0.0210000109208 -0.00480884049984 -0.0107855711508 -0.00375751210696 -0.0106065575254 0.0283099931963 0.0155764536028 0.000188326162322 0.00681525815408 -0.0123308003982 0.0105771959442 0.0131710838686 -0.00493896013942 0.0188762487735 0.00997949381475 0.022376479702 -0.00325432216758 0.00762673528551 0.0152423659243 0.0146218954134 
0.050209483786 0.00408753585294 0.0276170355895 -0.0121408386532 -0.00719081223087 0.0303502230036 0.0234567605193 0.0058451701156 -0.0114649081054 0.0229532348453 0.00269420831939 -0.002463568525 0.0274356062457 0.0160481419811 0.00797491878631 0.0407950261333 0.0338554082342 0.0348680989923 -0.0151681132247 -0.0215532901262 -0.00371842666611 0.272586567206 0.0327603678985 0.0111780814343 -0.000115766273966 0.00857577020145 0.0454083877499 0.012197162673 0.0140886815914 0.0242275941991 0.0187946104151 0.0243858403139 0.0122069969812 0.019739626719 0.00244910794972 0.00448531609685 -0.00426839863834 -0.00320379194129 0.00741844401141 0.0163517405771 0.000459701035069 0.0216538983273 -0.00904482802574 -0.0128188271085 -0.00788316037981 -0.0100000489842 0.022767242597 0.0106204256834 0.0406568066589 0.00399849272712 
0.00382184570388 0.0120795288409 0.0197413153317 0.0187236372683 0.00286576991624 0.0334489572088 -0.00242037395212 0.0401488554789 -0.00334749740417 0.0147594111467 0.00638867775981 0.00433678302587 0.00553783962831 0.00152817894882 0.00950462271764 0.00510723322787 0.0190396265381 0.0163690440302 0.0145796411576 -0.0120824614032 0.00757421909949 0.0327603678985 0.177294837519 0.00305179522572 -0.00550844818885 -0.000960101213188 0.00925184543929 0.0202863601338 0.00664302898798 0.0152902829172 0.0283021957348 0.0336022526982 0.0169864174069 0.0392072058195 0.00425019066203 0.0193753430693 0.00373595605112 0.0183804914846 0.0129486215424 -0.00403159128127 0.0217041524201 0.0321378975898 -0.0105353363998 0.0105487184128 0.0016118150918 0.00635722224871 0.035449491283 0.014426633541 0.0168149220077 0.0147240574041 
-0.00481987765504 0.0105293730815 0.0127015094389 0.00874662438539 0.0508587057126 0.000109586925931 0.0440454803581 0.03383781017 -5.46407627814e-05 0.0121257120051 -0.000900417609751 0.00997345023933 0.0149283484961 0.0120017046771 0.0266395158105 0.00312481183283 -0.0101607899899 0.0423148775994 0.0194469256107 0.0112031618822 0.0195992686859 0.0111780814343 0.00305179522572 0.301385002164 -0.00875806304198 -0.032477977898 0.0413309841931 -0.00412572390628 0.0137775165538 0.0049681133483 0.0245625106914 0.00606559766118 0.00316522106613 0.0102950634707 0.0199362101078 0.0146929702914 0.0159497169004 0.0149263159966 0.0155991328785 0.0491928959085 0.00355012676015 0.0167046112008 0.0176746594637 0.0300688910275 0.0341422045534 0.0349217520834 0.0173044097235 0.0105302178243 0.0472613812555 0.00441223709177 
0.00814130852776 0.00264480465269 -0.0023974485803 0.0190924851824 0.00590288424236 0.0141754896971 0.00122989556336 0.0133192628433 0.00226668547808 0.0112517440221 -0.00344474034912 0.011836217713 0.0319059653794 0.0203228802169 -0.0044581393885 0.0176096831469 0.0418460929377 0.0156004792657 0.0116623261523 0.00657100891383 0.00208125166467 -0.000115766273966 -0.00550844818885 -0.00875806304198 0.331566679209 0.0822045032614 0.0250546794655 0.00628804587121 0.00300016414124 0.019372851313 -0.00293337239774 0.0187433501447 0.0310225518274 0.0268315395584 0.0128848332428 0.0156311294661 0.0183960305335 0.0149901171961 0.011303999722 0.0132941671551 0.0229323177313 0.0250420638264 0.00686143351372 0.00661682618003 0.0334891166171 0.031870430524 0.0628680074116 -0.00548872207884 0.0150330834503 0.0119625805573 
-0.0180814016798 0.0100233623615 0.00203321317042 0.0130522582297 0.00772387096794 0.020323589479 -0.00189951902049 0.0242204067394 -0.0152638358814 -0.00962258946279 0.0045885656976 0.00674639926126 0.038015501951 0.0177791438902 0.017374465594 0.0225265141733 -0.00563267896263 -0.00664435436251 0.00383797919686 -0.00357320687143 0.000259048369726 0.00857577020145 -0.000960101213188 -0.032477977898 0.0822045032614 0.604032533981 0.0748494428147 -0.00510600959093 -0.0178692799731 0.0124108971073 0.00443812871558 -0.0144626302245 0.00150474420836 0.0138404278613 0.0198421597596 -0.00826705072728 0.107116614593 0.00837405259259 0.00122659853448 0.025134620404 0.0041193403387 -0.0136620786716 0.025924001207 0.0261114300457 0.0285648011328 0.00994326495766 0.0327738678973 -0.00864162559971 0.0168897700083 0.00971801610111 
0.00151292915771 0.044488881142 0.0232964175227 0.0170466358765 -0.00138146741632 0.0203120739778 -0.00992480549667 -0.00299291104966 0.0147466831409 0.0103704899183 -0.000652295176517 0.0340745238704 0.00904197127129 0.018275086743 0.00530451697082 0.0104465150455 0.0320995049727 -0.0117652222446 0.00462375205092 -0.0248837031119 0.00244239269711 0.0454083877499 0.00925184543929 0.0413309841931 0.0250546794655 0.0748494428147 0.351743798606 0.0102125122543 0.00135461647771 0.00036160114091 0.015497949864 0.00767929449077 0.0180642368113 0.0411712164308 0.0236908148476 0.0136302729771 0.0348996227319 0.023572681726 0.0171004900719 0.0376817030751 0.00668117723828 0.00900092962094 0.0156152877325 0.0270462471017 0.00783340270368 0.002093540645 0.0547591673178 -0.00775046747736 0.0257114815169 -0.00079307661325 
0.0035181057587 0.0127660974217 0.0256156633617 0.00791280392951 -0.000825985579816 0.00237155997525 0.0255140204908 0.0111891412877 0.0007286512538 0.0147131652217 0.0262816950565 0.00748923556034 -0.00870254734368 -0.000114345758444 0.00236940383766 0.00512049953372 0.0260058976798 -0.00640685380872 0.00403230452919 -0.000293925104843 -0.00739067113834 0.012197162673 0.0202863601338 -0.00412572390628 0.00628804587121 -0.00510600959093 0.0102125122543 0.1190797146 0.0100472889765 0.0068676402868 0.0248315458066 0.012899306358 0.0220166918026 0.0110289515407 0.00156684005777 0.0163422668533 -0.0131104516964 0.00571681329843 0.0128122522317 0.0188239133401 0.00819373431038 0.00727306401546 0.00811308907615 -0.00243816265274 0.00369541871994 -0.00305190733901 0.0108933361081 -0.00480618041089 0.00402422489712 -0.0082758734121 
0.0187532384783 0.017605986072 0.00803089859578 0.000368465649681 0.0144785773627 0.0159793949742 0.00531741121943 0.0275064504752 0.018861332107 0.0187014074503 0.0298668847703 0.0293635336014 -0.0112022415646 0.0185378061262 0.00395117652726 0.0049168788058 -0.0137664038965 0.00961083550285 0.00146041958317 -0.00343939669913 0.00314331175986 0.0140886815914 0.00664302898798 0.0137775165538 0.00300016414124 -0.0178692799731 0.00135461647771 0.0100472889765 0.182197909248 0.0173395653138 0.0230031136961 0.0242321805231 0.0166769922384 0.0148632738565 0.0185922625591 0.00904481608847 -0.00509859228428 0.00509059662662 0.0130017830667 0.0181849430278 0.0137187151284 -0.00573099624585 0.0236296524219 0.00669618305579 0.0179915248118 0.00988052197558 0.0219094265511 0.0108210708501 0.027533811089 0.0154508046199 
0.0317113959407 0.00420397357013 0.0225354299821 -0.00125407925729 0.00373941923474 0.0273488123485 -0.000381061703634 -0.00510794485414 0.00618826005404 0.0313257568643 0.0109248179513 -0.00233676233272 0.0508424961365 0.0229438191115 0.0130169647239 0.0155787438224 0.131249556937 0.00481364961171 -0.00558728627908 0.000180473254701 0.0158031520278 0.0242275941991 0.0152902829172 0.0049681133483 0.019372851313 0.0124108971073 0.00036160114091 0.0068676402868 0.0173395653138 0.146916929447 0.0156809564298 0.0229674009814 0.0194727850391 0.00050207343305 0.0152484654842 0.00907321343784 0.00946154745251 -0.008962340049 0.00185069933845 0.0116270697396 0.00498378982711 0.0113729193451 0.00310807435313 0.0182175153043 0.0137212943228 -0.00377758876853 0.014183441246 0.0185367779218 0.0173239197638 0.0153749285016 
-0.0230681217345 -0.00808611044003 0.0211152848343 0.0591476854779 0.0314013733064 0.0184862581936 -0.0170730355785 0.00688096619205 0.0081439395473 0.0653938822896 0.0011811887271 0.0211579255809 0.0225455332787 0.0205778516526 -0.00998851539901 0.00574849870535 0.0166508063799 0.00459521899542 0.019494002336 0.0106696140456 -0.0210000109208 0.0187946104151 0.0283021957348 0.0245625106914 -0.00293337239775 0.00443812871558 0.015497949864 0.0248315458066 0.0230031136961 0.0156809564298 0.324682793387 0.0219738118725 0.0229942987221 0.026016002808 -0.0081871614805 0.0221709549754 0.0123071444089 0.0212138353469 0.00979160678222 0.0132066460759 0.00993606846284 0.0320393769247 0.0167780417229 0.000407710496975 0.00448135917188 0.0148154323001 0.00521568705158 0.0300050448332 0.0144373922992 0.0567034413557 
0.00584040834762 -0.000997646225951 0.0186648494254 0.00820156301256 0.0106398887088 0.0259829316754 0.0138415748535 0.0068018647776 0.0191704121671 0.0376036360796 0.0245233161533 0.0137084581233 0.0093383797772 0.00329517279643 0.0208869177044 0.0215000121941 0.00423020135388 0.00478653430685 0.025545023311 0.0185712502119 -0.00480884049984 0.0243858403139 0.0336022526982 0.00606559766118 0.0187433501447 -0.0144626302245 0.00767929449077 0.012899306358 0.0242321805231 0.0229674009814 0.0219738118725 0.173503848011 0.0632600361574 0.052363116718 0.0193760971473 0.0242398730988 0.00603379103364 0.0110576298981 0.0246019868886 0.0030522142251 0.0206458185321 0.0241582310915 0.00235331523825 -0.00692966555784 0.0438829705642 0.0222901649337 0.0249245961432 0.0348199137706 0.0143604011041 0.0230486784014 
0.00939658310832 -0.0133485701074 0.0199833872344 0.00690413764685 0.0122238240431 0.0287422639773 0.00746908251687 0.00891459818012 0.00680345208322 0.0147172369883 0.00760755621783 0.0113783017463 0.00765091421931 0.00432798582963 0.0187298244307 0.00841140138769 -0.00101859854885 0.00236770249552 0.0139021450544 0.00539042257624 -0.0107855711508 0.0122069969812 0.0169864174069 0.00316522106613 0.0310225518274 0.00150474420837 0.0180642368113 0.0220166918026 0.0166769922384 0.0194727850391 0.0229942987221 0.0632600361574 0.161763329596 0.0356628669585 0.012994466565 0.0157322774488 -0.00621924386836 0.0179070077562 0.0220896975832 0.0256888564698 0.0145081000988 0.0166481440439 0.000283801762398 -0.00979075243705 0.0307773087161 0.0127993398239 0.0380753829116 0.013849933969 0.0216018165378 0.0275949638048 
0.0207500443863 0.00605500360686 0.0211583045806 0.0264217865276 0.0149331220414 0.0397978422897 0.0382760618194 0.00814395454444 0.016203505988 0.0298441853107 0.0229650096767 0.0171419993421 0.0166299520408 0.00588896342693 0.0185420006414 0.0212445100596 -0.0219302556424 0.00643124939952 0.0187246007444 -0.00909206405341 -0.00375751210696 0.019739626719 0.0392072058195 0.0102950634707 0.0268315395584 0.0138404278613 0.0411712164308 0.0110289515407 0.0148632738565 0.000502073433049 0.026016002808 0.052363116718 0.0356628669585 0.208967149895 0.0118690566739 0.00351864337012 0.00285173480812 0.0185649761885 0.00134642777253 0.0216698751546 0.0238846980143 0.0105952477564 -0.00632548983877 -0.00324031239699 0.0278095915985 0.0103032837638 0.0196539655353 0.043862456764 0.0186628461551 0.0255316577101 
0.0212787175797 0.0142592908205 0.00560919600132 0.00810852094412 0.0166552732423 0.0240874536948 0.0123562115132 0.00112000534698 0.0126381285199 0.0209130119878 0.00425985543397 0.0066663139143 0.0235023363122 0.0133381232607 0.0116388802548 0.00204434604941 0.00978656993303 0.0107333769603 0.0157563381587 -0.00509325992948 -0.0106065575254 0.00244910794972 0.00425019066203 0.0199362101078 0.0128848332428 0.0198421597596 0.0236908148476 0.00156684005777 0.0185922625591 0.0152484654842 -0.0081871614805 0.0193760971473 0.012994466565 0.0118690566739 0.136287200349 0.00523216472281 0.0138561778813 -0.00358939455926 0.0243613691473 0.027320729504 0.0196799079371 0.0349543932035 0.0147532306119 -0.000411349425971 0.0115738293226 0.016924578805 0.0257413681209 0.00271195714654 0.00430847994955 0.0131493628706 
0.00344782591602 0.01350981148 0.0134420475794 0.000543907594629 0.00208146931433 -0.0021028137534 0.0131502173425 0.00936084166483 -0.00043980023182 0.00248496957904 -0.00751167900819 0.0289328962572 0.00631797324318 0.00298384412379 0.011289888165 0.012729726369 0.0294017674248 -0.0296752371758 0.0219324055424 0.00330532740634 0.0283099931963 0.00448531609685 0.0193753430693 0.0146929702914 0.0156311294661 -0.00826705072728 0.0136302729771 0.0163422668533 0.00904481608847 0.00907321343784 0.0221709549754 0.0242398730988 0.0157322774488 0.00351864337012 0.00523216472281 0.148018743314 0.00942113010849 0.0126303443896 0.0221973508248 0.00466850763014 0.0122341848029 0.02428671323 0.0207206356687 0.0239311561481 0.0154911222897 -0.00317547361351 0.0192347934494 0.0102623587889 0.00589668884842 0.00306648589955 
-0.0212888781244 0.025077096925 -0.0149264086192 0.0100888944897 -0.0070589574802 -0.00509761070188 0.0150621890789 0.0089162591784 -0.0147244009148 0.0297022780006 -0.00785805817236 0.0170090961622 -0.0110779243317 0.0230068677722 0.0251902142716 -0.01037862248 -0.00473414114819 0.0105124375491 0.0290125200443 -0.0115700766984 0.0155764536028 -0.00426839863834 0.00373595605112 0.0159497169004 0.0183960305335 0.107116614593 0.0348996227319 -0.0131104516964 -0.00509859228428 0.00946154745251 0.0123071444089 0.00603379103364 -0.00621924386836 0.00285173480812 0.0138561778813 0.00942113010849 0.454796316234 -0.0196972348896 -0.0165101046314 0.11768343975 -4.51348273164e-05 0.00917596643022 0.0191350413819 0.0241567559824 0.0280830205573 0.0343943433001 0.106756925339 0.0365764498556 0.0394007107208 0.00335941311518 
-0.0128496587839 0.0229444649566 0.0131823872021 0.00200937833057 0.0189295939326 0.0173786592835 -0.0189069686463 -0.0129085238135 0.0141212871637 0.00391397052643 0.0144865886706 0.0124487388682 0.035832129464 0.0119030404856 0.0316240426975 0.0117284898128 0.0191891288303 0.000361959149849 0.00660436354616 -0.00400587139369 0.000188326162322 -0.00320379194129 0.0183804914846 0.0149263159966 0.0149901171961 0.00837405259259 0.023572681726 0.00571681329843 0.00509059662662 -0.008962340049 0.0212138353469 0.0110576298981 0.0179070077562 0.0185649761885 -0.00358939455926 0.0126303443896 -0.0196972348896 0.206016010086 0.0255516782944 0.00234374045734 0.0190151660083 0.0127675067603 -0.0118546052855 0.0176721163092 -0.00292475819704 0.00817346507773 0.0185770725928 0.0111889264553 0.019449890639 -0.00275564919233 
-0.026654064076 0.0220531015747 0.0204043233269 -0.00929195687697 -0.0205037943014 0.0226498186215 0.0114888068984 0.0137926106188 0.00102926031889 0.00964529952022 0.0195124582568 0.0294366956771 -0.0167830028376 0.0151852223224 0.0236438696397 0.00793859255416 -0.0106641494639 0.0110396927901 0.0178940279316 0.00119944919761 0.00681525815408 0.00741844401141 0.0129486215424 0.0155991328785 0.011303999722 0.00122659853448 0.0171004900719 0.0128122522317 0.0130017830667 0.00185069933845 0.00979160678222 0.0246019868886 0.0220896975832 0.00134642777253 0.0243613691473 0.0221973508248 -0.0165101046314 0.0255516782944 0.215958687658 0.0153116330809 0.0269508410803 0.0439562852555 -0.00244995671664 0.025498106573 0.00940061608854 0.0267092587808 0.0289916749707 0.0162073818706 0.0340797017622 0.00100875807188 
0.0434028241675 0.00266245502794 0.00967875533686 0.00533495113713 0.00205926933218 0.0232692951794 0.0248303623664 0.00501969131768 0.0115136517693 0.0117458661663 -0.00663265840076 0.0186596393566 0.01776020525 0.0121191745881 0.0139000838385 -0.0060378385239 0.00848331943393 0.011573862279 0.0107543255769 0.0103902371131 -0.0123308003982 0.0163517405771 -0.00403159128127 0.0491928959085 0.0132941671551 0.025134620404 0.0376817030751 0.0188239133401 0.0181849430278 0.0116270697396 0.0132066460759 0.0030522142251 0.0256888564698 0.0216698751546 0.027320729504 0.00466850763014 0.11768343975 0.00234374045734 0.0153116330809 0.346386962435 -0.00152325083709 -0.00840774100458 0.00484238150106 0.00372160987581 0.0254885053026 0.0426954798063 0.100579736082 0.0106365152969 0.0443317586047 0.0153678752896 
0.0225005246074 0.00430845944125 -0.00364271594836 0.0148933067515 0.0104619764627 0.023586834833 0.00591840329885 0.0474508774113 0.00778204955402 0.00830860475617 0.00292149485146 0.00875032399695 0.0337734197534 0.0145757322346 0.00248125085804 0.0203307747582 0.0234534823368 0.00893253475962 0.0134851958825 -0.0072273254738 0.0105771959442 0.000459701035069 0.0217041524201 0.00355012676015 0.0229323177313 0.0041193403387 0.00668117723828 0.00819373431038 0.0137187151284 0.00498378982711 0.00993606846284 0.0206458185321 0.0145081000988 0.0238846980143 0.0196799079371 0.0122341848029 -4.51348273161e-05 0.0190151660083 0.0269508410803 -0.00152325083709 0.125236510957 0.0246979137859 -0.00442108106151 0.0179378085968 0.0109650440314 0.0116096388704 0.0133840082523 0.00289735041938 0.0178816448144 0.0130473892313 
0.0341878264098 0.0156895167903 0.033821497659 -0.000267025419954 0.0235250153518 0.0414016376802 0.0547321306078 -0.00636818710114 0.0270222713164 0.0156512856908 0.0309182668377 0.0503384022697 0.00628199148915 0.0221667747341 -0.00727891626956 0.0139794487635 -0.0482168150151 0.05855224059 0.0341484252776 0.00120271584301 0.0131710838686 0.0216538983273 0.0321378975898 0.0167046112008 0.0250420638264 -0.0136620786716 0.00900092962094 0.00727306401546 -0.00573099624585 0.0113729193451 0.0320393769247 0.0241582310915 0.0166481440439 0.0105952477564 0.0349543932035 0.02428671323 0.00917596643022 0.0127675067603 0.0439562852555 -0.00840774100458 0.0246979137859 0.323528396915 -0.020359664092 0.0189294479925 0.0533483862572 0.0298325709624 0.0494202058048 0.0145269253672 0.0201220689575 0.028821171097 
0.00087474976381 0.0112649214341 0.0261863884899 0.0144982349276 0.0213801398253 -0.00110641186206 0.0228125171451 0.0128881201988 0.00544646831887 0.00938386854547 -0.00702624661902 0.00934109711879 0.00486818543018 0.0029418048713 -0.00940958342805 0.00892353934538 0.0262576165661 0.024736746234 0.00388710520827 -0.0133809577889 -0.00493896013942 -0.00904482802574 -0.0105353363998 0.0176746594637 0.00686143351372 0.0259240012071 0.0156152877325 0.00811308907615 0.0236296524219 0.00310807435313 0.0167780417229 0.00235331523825 0.000283801762398 -0.00632548983877 0.0147532306119 0.0207206356687 0.0191350413819 -0.0118546052855 -0.00244995671664 0.00484238150106 -0.00442108106151 -0.020359664092 0.328460201553 -0.0098609332121 0.0112164622589 -0.000913571323422 0.0140559690255 -0.0157273694011 0.0168424957264 -0.0138911458755 
0.00466050666048 0.0165925305657 0.00235055731582 -0.0106908936379 0.0081708780206 0.017205640311 -0.0113721125662 0.0128470483515 0.00749704613365 -0.00294517031243 0.0394016832435 0.0027253705858 0.0045252645192 0.0112118952879 0.0489583436057 0.0129712678985 0.0964230416998 0.0593609615639 0.0313659616582 0.046442957258 0.0188762487735 -0.0128188271085 0.0105487184128 0.0300688910275 0.00661682618003 0.0261114300457 0.0270462471017 -0.00243816265274 0.00669618305579 0.0182175153043 0.000407710496975 -0.00692966555784 -0.00979075243705 -0.00324031239699 -0.000411349425971 0.0239311561481 0.0241567559824 0.0176721163092 0.025498106573 0.00372160987581 0.0179378085968 0.0189294479925 -0.0098609332121 0.47690895807 0.00375382926977 -0.00620484101323 0.0520293338156 -0.000277512917795 0.00567134206088 -0.0302859370437 
0.0272956635526 0.00674668958325 0.0138626462923 0.0100169609337 0.00291100977255 0.0261383434515 -0.00222869592359 0.0240074545514 0.020909210037 0.0584611230799 0.0132839268482 0.0157456287171 0.0243801692964 0.01846773703 0.00749928778707 0.0103214849908 0.00668270242373 0.020818175441 0.0368306907302 -0.00319356158558 0.00997949381475 -0.00788316037981 0.0016118150918 0.0341422045534 0.0334891166171 0.0285648011328 0.00783340270368 0.00369541871994 0.0179915248118 0.0137212943228 0.00448135917188 0.0438829705642 0.0307773087161 0.0278095915985 0.0115738293226 0.0154911222897 0.0280830205573 -0.00292475819704 0.00940061608854 0.0254885053026 0.0109650440314 0.0533483862572 0.0112164622589 0.00375382926977 0.256190297556 0.0424369023923 0.0477484400148 0.0276461200574 0.0313372074648 0.034435343209 
0.00489092984841 0.002759849175 0.0163703245115 -0.00121899081235 0.0167843134783 0.00604641529943 0.0217091647828 0.01187116629 0.00632287693459 0.00858422733271 -0.00244695219233 0.0173999541551 0.0251381425237 0.0104968573985 0.0014255102998 -0.00950848191679 -0.0156007889934 0.00469837545648 0.00841424734519 -0.00316635696598 0.022376479702 -0.0100000489842 0.00635722224871 0.0349217520834 0.031870430524 0.00994326495766 0.002093540645 -0.00305190733901 0.00988052197558 -0.00377758876853 0.0148154323001 0.0222901649337 0.0127993398239 0.0103032837638 0.016924578805 -0.00317547361351 0.0343943433001 0.00817346507773 0.0267092587808 0.0426954798063 0.0116096388704 0.0298325709624 -0.000913571323422 -0.00620484101323 0.0424369023923 0.206105483486 0.0471290221575 0.00529397367805 -0.0140654798359 0.0649607170598 
0.0321242018434 0.0424812318566 0.00990094799141 -0.0146496669795 -0.000798334543535 0.0400136536962 0.0172148406742 0.0457284249786 0.00902462700932 0.027401292031 0.0121936768108 0.0286946713301 0.0411835677707 0.0572852258457 0.00110769949513 0.0195136290376 -0.016740415494 0.08419436068 0.0116108948763 0.0109273053283 -0.00325432216758 0.022767242597 0.035449491283 0.0173044097235 0.0628680074116 0.0327738678973 0.0547591673178 0.0108933361081 0.0219094265511 0.014183441246 0.00521568705158 0.0249245961432 0.0380753829116 0.0196539655353 0.0257413681209 0.0192347934494 0.106756925339 0.0185770725928 0.0289916749707 0.100579736082 0.0133840082523 0.0494202058048 0.0140559690255 0.0520293338156 0.0477484400148 0.0471290221575 0.621918839074 0.0528132950075 0.0514056581167 0.00872513002388 
